0.0000000000e+00 1.4970099961e+01 3.8459253728e-16 1.0000000000e+00 0.0000000000e+00
1.0000000000e-02 1.4970097962e+01 2.0236841240e-15 1.0000026907e+00 3.0000037856e-04
2.0000000000e-02 1.4970097950e+01 2.5900577566e-15 1.0000056958e+00 1.2000032648e-03
3.0000000000e-02 1.4970097929e+01 2.6737711109e-15 1.0000088452e+00 2.7000114310e-03
4.0000000000e-02 1.4970097898e+01 2.4924445086e-15 1.0000121026e+00 4.8000278008e-03
5.0000000000e-02 1.4970097857e+01 2.8310687128e-15 1.0000154323e+00 7.5000553951e-03
6.0000000000e-02 1.4970097806e+01 3.2784493032e-15 1.0000187993e+00 1.0800097279e-02
7.0000000000e-02 1.4970097746e+01 5.2992074250e-15 1.0000221694e+00 1.4700156511e-02
8.0000000000e-02 1.4970097675e+01 4.4133983602e-15 1.0000255093e+00 1.9200236093e-02
9.0000000000e-02 1.4970097594e+01 3.0303191210e-15 1.0000287868e+00 2.4300338921e-02
1.0000000000e-01 1.4970097503e+01 4.5883249022e-15 1.0000319706e+00 3.0000467739e-02
1.1000000000e-01 1.4970097403e+01 5.3888720595e-15 1.0000350308e+00 3.6300625100e-02
1.2000000000e-01 1.4970097294e+01 5.9300876925e-15 1.0000379385e+00 4.3200813315e-02
1.3000000000e-01 1.4970097177e+01 6.0527522479e-15 1.0000406664e+00 5.0701034425e-02
1.4000000000e-01 1.4970097051e+01 5.6873876782e-15 1.0000431887e+00 5.8801290154e-02
1.5000000000e-01 1.4970096919e+01 3.8007914080e-15 1.0000454810e+00 6.7501581886e-02
1.6000000000e-01 1.4970096780e+01 3.1869396221e-15 1.0000475206e+00 7.6801910628e-02
1.7000000000e-01 1.4970096635e+01 3.4967619351e-15 1.0000492868e+00 8.6702276986e-02
1.8000000000e-01 1.4970096485e+01 2.5219419201e-15 1.0000507604e+00 9.7202681142e-02
1.9000000000e-01 1.4970096331e+01 4.6711899874e-15 1.0000519244e+00 1.0830312284e-01
2.0000000000e-01 1.4970096174e+01 4.2421562206e-15 1.0000527637e+00 1.2000360135e-01
2.1000000000e-01 1.4970096015e+01 4.6207823727e-15 1.0000532654e+00 1.3230411549e-01
2.2000000000e-01 1.4970095854e+01 4.6234491063e-15 1.0000534185e+00 1.4520466359e-01
2.3000000000e-01 1.4970095694e+01 5.1118506908e-15 1.0000532144e+00 1.5870524351e-01
2.4000000000e-01 1.4970095535e+01 4.6257812372e-15 1.0000526468e+00 1.7280585263e-01
2.5000000000e-01 1.4970095378e+01 5.2650797950e-15 1.0000517115e+00 1.8750648784e-01
2.6000000000e-01 1.4970095225e+01 5.6359539908e-15 1.0000504068e+00 2.0280714559e-01
2.7000000000e-01 1.4970095075e+01 4.8862427626e-15 1.0000487331e+00 2.1870782187e-01
2.8000000000e-01 1.4970094931e+01 5.3891579640e-15 1.0000466933e+00 2.3520851225e-01
2.9000000000e-01 1.4970094794e+01 6.5250991155e-15 1.0000442927e+00 2.5230921187e-01
3.0000000000e-01 1.4970094665e+01 6.9413359648e-15 1.0000415388e+00 2.7000991553e-01
3.1000000000e-01 1.4970094544e+01 7.7016596133e-15 1.0000384414e+00 2.8831061764e-01
3.2000000000e-01 1.4970094433e+01 9.4115551320e-15 1.0000350128e+00 3.0721131232e-01
3.3000000000e-01 1.4970094332e+01 1.1901673676e-14 1.0000312672e+00 3.2671199342e-01
3.4000000000e-01 1.4970094244e+01 1.0804158623e-14 1.0000272213e+00 3.4681265454e-01
3.5000000000e-01 1.4970094167e+01 1.0105469280e-14 1.0000228939e+00 3.6751328911e-01
3.6000000000e-01 1.4970094104e+01 7.9262459923e-15 1.0000183059e+00 3.8881389042e-01
3.7000000000e-01 1.4970094056e+01 9.5118645152e-15 1.0000134801e+00 4.1071445168e-01
3.8000000000e-01 1.4970094021e+01 9.6941289873e-15 1.0000084416e+00 4.3321496606e-01
3.9000000000e-01 1.4970094003e+01 1.0462195376e-14 1.0000032172e+00 4.5631542678e-01
4.0000000000e-01 1.4970094000e+01 9.7119134813e-15 9.9999783570e-01 4.8001582714e-01
4.1000000000e-01 1.4970094013e+01 8.5956288684e-15 9.9999232759e-01 5.0431616062e-01
4.2000000000e-01 1.4970094043e+01 7.7945247228e-15 9.9998672522e-01 5.2921642089e-01
4.3000000000e-01 1.4970094091e+01 9.0551262732e-15 9.9998106262e-01 5.5471660195e-01
4.4000000000e-01 1.4970094155e+01 9.9983273262e-15 9.9997537542e-01 5.8081669815e-01
4.5000000000e-01 1.4970094236e+01 1.0719403095e-14 9.9996970090e-01 6.0751670429e-01
4.6000000000e-01 1.4970094334e+01 1.2627292286e-14 9.9996407787e-01 6.3481661567e-01
4.7000000000e-01 1.4970094449e+01 1.3112387253e-14 9.9995854664e-01 6.6271642820e-01
4.8000000000e-01 1.4970094580e+01 1.4651684385e-14 9.9995314906e-01 6.9121613846e-01
4.9000000000e-01 1.4970094728e+01 1.5267181373e-14 9.9994792842e-01 7.2031574381e-01
5.0000000000e-01 1.4970094891e+01 1.3380375467e-14 9.9994292951e-01 7.5001524244e-01
5.1000000000e-01 1.4970095068e+01 1.3282021737e-14 9.9993819860e-01 7.8031463346e-01
5.2000000000e-01 1.4970095260e+01 1.2353070988e-14 9.9993378343e-01 8.1121391705e-01
5.3000000000e-01 1.4970095464e+01 1.5300146196e-14 9.9992973332e-01 8.4271309447e-01
5.4000000000e-01 1.4970095680e+01 1.7694827073e-14 9.9992609912e-01 8.7481216821e-01
5.5000000000e-01 1.4970095906e+01 1.8975478411e-14 9.9992293335e-01 9.0751114211e-01
5.6000000000e-01 1.4970096141e+01 2.0111361434e-14 9.9992029023e-01 9.4081002139e-01
5.7000000000e-01 1.4970096384e+01 1.9166787532e-14 9.9991822581e-01 9.7470881285e-01
5.8000000000e-01 1.4970096632e+01 2.1237568224e-14 9.9991679806e-01 1.0092075249e+00
5.9000000000e-01 1.4970096883e+01 2.0865400500e-14 9.9991606699e-01 1.0443061678e+00
6.0000000000e-01 1.4970097136e+01 2.0177978955e-14 9.9991609485e-01 1.0800047536e+00
6.1000000000e-01 1.4970097388e+01 2.2450949659e-14 9.9991694624e-01 1.1163032964e+00
6.2000000000e-01 1.4970097636e+01 2.1842985550e-14 9.9991868837e-01 1.1532018126e+00
6.3000000000e-01 1.4970097878e+01 2.0458250512e-14 9.9992139123e-01 1.1907003208e+00
6.4000000000e-01 1.4970098110e+01 2.0880532633e-14 9.9992512786e-01 1.2287988420e+00
6.5000000000e-01 1.4970098330e+01 2.0458928306e-14 9.9992997462e-01 1.2674974002e+00
6.6000000000e-01 1.4970098534e+01 2.1526377020e-14 9.9993601148e-01 1.3067960218e+00
6.7000000000e-01 1.4970098775e+01 2.1633757543e-14 9.9994335643e-01 1.3466947367e+00
6.8000000000e-01 1.4970099075e+01 2.0552324367e-14 9.9995225720e-01 1.3871935800e+00
6.9000000000e-01 1.4970099207e+01 2.0495871730e-14 9.9996266882e-01 1.4282925912e+00
7.0000000000e-01 1.4970099306e+01 2.1863854604e-14 9.9997463960e-01 1.4699918110e+00
7.1000000000e-01 1.4970099368e+01 2.0921739765e-14 9.9998827336e-01 1.5122912835e+00
7.2000000000e-01 1.4970099387e+01 1.9767036920e-14 1.0000036800e+00 1.5551910573e+00
7.3000000000e-01 1.4970099357e+01 2.1012932239e-14 1.0000209763e+00 1.5986911856e+00
7.4000000000e-01 1.4970099273e+01 2.0472705237e-14 1.0000402860e+00 1.6427917262e+00
7.5000000000e-01 1.4970099128e+01 1.8757184323e-14 1.0000617411e+00 1.6874927423e+00
7.6000000000e-01 1.4970098917e+01 1.8296209341e-14 1.0000854822e+00 1.7327943026e+00
7.7000000000e-01 1.4970098632e+01 1.7134881621e-14 1.0001116592e+00 1.7786964818e+00
7.8000000000e-01 1.4970098265e+01 1.7232792953e-14 1.0001404326e+00 1.8251993611e+00
7.9000000000e-01 1.4970097809e+01 1.7104642300e-14 1.0001719738e+00 1.8723030285e+00
8.0000000000e-01 1.4970097255e+01 1.6685233751e-14 1.0002064667e+00 1.9200075796e+00
8.1000000000e-01 1.4970096594e+01 1.4817318657e-14 1.0002441083e+00 1.9683131178e+00
8.2000000000e-01 1.4970095816e+01 1.5277572462e-14 1.0002851102e+00 2.0172197554e+00
8.3000000000e-01 1.4970094729e+01 1.7622932761e-14 1.0003297323e+00 2.0667276139e+00
8.4000000000e-01 1.4970093685e+01 1.6528532670e-14 1.0003788056e+00 2.1168368337e+00
8.5000000000e-01 1.4970092489e+01 1.5200834550e-14 1.0004319670e+00 2.1675475650e+00
8.6000000000e-01 1.4970091129e+01 1.4943123502e-14 1.0004894998e+00 2.2188599622e+00
8.7000000000e-01 1.4970089591e+01 1.5736309924e-14 1.0005517094e+00 2.2707741924e+00
8.8000000000e-01 1.4970087861e+01 1.7022293360e-14 1.0006189248e+00 2.3232904365e+00
8.9000000000e-01 1.4970085923e+01 1.7162554193e-14 1.0006915006e+00 2.3764088899e+00
9.0000000000e-01 1.4970083761e+01 1.6498022478e-14 1.0007698193e+00 2.4301297644e+00
9.1000000000e-01 1.4970081357e+01 1.6333867372e-14 1.0008542934e+00 2.4844532887e+00
9.2000000000e-01 1.4970078693e+01 1.3907509957e-14 1.0009453681e+00 2.5393797104e+00
9.3000000000e-01 1.4970075747e+01 1.2819590995e-14 1.0010435238e+00 2.5949092974e+00
9.4000000000e-01 1.4970072498e+01 1.3227155368e-14 1.0011492789e+00 2.6510423394e+00
9.5000000000e-01 1.4970068923e+01 1.3250315288e-14 1.0012631930e+00 2.7077791501e+00
9.6000000000e-01 1.4970064996e+01 1.2734214535e-14 1.0013858697e+00 2.7651200688e+00
9.7000000000e-01 1.4970060691e+01 1.0454976766e-14 1.0015179605e+00 2.8230654624e+00
9.8000000000e-01 1.4970055979e+01 1.1435297154e-14 1.0016601680e+00 2.8816157282e+00
9.9000000000e-01 1.4970050827e+01 1.1038905718e-14 1.0018132502e+00 2.9407712962e+00
1.0000000000e+00 1.4970045203e+01 9.9748765987e-15 1.0019780239e+00 3.0005326313e+00
1.0100000000e+00 1.4970039071e+01 1.0400751565e-14 1.0021553693e+00 3.0609002369e+00
1.0200000000e+00 1.4970032392e+01 9.6059958097e-15 1.0023462344e+00 3.1218746573e+00
1.0300000000e+00 1.4970025123e+01 1.1372607907e-14 1.0025516392e+00 3.1834564814e+00
1.0400000000e+00 1.4970017221e+01 1.0757281977e-14 1.0027726810e+00 3.2456463460e+00
1.0500000000e+00 1.4970008637e+01 9.5194745909e-15 1.0030105386e+00 3.3084449399e+00
1.0600000000e+00 1.4969999319e+01 1.1303711613e-14 1.0032664776e+00 3.3718530071e+00
1.0700000000e+00 1.4969989212e+01 1.2058064753e-14 1.0035418551e+00 3.4358713521e+00
1.0800000000e+00 1.4969978255e+01 1.1660116986e-14 1.0038381248e+00 3.5005008432e+00
1.0900000000e+00 1.4969966383e+01 1.3964116693e-14 1.0041568418e+00 3.5657424179e+00
1.1000000000e+00 1.4969953497e+01 1.6882692493e-14 1.0044996939e+00 3.6315970877e+00
1.1100000000e+00 1.4969939393e+01 1.5857156540e-14 1.0048687055e+00 3.6980659462e+00
1.1200000000e+00 1.4969924340e+01 1.5182173008e-14 1.0052657827e+00 3.7651501818e+00
1.1300000000e+00 1.4969908063e+01 1.4999519838e-14 1.0056926270e+00 3.8328510612e+00
1.1400000000e+00 1.4969890469e+01 1.6002623890e-14 1.0061513627e+00 3.9011699434e+00
1.1500000000e+00 1.4969871459e+01 1.7462647098e-14 1.0066442368e+00 3.9701082874e+00
1.1600000000e+00 1.4969850929e+01 1.8547371362e-14 1.0071736194e+00 4.0396676575e+00
1.1700000000e+00 1.4969828765e+01 1.8989682496e-14 1.0077420036e+00 4.1098497287e+00
1.1800000000e+00 1.4969804848e+01 1.9340279473e-14 1.0083520035e+00 4.1806562917e+00
1.1900000000e+00 1.4969779049e+01 2.0473382551e-14 1.0090063497e+00 4.2520892565e+00
1.2000000000e+00 1.4969751231e+01 1.9209184520e-14 1.0097078838e+00 4.3241506574e+00
1.2100000000e+00 1.4969721250e+01 1.9383568802e-14 1.0104595491e+00 4.3968426551e+00
1.2200000000e+00 1.4969688951e+01 1.9276442093e-14 1.0112643790e+00 4.4701675394e+00
1.2300000000e+00 1.4969654171e+01 1.8526093045e-14 1.0121254815e+00 4.5441277296e+00
1.2400000000e+00 1.4969616735e+01 1.7390501705e-14 1.0130460194e+00 4.6187257744e+00
1.2500000000e+00 1.4969576463e+01 1.7989724466e-14 1.0140291865e+00 4.6939643486e+00
1.2600000000e+00 1.4969533161e+01 1.9096158760e-14 1.0150781769e+00 4.7698462492e+00
1.2700000000e+00 1.4969486627e+01 1.8645137172e-14 1.0161961494e+00 4.8463743876e+00
1.2800000000e+00 1.4969436649e+01 1.8337258310e-14 1.0173861834e+00 4.9235517796e+00
1.2900000000e+00 1.4969383008e+01 2.0816607697e-14 1.0186512265e+00 5.0013815313e+00
1.3000000000e+00 1.4969325474e+01 2.0917688996e-14 1.0199940326e+00 5.0798668219e+00
1.3100000000e+00 1.4969263808e+01 2.0269401081e-14 1.0214170873e+00 5.1590108813e+00
1.3200000000e+00 1.4969197766e+01 2.1134007317e-14 1.0229225205e+00 5.2388169631e+00
1.3300000000e+00 1.4969127097e+01 2.2054140957e-14 1.0245120032e+00 5.3192883126e+00
1.3400000000e+00 1.4969051545e+01 2.3328425086e-14 1.0261866250e+00 5.4004281281e+00
1.3500000000e+00 1.4968970853e+01 2.4441302061e-14 1.0279467507e+00 5.4822395167e+00
1.3600000000e+00 1.4968884761e+01 2.6458969661e-14 1.0297918518e+00 5.5647254433e+00
1.3700000000e+00 1.4968793021e+01 2.6876571027e-14 1.0317203748e+00 5.6478886745e+00
1.3800000000e+00 1.4968695368e+01 2.5757413442e-14 1.0337293283e+00 5.7317317139e+00
1.3900000000e+00 1.4968591569e+01 2.5986808936e-14 1.0358141814e+00 5.8162567300e+00
1.4000000000e+00 1.4968481348e+01 2.6674942109e-14 1.0379685944e+00 5.9014654833e+00
1.4100000000e+00 1.4968364608e+01 2.7181708462e-14 1.0401839088e+00 5.9873592484e+00
1.4200000000e+00 1.4968241133e+01 2.6939099000e-14 1.0424489183e+00 6.0739387302e+00
1.4300000000e+00 1.4968110765e+01 2.7845635127e-14 1.0447494697e+00 6.1612039885e+00
1.4400000000e+00 1.4967973420e+01 2.8271312136e-14 1.0470680512e+00 6.2491543637e+00
1.4500000000e+00 1.4967829080e+01 2.8737892991e-14 1.0493834706e+00 6.3377884166e+00
1.4600000000e+00 1.4967677780e+01 3.0001967040e-14 1.0516706023e+00 6.4271038853e+00
1.4700000000e+00 1.4967519644e+01 3.0017112872e-14 1.0539003607e+00 6.5170976709e+00
1.4800000000e+00 1.4967354892e+01 3.0052047492e-14 1.0560399168e+00 6.6077658622e+00
1.4900000000e+00 1.4967183856e+01 2.8661176656e-14 1.0580533634e+00 6.6991038095e+00
1.5000000000e+00 1.4967006983e+01 2.7956079329e-14 1.0599029714e+00 6.7911062612e+00
1.5100000000e+00 1.4966824838e+01 2.7549866141e-14 1.0615518454e+00 6.8837675820e+00
1.5200000000e+00 1.4966638125e+01 2.7315999135e-14 1.0629650500e+00 6.9770820460e+00
1.5300000000e+00 1.4966447629e+01 2.7215697082e-14 1.0641145934e+00 7.0710441625e+00
1.5400000000e+00 1.4966254211e+01 2.8458981546e-14 1.0649837406e+00 7.1656491252e+00
1.5500000000e+00 1.4966058758e+01 2.8664616909e-14 1.0655711851e+00 7.2608932715e+00
1.5600000000e+00 1.4965862112e+01 2.9764797696e-14 1.0658946277e+00 7.3567745192e+00
1.5700000000e+00 1.4965664998e+01 2.7563564518e-14 1.0659923701e+00 7.4532927100e+00
1.5800000000e+00 1.4965467959e+01 2.6533401215e-14 1.0659216999e+00 7.5504497719e+00
1.5900000000e+00 1.4965271301e+01 2.7079031460e-14 1.0657532320e+00 7.6482496194e+00
1.6000000000e+00 1.4965075082e+01 2.5571367116e-14 1.0655612947e+00 7.7466977281e+00
1.6100000000e+00 1.4964879145e+01 2.7498590536e-14 1.0654117407e+00 7.8458003753e+00
1.6200000000e+00 1.4964683199e+01 2.6102521507e-14 1.0653497907e+00 7.9455636017e+00
1.6300000000e+00 1.4964486915e+01 2.5587268885e-14 1.0653910638e+00 8.0459920228e+00
1.6400000000e+00 1.4964290038e+01 2.6079845430e-14 1.0655183782e+00 8.1470876668e+00
1.6500000000e+00 1.4964092458e+01 2.4755297319e-14 1.0656852959e+00 8.2488490285e+00
1.6600000000e+00 1.4963894300e+01 2.4195985726e-14 1.0658254501e+00 8.3512704958e+00
1.6700000000e+00 1.4963695866e+01 2.2119435030e-14 1.0658643739e+00 8.4543422172e+00
1.6800000000e+00 1.4963497661e+01 2.2427673000e-14 1.0657320426e+00 8.5580504157e+00
1.6900000000e+00 1.4963300340e+01 2.1252870347e-14 1.0653721735e+00 8.6623780733e+00
1.7000000000e+00 1.4963104653e+01 2.0506393303e-14 1.0647476549e+00 8.7673058482e+00
1.7100000000e+00 1.4962911407e+01 2.0247497418e-14 1.0638419374e+00 8.8728130879e+00
1.7200000000e+00 1.4962721406e+01 1.8214425998e-14 1.0626573583e+00 8.9788788189e+00
1.7300000000e+00 1.4962535420e+01 1.9768206062e-14 1.0612114672e+00 9.0854826227e+00
1.7400000000e+00 1.4962354152e+01 2.1780753588e-14 1.0595326199e+00 9.1926053439e+00
1.7500000000e+00 1.4962178217e+01 2.3828448596e-14 1.0576556874e+00 9.3002296126e+00
1.7600000000e+00 1.4962008129e+01 2.4065028434e-14 1.0556183983e+00 9.4083401869e+00
1.7700000000e+00 1.4961844299e+01 2.5363676157e-14 1.0534585248e+00 9.5169241365e+00
1.7800000000e+00 1.4961687034e+01 2.6013357055e-14 1.0512119213e+00 9.6259708952e+00
1.7900000000e+00 1.4961536543e+01 2.6483880991e-14 1.0489113023e+00 9.7354722140e+00
1.8000000000e+00 1.4961392868e+01 2.6065958413e-14 1.0465857248e+00 9.8454220451e+00
1.8100000000e+00 1.4961256212e+01 2.5131290501e-14 1.0442600495e+00 9.9558163758e+00
1.8200000000e+00 1.4961126470e+01 2.5100433738e-14 1.0419552591e+00 1.0066653019e+01
1.8300000000e+00 1.4961003559e+01 2.2205084984e-14 1.0396887035e+00 1.0177931413e+01
1.8400000000e+00 1.4960887352e+01 2.2227832265e-14 1.0374744012e+00 1.0289652408e+01
1.8500000000e+00 1.4960777681e+01 2.2888103260e-14 1.0353234206e+00 1.0401818062e+01
1.8600000000e+00 1.4960674348e+01 2.2262186442e-14 1.0332442637e+00 1.0514431446e+01
1.8700000000e+00 1.4960577134e+01 2.2718714326e-14 1.0312432314e+00 1.0627496463e+01
1.8800000000e+00 1.4960485706e+01 2.1168972093e-14 1.0293249122e+00 1.0741017686e+01
1.8900000000e+00 1.4960400007e+01 1.9819968728e-14 1.0274923930e+00 1.0855000229e+01
1.9000000000e+00 1.4960319685e+01 1.8947526199e-14 1.0257468583e+00 1.0969449583e+01
1.9100000000e+00 1.4960244480e+01 1.9782619801e-14 1.0240887901e+00 1.1084371506e+01
1.9200000000e+00 1.4960174133e+01 2.0084913378e-14 1.0225177875e+00 1.1199771932e+01
1.9300000000e+00 1.4960108385e+01 2.1305003386e-14 1.0210327345e+00 1.1315656888e+01
1.9400000000e+00 1.4960046983e+01 2.1560348196e-14 1.0196319429e+00 1.1432032421e+01
1.9500000000e+00 1.4959989676e+01 2.1871393585e-14 1.0183132732e+00 1.1548904536e+01
1.9600000000e+00 1.4959936224e+01 2.1116430254e-14 1.0170742381e+00 1.1666279152e+01
1.9700000000e+00 1.4959886392e+01 2.3055245362e-14 1.0159120891e+00 1.1784162056e+01
1.9800000000e+00 1.4959839953e+01 2.2132804877e-14 1.0148238908e+00 1.1902558875e+01
1.9900000000e+00 1.4959796690e+01 2.2601970398e-14 1.0138065822e+00 1.2021475053e+01
2.0000000000e+00 1.4959756396e+01 2.0424558476e-14 1.0128570296e+00 1.2140915831e+01
2.0100000000e+00 1.4959718870e+01 2.0416032445e-14 1.0119720698e+00 1.2260886234e+01
2.0200000000e+00 1.4959683925e+01 2.1982696245e-14 1.0111485464e+00 1.2381391065e+01
2.0300000000e+00 1.4959651379e+01 2.1742308501e-14 1.0103833401e+00 1.2502434900e+01
2.0400000000e+00 1.4959621061e+01 1.8402344333e-14 1.0096733928e+00 1.2624022090e+01
2.0500000000e+00 1.4959592811e+01 1.7322681455e-14 1.0090157276e+00 1.2746156759e+01
2.0600000000e+00 1.4959566474e+01 1.9708256854e-14 1.0084074645e+00 1.2868842809e+01
2.0700000000e+00 1.4959541906e+01 1.8834648120e-14 1.0078458325e+00 1.2992083932e+01
2.0800000000e+00 1.4959518971e+01 1.8836202326e-14 1.0073281788e+00 1.3115883609e+01
2.0900000000e+00 1.4959497540e+01 1.9293938572e-14 1.0068519754e+00 1.3240245122e+01
2.1000000000e+00 1.4959477492e+01 2.0352238329e-14 1.0064148237e+00 1.3365171566e+01
2.1100000000e+00 1.4959458660e+01 2.0099636591e-14 1.0060146023e+00 1.3490665860e+01
2.1200000000e+00 1.4959441040e+01 2.1689166524e-14 1.0056490655e+00 1.3616730754e+01
2.1300000000e+00 1.4959424477e+01 2.2447655315e-14 1.0053161879e+00 1.3743368835e+01
2.1400000000e+00 1.4959408878e+01 2.3237633605e-14 1.0050141005e+00 1.3870582541e+01
2.1500000000e+00 1.4959394150e+01 2.4268533185e-14 1.0047410640e+00 1.3998374170e+01
2.1600000000e+00 1.4959380210e+01 2.4205153573e-14 1.0044954662e+00 1.4126745894e+01
2.1700000000e+00 1.4959366977e+01 2.5403069772e-14 1.0042758189e+00 1.4255699766e+01
2.1800000000e+00 1.4959354414e+01 2.5555395162e-14 1.0040807676e+00 1.4385237730e+01
2.1900000000e+00 1.4959342369e+01 2.4663199056e-14 1.0039091222e+00 1.4515361636e+01
2.2000000000e+00 1.4959330814e+01 2.4968481406e-14 1.0037596707e+00 1.4646073242e+01
2.2100000000e+00 1.4959319695e+01 2.5378797424e-14 1.0036313942e+00 1.4777374226e+01
2.2200000000e+00 1.4959308925e+01 2.7394626587e-14 1.0035233885e+00 1.4909266192e+01
2.2300000000e+00 1.4959298457e+01 2.5865099100e-14 1.0034348097e+00 1.5041750683e+01
2.2400000000e+00 1.4959288233e+01 2.5275075110e-14 1.0033649389e+00 1.5174829186e+01
2.2500000000e+00 1.4959278198e+01 2.6111787044e-14 1.0033131534e+00 1.5308503140e+01
2.2600000000e+00 1.4959268299e+01 2.5489714849e-14 1.0032789240e+00 1.5442773944e+01
2.2700000000e+00 1.4959258482e+01 2.5083179139e-14 1.0032618129e+00 1.5577642967e+01
2.2800000000e+00 1.4959248698e+01 2.6153765351e-14 1.0032614715e+00 1.5713111554e+01
2.2900000000e+00 1.4959238896e+01 2.5946223250e-14 1.0032776383e+00 1.5849181029e+01
2.3000000000e+00 1.4959229026e+01 2.6039463924e-14 1.0033101380e+00 1.5985852711e+01
2.3100000000e+00 1.4959219041e+01 2.6276483570e-14 1.0033588803e+00 1.6123127912e+01
2.3200000000e+00 1.4959208891e+01 2.4894817335e-14 1.0034238593e+00 1.6261007951e+01
2.3300000000e+00 1.4959198528e+01 2.3067271328e-14 1.0035051534e+00 1.6399494155e+01
2.3400000000e+00 1.4959187902e+01 2.5477139038e-14 1.0036029258e+00 1.6538587872e+01
2.3500000000e+00 1.4959177072e+01 2.5617058097e-14 1.0037175422e+00 1.6678290475e+01
2.3600000000e+00 1.4959165770e+01 2.4141926673e-14 1.0038494321e+00 1.6818603386e+01
2.3700000000e+00 1.4959154053e+01 2.4836324317e-14 1.0039987983e+00 1.6959528054e+01
2.3800000000e+00 1.4959141867e+01 2.4447668124e-14 1.0041661555e+00 1.7101065971e+01
2.3900000000e+00 1.4959129161e+01 2.4425158864e-14 1.0043521643e+00 1.7243218684e+01
2.4000000000e+00 1.4959115675e+01 2.3161990434e-14 1.0045576000e+00 1.7385987810e+01
2.4100000000e+00 1.4959101747e+01 2.1686893205e-14 1.0047834612e+00 1.7529375057e+01
2.4200000000e+00 1.4959087118e+01 2.1602612231e-14 1.0050303485e+00 1.7673382201e+01
2.4300000000e+00 1.4959071723e+01 2.1645719101e-14 1.0052992840e+00 1.7818011095e+01
2.4400000000e+00 1.4959055415e+01 2.0557496432e-14 1.0055915169e+00 1.7963263695e+01
2.4500000000e+00 1.4959038283e+01 2.1277214995e-14 1.0059082166e+00 1.8109142068e+01
2.4600000000e+00 1.4959020171e+01 2.1210781103e-14 1.0062507569e+00 1.8255648397e+01
2.4700000000e+00 1.4959001002e+01 2.2297800597e-14 1.0066206712e+00 1.8402784997e+01
2.4800000000e+00 1.4958980690e+01 2.2345289775e-14 1.0070196421e+00 1.8550554328e+01
2.4900000000e+00 1.4958959169e+01 2.1615517678e-14 1.0074495313e+00 1.8698959005e+01
2.5000000000e+00 1.4958936316e+01 2.2354113841e-14 1.0079123968e+00 1.8848001817e+01
2.5100000000e+00 1.4958912018e+01 2.3243732757e-14 1.0084103930e+00 1.8997685736e+01
2.5200000000e+00 1.4958886183e+01 2.4708137505e-14 1.0089459046e+00 1.9148013931e+01
2.5300000000e+00 1.4958858698e+01 2.2618052459e-14 1.0095215481e+00 1.9298989788e+01
2.5400000000e+00 1.4958829395e+01 2.1881535403e-14 1.0101402853e+00 1.9450616930e+01
2.5500000000e+00 1.4958798227e+01 2.3085432013e-14 1.0108051320e+00 1.9602899233e+01
2.5600000000e+00 1.4958764964e+01 2.2352735310e-14 1.0115195017e+00 1.9755840837e+01
2.5700000000e+00 1.4958729543e+01 2.4486396055e-14 1.0122871231e+00 1.9909446183e+01
2.5800000000e+00 1.4958691755e+01 2.3788390477e-14 1.0131119288e+00 2.0063720017e+01
2.5900000000e+00 1.4958651424e+01 2.3643384708e-14 1.0139983042e+00 2.0218667421e+01
2.6000000000e+00 1.4958608345e+01 2.3981845294e-14 1.0149511063e+00 2.0374293838e+01
2.6100000000e+00 1.4958562342e+01 2.3506400018e-14 1.0159755677e+00 2.0530605107e+01
2.6200000000e+00 1.4958513180e+01 2.3288300793e-14 1.0170772990e+00 2.0687607473e+01
2.6300000000e+00 1.4958460620e+01 2.1557775414e-14 1.0182625278e+00 2.0845307623e+01
2.6400000000e+00 1.4958404404e+01 2.3567147952e-14 1.0195380574e+00 2.1003712719e+01
2.6500000000e+00 1.4958344252e+01 2.4312173219e-14 1.0209113179e+00 2.1162830423e+01
2.6600000000e+00 1.4958279731e+01 2.4148371659e-14 1.0223909030e+00 2.1322668947e+01
2.6700000000e+00 1.4958210772e+01 2.2519745879e-14 1.0239854329e+00 2.1483237091e+01
2.6800000000e+00 1.4958136890e+01 2.3940692376e-14 1.0257042579e+00 2.1644544221e+01
2.6900000000e+00 1.4958057698e+01 2.3367557410e-14 1.0275577856e+00 2.1806600319e+01
2.7000000000e+00 1.4957972778e+01 2.3826185394e-14 1.0295572184e+00 2.1969416013e+01
2.7100000000e+00 1.4957881680e+01 2.3032846985e-14 1.0317145105e+00 2.2133002589e+01
2.7200000000e+00 1.4957783904e+01 2.3862306304e-14 1.0340422166e+00 2.2297371995e+01
2.7300000000e+00 1.4957678920e+01 2.2811233518e-14 1.0365532508e+00 2.2462536816e+01
2.7400000000e+00 1.4957566153e+01 2.2624659144e-14 1.0392604312e+00 2.2628510233e+01
2.7500000000e+00 1.4957444985e+01 2.3976769302e-14 1.0421757125e+00 2.2795305922e+01
2.7600000000e+00 1.4957314754e+01 2.3354366652e-14 1.0453089451e+00 2.2962937900e+01
2.7700000000e+00 1.4957174730e+01 2.3496959538e-14 1.0486659459e+00 2.3131420266e+01
2.7800000000e+00 1.4957024247e+01 2.6438464248e-14 1.0522453285e+00 2.3300766801e+01
2.7900000000e+00 1.4956862533e+01 2.7114058002e-14 1.0560337631e+00 2.3470990349e+01
2.8000000000e+00 1.4956688865e+01 2.7675134412e-14 1.0599987633e+00 2.3642101899e+01
2.8100000000e+00 1.4956502590e+01 2.7408402551e-14 1.0640776873e+00 2.3814109207e+01
2.8200000000e+00 1.4956303207e+01 2.8241212944e-14 1.0681614979e+00 2.3987014765e+01
2.8300000000e+00 1.4956090519e+01 2.9738230925e-14 1.0720713696e+00 2.4160812816e+01
2.8400000000e+00 1.4955864838e+01 2.9321292752e-14 1.0755265010e+00 2.4335485023e+01
2.8500000000e+00 1.4955627434e+01 2.9980338888e-14 1.0781034421e+00 2.4510994270e+01
2.8600000000e+00 1.4955381181e+01 3.0860405924e-14 1.0791933758e+00 2.4687276026e+01
2.8700000000e+00 1.4955131653e+01 3.0715479238e-14 1.0779785350e+00 2.4864226801e+01
2.8800000000e+00 1.4954888729e+01 3.0312341798e-14 1.0734785224e+00 2.5041689853e+01
2.8900000000e+00 1.4954668319e+01 3.0065169538e-14 1.0647612775e+00 2.5219439969e+01
2.9000000000e+00 1.4954492253e+01 2.9976844041e-14 1.0514401470e+00 2.5397172586e+01
2.9100000000e+00 1.4954382720e+01 3.0627318745e-14 1.0344810351e+00 2.5574507697e+01
2.9200000000e+00 1.4954347105e+01 3.1699540720e-14 1.0169587001e+00 2.5751023341e+01
2.9300000000e+00 1.4954361207e+01 3.0929825168e-14 1.0038251908e+00 2.5926328917e+01
2.9400000000e+00 1.4954373939e+01 3.2179283384e-14 9.9986392719e-01 2.6100166452e+01
2.9500000000e+00 1.4954341620e+01 3.3807703916e-14 1.0067366378e+00 2.6272495562e+01
2.9600000000e+00 1.4954254480e+01 3.3671254182e-14 1.0217955414e+00 2.6443509273e+01
2.9700000000e+00 1.4954125158e+01 3.3134205806e-14 1.0399362304e+00 2.6613567897e+01
2.9800000000e+00 1.4953965443e+01 3.3892910607e-14 1.0565439858e+00 2.6783092844e+01
2.9900000000e+00 1.4953780374e+01 3.5778175074e-14 1.0690906991e+00 2.6952476225e+01
3.0000000000e+00 1.4953573562e+01 3.5262866237e-14 1.0770214587e+00 2.7122033239e+01
3.0100000000e+00 1.4953350584e+01 3.6827664122e-14 1.0809194650e+00 2.7291992431e+01
3.0200000000e+00 1.4953118460e+01 3.6418065275e-14 1.0817613477e+00 2.7462506815e+01
3.0300000000e+00 1.4952883794e+01 3.7719531119e-14 1.0804985548e+00 2.7633671692e+01
3.0400000000e+00 1.4952652021e+01 3.8914900751e-14 1.0778979542e+00 2.7805541613e+01
3.0500000000e+00 1.4952426943e+01 4.0461537030e-14 1.0745193470e+00 2.7978143858e+01
3.0600000000e+00 1.4952210962e+01 3.9758387073e-14 1.0707470211e+00 2.8151488190e+01
3.0700000000e+00 1.4952005405e+01 4.0264377479e-14 1.0668332355e+00 2.8325573545e+01
3.0800000000e+00 1.4951810844e+01 3.9208952968e-14 1.0629371215e+00 2.8500392489e+01
3.0900000000e+00 1.4951627352e+01 4.0665697785e-14 1.0591546668e+00 2.8675934109e+01
3.1000000000e+00 1.4951454689e+01 4.1705132993e-14 1.0555402091e+00 2.8852185863e+01
3.1100000000e+00 1.4951292456e+01 4.1537811601e-14 1.0521212548e+00 2.9029134732e+01
3.1200000000e+00 1.4951140074e+01 4.2745749165e-14 1.0489083605e+00 2.9206767935e+01
3.1300000000e+00 1.4950997001e+01 4.0989074719e-14 1.0459016695e+00 2.9385073337e+01
3.1400000000e+00 1.4950862658e+01 3.9047823810e-14 1.0430952522e+00 2.9564039684e+01
3.1500000000e+00 1.4950736465e+01 3.9678670403e-14 1.0404798449e+00 2.9743656722e+01
3.1600000000e+00 1.4950617883e+01 4.1364794654e-14 1.0380445258e+00 2.9923915231e+01
3.1700000000e+00 1.4950506411e+01 4.0971451022e-14 1.0357778679e+00 3.0104807003e+01
3.1800000000e+00 1.4950401548e+01 3.9455270736e-14 1.0336684944e+00 3.0286324818e+01
3.1900000000e+00 1.4950302838e+01 4.0474938698e-14 1.0317055550e+00 3.0468462391e+01
3.2000000000e+00 1.4950209857e+01 3.9451062831e-14 1.0298788863e+00 3.0651214307e+01
3.2100000000e+00 1.4950122208e+01 4.0106566664e-14 1.0281790984e+00 3.0834575966e+01
3.2200000000e+00 1.4950039520e+01 3.9240534007e-14 1.0265975934e+00 3.1018543516e+01
3.2300000000e+00 1.4949961449e+01 4.1173270501e-14 1.0251265428e+00 3.1203113785e+01
3.2400000000e+00 1.4949887565e+01 4.2105162468e-14 1.0237599951e+00 3.1388284288e+01
3.2500000000e+00 1.4949817773e+01 4.0939125911e-14 1.0224904229e+00 3.1574053115e+01
3.2600000000e+00 1.4949751683e+01 3.9737930084e-14 1.0213119405e+00 3.1760418807e+01
3.2700000000e+00 1.4949689030e+01 4.1313463393e-14 1.0202192712e+00 3.1947380370e+01
3.2800000000e+00 1.4949629560e+01 4.1759524902e-14 1.0192076306e+00 3.2134937232e+01
3.2900000000e+00 1.4949573019e+01 4.1140055343e-14 1.0182727140e+00 3.2323089198e+01
3.3000000000e+00 1.4949519214e+01 4.0269131710e-14 1.0174105410e+00 3.2511836416e+01
3.3100000000e+00 1.4949467921e+01 3.7704465640e-14 1.0166175556e+00 3.2701179334e+01
3.3200000000e+00 1.4949419034e+01 3.8725145665e-14 1.0158904677e+00 3.2891118682e+01
3.3300000000e+00 1.4949372144e+01 3.7055522983e-14 1.0152264437e+00 3.3081655435e+01
3.3400000000e+00 1.4949327176e+01 3.6760800846e-14 1.0146224855e+00 3.3272790785e+01
3.3500000000e+00 1.4949283952e+01 3.5457723407e-14 1.0140760540e+00 3.3464526103e+01
3.3600000000e+00 1.4949242302e+01 3.6466907838e-14 1.0135848092e+00 3.3656862928e+01
3.3700000000e+00 1.4949202063e+01 3.7952783700e-14 1.0131465897e+00 3.3849802950e+01
3.3800000000e+00 1.4949163078e+01 3.6838843255e-14 1.0127593925e+00 3.4043347988e+01
3.3900000000e+00 1.4949125165e+01 3.6619903284e-14 1.0124213655e+00 3.4237499976e+01
3.4000000000e+00 1.4949088242e+01 3.6064576481e-14 1.0121308164e+00 3.4432260947e+01
3.4100000000e+00 1.4949052135e+01 3.7605107448e-14 1.0118860572e+00 3.4627633014e+01
3.4200000000e+00 1.4949016711e+01 3.7437415508e-14 1.0116855497e+00 3.4823618353e+01
3.4300000000e+00 1.4948981835e+01 3.5754277453e-14 1.0115278336e+00 3.5020219192e+01
3.4400000000e+00 1.4948947384e+01 3.6702065683e-14 1.0114115124e+00 3.5217437796e+01
3.4500000000e+00 1.4948913234e+01 3.7528535386e-14 1.0113352281e+00 3.5415276453e+01
3.4600000000e+00 1.4948879265e+01 3.8285152027e-14 1.0112976585e+00 3.5613737456e+01
3.4700000000e+00 1.4948845364e+01 3.8890147474e-14 1.0112974980e+00 3.5812823089e+01
3.4800000000e+00 1.4948811420e+01 4.1686998906e-14 1.0113334422e+00 3.6012535613e+01
3.4900000000e+00 1.4948777325e+01 4.4677338878e-14 1.0114041726e+00 3.6212877244e+01
3.5000000000e+00 1.4948742977e+01 4.4236815170e-14 1.0115083420e+00 3.6413850138e+01
3.5100000000e+00 1.4948708276e+01 4.5020330791e-14 1.0116445599e+00 3.6615456370e+01
3.5200000000e+00 1.4948673128e+01 4.6019924553e-14 1.0118113783e+00 3.6817697914e+01
3.5300000000e+00 1.4948637444e+01 4.5017464499e-14 1.0120072784e+00 3.7020576620e+01
3.5400000000e+00 1.4948601105e+01 4.4985580738e-14 1.0122306629e+00 3.7224094194e+01
3.5500000000e+00 1.4948564095e+01 4.5033000183e-14 1.0124799191e+00 3.7428252176e+01
3.5600000000e+00 1.4948526306e+01 4.5554366424e-14 1.0127531596e+00 3.7633051912e+01
3.5700000000e+00 1.4948487644e+01 4.6240897266e-14 1.0130485627e+00 3.7838494529e+01
3.5800000000e+00 1.4948448094e+01 4.6358965681e-14 1.0133640389e+00 3.8044580913e+01
3.5900000000e+00 1.4948407574e+01 4.6609215106e-14 1.0136974054e+00 3.8251311673e+01
3.6000000000e+00 1.4948366032e+01 4.9027763342e-14 1.0140463871e+00 3.8458687124e+01
3.6100000000e+00 1.4948323390e+01 4.7859240927e-14 1.0144086383e+00 3.8666707260e+01
3.6200000000e+00 1.4948279681e+01 4.6250625665e-14 1.0147816070e+00 3.8875371738e+01
3.6300000000e+00 1.4948234842e+01 4.6324912143e-14 1.0151626631e+00 3.9084679846e+01
3.6400000000e+00 1.4948188852e+01 4.6403479318e-14 1.0155490868e+00 3.9294630490e+01
3.6500000000e+00 1.4948141697e+01 4.6528313149e-14 1.0159380738e+00 3.9505222176e+01
3.6600000000e+00 1.4948093383e+01 4.5783240539e-14 1.0163267689e+00 3.9716453000e+01
3.6700000000e+00 1.4948043897e+01 4.7212584941e-14 1.0167122354e+00 3.9928320634e+01
3.6800000000e+00 1.4947993261e+01 4.8690210118e-14 1.0170915255e+00 4.0140822326e+01
3.6900000000e+00 1.4947941498e+01 4.8342149868e-14 1.0174616903e+00 4.0353954891e+01
3.7000000000e+00 1.4947888639e+01 4.9183381218e-14 1.0178198045e+00 4.0567714722e+01
3.7100000000e+00 1.4947834724e+01 5.1037062329e-14 1.0181629938e+00 4.0782097798e+01
3.7200000000e+00 1.4947779801e+01 5.1053067392e-14 1.0184884631e+00 4.0997099696e+01
3.7300000000e+00 1.4947723928e+01 5.1877242428e-14 1.0187935250e+00 4.1212715610e+01
3.7400000000e+00 1.4947667169e+01 5.2268310741e-14 1.0190756283e+00 4.1428940380e+01
3.7500000000e+00 1.4947609596e+01 5.2610047458e-14 1.0193323858e+00 4.1645768516e+01
3.7600000000e+00 1.4947551289e+01 5.2719354158e-14 1.0195616008e+00 4.1863194239e+01
3.7700000000e+00 1.4947492332e+01 5.2880373988e-14 1.0197612925e+00 4.2081211515e+01
3.7800000000e+00 1.4947432818e+01 5.1279325463e-14 1.0199297184e+00 4.2299814100e+01
3.7900000000e+00 1.4947372844e+01 5.1923264137e-14 1.0200654131e+00 4.2518995589e+01
3.8000000000e+00 1.4947312505e+01 5.2653087765e-14 1.0201672070e+00 4.2738749468e+01
3.8100000000e+00 1.4947251905e+01 5.2920334036e-14 1.0202341332e+00 4.2959069160e+01
3.8200000000e+00 1.4947191153e+01 5.4202538928e-14 1.0202655807e+00 4.3179948085e+01
3.8300000000e+00 1.4947130353e+01 5.4521333460e-14 1.0202612498e+00 4.3401379711e+01
3.8400000000e+00 1.4947069613e+01 5.3957645673e-14 1.0202211568e+00 4.3623357615e+01
3.8500000000e+00 1.4947009041e+01 5.2114328805e-14 1.0201456352e+00 4.3845875536e+01
3.8600000000e+00 1.4946948742e+01 5.1422026180e-14 1.0200353335e+00 4.4068927434e+01
3.8700000000e+00 1.4946888819e+01 5.1749732964e-14 1.0198912086e+00 4.4292507536e+01
3.8800000000e+00 1.4946829372e+01 5.3473837524e-14 1.0197145172e+00 4.4516610394e+01
3.8900000000e+00 1.4946770497e+01 5.3268987801e-14 1.0195068031e+00 4.4741230929e+01
3.9000000000e+00 1.4946712284e+01 5.2394558189e-14 1.0192698819e+00 4.4966364477e+01
3.9100000000e+00 1.4946654817e+01 5.3537109549e-14 1.0190058233e+00 4.5192006826e+01
3.9200000000e+00 1.4946598177e+01 5.2812034097e-14 1.0187169302e+00 4.5418154257e+01
3.9300000000e+00 1.4946542433e+01 5.0503922140e-14 1.0184057173e+00 4.5644803567e+01
3.9400000000e+00 1.4946487649e+01 5.1839814598e-14 1.0180748875e+00 4.5871952102e+01
3.9500000000e+00 1.4946433881e+01 5.2128015459e-14 1.0177273073e+00 4.6099597773e+01
3.9600000000e+00 1.4946381174e+01 5.1471381063e-14 1.0173659826e+00 4.6327739070e+01
3.9700000000e+00 1.4946329565e+01 5.2476575069e-14 1.0169940341e+00 4.6556375074e+01
3.9800000000e+00 1.4946279083e+01 5.2714677887e-14 1.0166146743e+00 4.6785505462e+01
3.9900000000e+00 1.4946229746e+01 5.2759085723e-14 1.0162311853e+00 4.7015130505e+01
4.0000000000e+00 1.4946181621e+01 5.1743487703e-14 1.0158471547e+00 4.7245251081e+01
4.0100000000e+00 1.4946134586e+01 5.0647415827e-14 1.0154657173e+00 4.7475868654e+01
4.0200000000e+00 1.4946088688e+01 5.0429436755e-14 1.0150902361e+00 4.7706985245e+01
4.0300000000e+00 1.4946043906e+01 5.2068512961e-14 1.0147241062e+00 4.7938603434e+01
4.0400000000e+00 1.4946000208e+01 5.0465010200e-14 1.0143707273e+00 4.8170726351e+01
4.0500000000e+00 1.4945957552e+01 5.1273804194e-14 1.0140335035e+00 4.8403357655e+01
4.0600000000e+00 1.4945915884e+01 5.2521880944e-14 1.0137158480e+00 4.8636501525e+01
4.0700000000e+00 1.4945875143e+01 5.4927891441e-14 1.0134211938e+00 4.8870162645e+01
4.0800000000e+00 1.4945835255e+01 5.6671856015e-14 1.0131530108e+00 4.9104346196e+01
4.0900000000e+00 1.4945796120e+01 5.6826502790e-14 1.0129149270e+00 4.9339057848e+01
4.1000000000e+00 1.4945757679e+01 5.6031076319e-14 1.0127106507e+00 4.9574303782e+01
4.1100000000e+00 1.4945719808e+01 5.5879143100e-14 1.0125437539e+00 4.9810090649e+01
4.1200000000e+00 1.4945682391e+01 5.5817787528e-14 1.0124181654e+00 5.0046425596e+01
4.1300000000e+00 1.4945645319e+01 5.4998532777e-14 1.0123380662e+00 5.0283316287e+01
4.1400000000e+00 1.4945608415e+01 5.6375673716e-14 1.0123079058e+00 5.0520770932e+01
4.1500000000e+00 1.4945571542e+01 5.5872904408e-14 1.0123325175e+00 5.0758798321e+01
4.1600000000e+00 1.4945534532e+01 5.5349712097e-14 1.0124172096e+00 5.0997407875e+01
4.1700000000e+00 1.4945497148e+01 5.4151184931e-14 1.0125678729e+00 5.1236609710e+01
4.1800000000e+00 1.4945459286e+01 5.4730229966e-14 1.0127912393e+00 5.1476414731e+01
4.1900000000e+00 1.4945420672e+01 5.2077892369e-14 1.0130945652e+00 5.1716834710e+01
4.2000000000e+00 1.4945381059e+01 5.0830788555e-14 1.0134862673e+00 5.1957882392e+01
4.2100000000e+00 1.4945340171e+01 5.0578457761e-14 1.0139759510e+00 5.2199571651e+01
4.2200000000e+00 1.4945297707e+01 5.1508156802e-14 1.0145746281e+00 5.2441917648e+01
4.2300000000e+00 1.4945253327e+01 5.1162643876e-14 1.0152949653e+00 5.2684937031e+01
4.2400000000e+00 1.4945206653e+01 4.9850404656e-14 1.0161515695e+00 5.2928648157e+01
4.2500000000e+00 1.4945157260e+01 5.0505211062e-14 1.0171613109e+00 5.3173071359e+01
4.2600000000e+00 1.4945104672e+01 4.9555083285e-14 1.0183436854e+00 5.3418229244e+01
4.2700000000e+00 1.4945048348e+01 5.0679834215e-14 1.0197212129e+00 5.3664147038e+01
4.2800000000e+00 1.4944987678e+01 5.2193952207e-14 1.0213198623e+00 5.3910852975e+01
4.2900000000e+00 1.4944921966e+01 5.1086856985e-14 1.0231694828e+00 5.4158378726e+01
4.3000000000e+00 1.4944850415e+01 5.2940761126e-14 1.0253041949e+00 5.4406759866e+01
4.3100000000e+00 1.4944772139e+01 5.2841550045e-14 1.0277626853e+00 5.4656036358e+01
4.3200000000e+00 1.4944686100e+01 5.4503138391e-14 1.0305881304e+00 5.4906253029e+01
4.3300000000e+00 1.4944591121e+01 5.5653327506e-14 1.0338277948e+00 5.5157459977e+01
4.3400000000e+00 1.4944485859e+01 5.6557881792e-14 1.0375315491e+00 5.5409712825e+01
4.3500000000e+00 1.4944368784e+01 5.7900552311e-14 1.0417487185e+00 5.5663072648e+01
4.3600000000e+00 1.4944238162e+01 5.8444991431e-14 1.0465219214e+00 5.5917605308e+01
4.3700000000e+00 1.4944092040e+01 5.7443742881e-14 1.0518756418e+00 5.6173379728e+01
4.3800000000e+00 1.4943928245e+01 6.0248423889e-14 1.0577956635e+00 5.6430464363e+01
4.3900000000e+00 1.4943744413e+01 6.1625278947e-14 1.0641928090e+00 5.6688920571e+01
4.4000000000e+00 1.4943538080e+01 6.0788645679e-14 1.0708401953e+00 5.6948790818e+01
4.4100000000e+00 1.4943306926e+01 6.0060089915e-14 1.0772674160e+00 5.7210078260e+01
4.4200000000e+00 1.4943049427e+01 6.2248597156e-14 1.0825899853e+00 5.7472712236e+01
4.4300000000e+00 1.4942766563e+01 6.2067431260e-14 1.0852589955e+00 5.7736491450e+01
4.4400000000e+00 1.4942466204e+01 6.3064289846e-14 1.0827704405e+00 5.8000994018e+01
4.4500000000e+00 1.4942173283e+01 6.2955519418e-14 1.0715683709e+00 5.8265445256e+01
4.4600000000e+00 1.4941947516e+01 6.2466011802e-14 1.0478536428e+00 5.8528551763e+01
4.4700000000e+00 1.4941891937e+01 6.1284719498e-14 1.0106240489e+00 5.8788368371e+01
4.4800000000e+00 1.4942088262e+01 6.0068401033e-14 9.6734807014e-01 5.9042379737e+01
4.4900000000e+00 1.4942431580e+01 6.0106459728e-14 9.3686523932e-01 5.9288060965e+01
4.5000000000e+00 1.4942636008e+01 5.8794695510e-14 9.3862569438e-01 5.9523927320e+01
4.5100000000e+00 1.4942588217e+01 5.8351072799e-14 9.7340089785e-01 5.9750396157e+01
4.5200000000e+00 1.4942428337e+01 5.7437922257e-14 1.0224713107e+00 5.9969596426e+01
4.5300000000e+00 1.4942252597e+01 5.6558753526e-14 1.0665844018e+00 6.0184291939e+01
4.5400000000e+00 1.4942045357e+01 5.5364435663e-14 1.0976489839e+00 6.0396898942e+01
4.5500000000e+00 1.4941781052e+01 5.4865802067e-14 1.1163187972e+00 6.0609110033e+01
4.5600000000e+00 1.4941460615e+01 5.3574703296e-14 1.1261856614e+00 6.0821950896e+01
4.5700000000e+00 1.4941097701e+01 5.3846796715e-14 1.1304584373e+00 6.1035964243e+01
4.5800000000e+00 1.4940705339e+01 5.2955456188e-14 1.1308726302e+00 6.1251359442e+01
4.5900000000e+00 1.4940292672e+01 5.2953397670e-14 1.1274438473e+00 6.1468081353e+01
4.6000000000e+00 1.4939869279e+01 5.4720847639e-14 1.1182997091e+00 6.1685790853e+01
4.6100000000e+00 1.4939457538e+01 5.5350442801e-14 1.0995013840e+00 6.1903750834e+01
4.6200000000e+00 1.4939120799e+01 5.4773081051e-14 1.0655884303e+00 6.2120612815e+01
4.6300000000e+00 1.4938998328e+01 5.4077121864e-14 1.0129273168e+00 6.2334146069e+01
4.6400000000e+00 1.4939253250e+01 5.5234020873e-14 9.4820399360e-01 6.2541112768e+01
4.6500000000e+00 1.4939795341e+01 5.6214195789e-14 8.9656239023e-01 6.2737751256e+01
4.6600000000e+00 1.4940165125e+01 5.5656732616e-14 8.8902135544e-01 6.2921224326e+01
4.6700000000e+00 1.4940161298e+01 5.6826963711e-14 9.2910177148e-01 6.3091269403e+01
4.6800000000e+00 1.4940047892e+01 5.6423153163e-14 9.8825651107e-01 6.3250363381e+01
4.6900000000e+00 1.4939972758e+01 5.6868675161e-14 1.0382120700e+00 6.3402201416e+01
4.7000000000e+00 1.4939884290e+01 5.7841261089e-14 1.0691372346e+00 6.3550116322e+01
4.7100000000e+00 1.4939738453e+01 5.9199877576e-14 1.0835993090e+00 6.3696448669e+01
4.7200000000e+00 1.4939542242e+01 6.1106280927e-14 1.0873049139e+00 6.3842619399e+01
4.7300000000e+00 1.4939319942e+01 6.1544025729e-14 1.0849965910e+00 6.3989411249e+01
4.7400000000e+00 1.4939092405e+01 6.0740564469e-14 1.0797484760e+00 6.4137218459e+01
4.7500000000e+00 1.4938872324e+01 6.0691359904e-14 1.0733377874e+00 6.4286214553e+01
4.7600000000e+00 1.4938666155e+01 6.0704895770e-14 1.0667209966e+00 6.4436453258e+01
4.7700000000e+00 1.4938476416e+01 5.9105229450e-14 1.0603782242e+00 6.4587926168e+01
4.7800000000e+00 1.4938303439e+01 5.7839163351e-14 1.0545257481e+00 6.4740594810e+01
4.7900000000e+00 1.4938146457e+01 5.9455967382e-14 1.0492385926e+00 6.4894408116e+01
4.8000000000e+00 1.4938004209e+01 5.9265947089e-14 1.0445190208e+00 6.5049311739e+01
4.8100000000e+00 1.4937875272e+01 5.9670976067e-14 1.0403340982e+00 6.5205252814e+01
4.8200000000e+00 1.4937758228e+01 5.9182723868e-14 1.0366359604e+00 6.5362182225e+01
4.8300000000e+00 1.4937651749e+01 5.8077717924e-14 1.0333725095e+00 6.5520055502e+01
4.8400000000e+00 1.4937554625e+01 5.7387067303e-14 1.0304928436e+00 6.5678832989e+01
4.8500000000e+00 1.4937465776e+01 5.5543511739e-14 1.0279498115e+00 6.5838479643e+01
4.8600000000e+00 1.4937384249e+01 5.6036933093e-14 1.0257010165e+00 6.5998964657e+01
4.8700000000e+00 1.4937309205e+01 5.6441664236e-14 1.0237090047e+00 6.6160261027e+01
4.8800000000e+00 1.4937240106e+01 5.6276481246e-14 1.0219412757e+00 6.6322345101e+01
4.8900000000e+00 1.4937175918e+01 5.5216855908e-14 1.0203694655e+00 6.6485196143e+01
4.9000000000e+00 1.4937116275e+01 5.5363078977e-14 1.0189687224e+00 6.6648795998e+01
4.9100000000e+00 1.4937060684e+01 5.5495279712e-14 1.0177178480e+00 6.6813128740e+01
4.9200000000e+00 1.4937008713e+01 5.8092678355e-14 1.0165985708e+00 6.6978180365e+01
4.9300000000e+00 1.4936959984e+01 5.8793889685e-14 1.0155951440e+00 6.7143938538e+01
4.9400000000e+00 1.4936914161e+01 5.9564273618e-14 1.0146939897e+00 6.7310392366e+01
4.9500000000e+00 1.4936870950e+01 5.9812904821e-14 1.0138833888e+00 6.7477532211e+01
4.9600000000e+00 1.4936830126e+01 6.0556432752e-14 1.0131532317e+00 6.7645349521e+01
4.9700000000e+00 1.4936791381e+01 5.9592978976e-14 1.0124947632e+00 6.7813836694e+01
4.9800000000e+00 1.4936754544e+01 6.0126367317e-14 1.0119003333e+00 6.7982986951e+01
4.9900000000e+00 1.4936719426e+01 5.9136606766e-14 1.0113633433e+00 6.8152794233e+01
