0.0000000000e+00 1.5770464080e+01 3.1626744630e-15 2.4784666364e-01 0.0000000000e+00
1.0000000000e-02 1.6332027151e+01 5.5244055129e-15 2.5533355014e-01 7.5364902440e-05
2.0000000000e-02 1.6888019925e+01 6.2481493536e-15 2.6275581110e-01 3.0591836687e-04
3.0000000000e-02 1.7438469628e+01 6.7589243435e-15 2.7011422981e-01 6.9826819781e-04
4.0000000000e-02 1.7983423719e+01 6.6439682664e-15 2.7740987197e-01 1.2589190327e-03
5.0000000000e-02 1.8522928867e+01 6.5983590911e-15 2.8464380845e-01 1.9942769460e-03
6.0000000000e-02 1.9057030940e+01 6.5999934174e-15 2.9181711867e-01 2.9106537182e-03
7.0000000000e-02 1.9585774998e+01 5.7979264933e-15 2.9893089405e-01 4.0142708198e-03
8.0000000000e-02 2.0109205287e+01 5.4085640182e-15 3.0598624181e-01 5.3112631574e-03
9.0000000000e-02 2.0627365220e+01 7.4517388680e-15 3.1298428898e-01 6.8076826202e-03
1.0000000000e-01 2.1140297365e+01 4.2454237470e-15 3.1992618668e-01 8.5095014635e-03
1.1000000000e-01 2.1648043422e+01 6.2155139723e-15 3.2681311488e-01 1.0422615561e-02
1.2000000000e-01 2.2150644201e+01 6.3692847596e-15 3.3364628746e-01 1.2552847556e-02
1.3000000000e-01 2.2648139597e+01 7.8193914808e-15 3.4042695786e-01 1.4905949937e-02
1.4000000000e-01 2.3140568555e+01 1.2216994248e-14 3.4715642512e-01 1.7487608075e-02
1.5000000000e-01 2.3627969035e+01 9.7290320260e-15 3.5383604073e-01 2.0303443224e-02
1.6000000000e-01 2.4110377971e+01 5.4717215338e-15 3.6046721622e-01 2.3359015543e-02
1.7000000000e-01 2.4587831225e+01 5.2802748621e-15 3.6705143090e-01 2.6659827137e-02
1.8000000000e-01 2.5060363527e+01 6.2994762733e-15 3.7359024132e-01 3.0211325159e-02
1.9000000000e-01 2.5528008424e+01 8.9792611718e-15 3.8008529140e-01 3.4018904994e-02
2.0000000000e-01 2.5990798201e+01 7.6096859872e-15 3.8653832353e-01 3.8087913549e-02
2.1000000000e-01 2.6448763813e+01 8.4150218179e-15 3.9295119102e-01 4.2423652696e-02
2.2000000000e-01 2.6901934790e+01 8.9552064680e-15 3.9932587183e-01 4.7031382869e-02
2.3000000000e-01 2.7350339143e+01 1.0268362667e-14 4.0566448365e-01 5.1916326882e-02
2.4000000000e-01 2.7794003254e+01 8.7143667629e-15 4.1196930064e-01 5.7083673975e-02
2.5000000000e-01 2.8232951753e+01 9.9054357085e-15 4.1824277162e-01 6.2538584137e-02
2.6000000000e-01 2.8667207380e+01 1.3013073682e-14 4.2448753991e-01 6.8286192741e-02
2.7000000000e-01 2.9096790833e+01 1.5159525238e-14 4.3070646459e-01 7.4331615533e-02
2.8000000000e-01 2.9521720602e+01 2.0714586892e-14 4.3690264317e-01 8.0679953995e-02
2.9000000000e-01 2.9942012778e+01 1.9806982403e-14 4.4307943503e-01 8.7336301137e-02
3.0000000000e-01 3.0357680853e+01 1.9701141409e-14 4.4924048507e-01 9.4305747719e-02
3.1000000000e-01 3.0768735496e+01 1.7589065447e-14 4.5538974642e-01 1.0159338894e-01
3.2000000000e-01 3.1175184315e+01 1.6311590731e-14 4.6153150027e-01 1.0920433155e-01
3.3000000000e-01 3.1577031603e+01 1.6802281927e-14 4.6767037016e-01 1.1714370140e-01
3.4000000000e-01 3.1974278079e+01 1.9560415767e-14 4.7381132639e-01 1.2541665128e-01
3.5000000000e-01 3.2366920625e+01 2.0907963950e-14 4.7995967422e-01 1.3402836892e-01
3.6000000000e-01 3.2754952044e+01 2.0130964201e-14 4.8612101624e-01 1.4298408487e-01
3.7000000000e-01 3.3138360841e+01 2.1085251512e-14 4.9230117476e-01 1.5228907985e-01
3.8000000000e-01 3.3517131099e+01 2.5015519963e-14 4.9850605307e-01 1.6194869094e-01
3.9000000000e-01 3.3891242460e+01 2.3098509538e-14 5.0474140426e-01 1.7196831560e-01
4.0000000000e-01 3.4260670325e+01 1.9441270051e-14 5.1101246153e-01 1.8235341208e-01
4.1000000000e-01 3.4625386384e+01 1.9962415101e-14 5.1732336234e-01 1.9310949427e-01
4.2000000000e-01 3.4985359645e+01 1.7698222599e-14 5.2367626909e-01 2.0424211789e-01
4.3000000000e-01 3.5340558246e+01 1.8612716000e-14 5.3007004815e-01 2.1575685379e-01
4.4000000000e-01 3.5690952416e+01 2.0710346818e-14 5.3649831961e-01 2.2765924254e-01
4.5000000000e-01 3.6036519142e+01 1.9273484498e-14 5.4294663879e-01 2.3995472207e-01
4.6000000000e-01 3.6377249263e+01 2.0256626823e-14 5.4938855675e-01 2.5264851764e-01
4.7000000000e-01 3.6713157920e+01 2.1452600228e-14 5.5578038910e-01 2.6574548091e-01
4.8000000000e-01 3.7044299352e+01 1.8642492659e-14 5.6205490856e-01 2.7924986292e-01
4.9000000000e-01 3.7370786653e+01 1.8380479009e-14 5.6811519986e-01 2.9316500888e-01
5.0000000000e-01 3.7692815656e+01 1.6364024550e-14 5.7383217828e-01 3.0749297481e-01
5.1000000000e-01 3.8010688418e+01 1.4394417221e-14 5.7905338890e-01 3.2223409876e-01
5.2000000000e-01 3.8324824208e+01 1.4547734866e-14 5.8363618651e-01 3.3738662722e-01
5.3000000000e-01 3.8635734283e+01 1.7594495603e-14 5.8752050027e-01 3.5294660816e-01
5.4000000000e-01 3.8943926832e+01 1.8140514243e-14 5.9084165598e-01 3.6890838859e-01
5.5000000000e-01 3.9249720278e+01 1.6522938690e-14 5.9403433031e-01 3.8526607796e-01
5.6000000000e-01 3.9553005961e+01 1.5303368297e-14 5.9780870407e-01 4.0201603665e-01
5.7000000000e-01 3.9853104497e+01 1.9387304336e-14 6.0288950519e-01 4.1915969944e-01
5.8000000000e-01 4.0148889438e+01 1.9718573595e-14 6.0960939143e-01 4.3670526639e-01
5.9000000000e-01 4.0439182335e+01 1.9746994865e-14 6.1768575756e-01 4.5466696751e-01
6.0000000000e-01 4.0723178109e+01 1.8087097130e-14 6.2640342949e-01 4.7306207953e-01
6.1000000000e-01 4.1000636005e+01 1.7298471842e-14 6.3502255813e-01 4.9190736618e-01
6.2000000000e-01 4.1271792097e+01 1.3906180473e-14 6.4306698100e-01 5.1121663347e-01
6.3000000000e-01 4.1537139901e+01 1.1754215924e-14 6.5036414633e-01 5.3099990964e-01
6.4000000000e-01 4.1797236026e+01 9.6340238675e-15 6.5693347425e-01 5.5126371615e-01
6.5000000000e-01 4.2052599748e+01 1.0110956579e-14 6.6285033677e-01 5.7201162065e-01
6.6000000000e-01 4.2303704154e+01 1.0670854759e-14 6.6814313980e-01 5.9324446913e-01
6.7000000000e-01 4.2551032865e+01 1.4830518573e-14 6.7272721332e-01 6.1495995295e-01
6.8000000000e-01 4.2795178562e+01 1.2695923348e-14 6.7636850823e-01 6.3715131496e-01
6.9000000000e-01 4.3036959738e+01 1.3677388936e-14 6.7869274382e-01 6.5980510100e-01
7.0000000000e-01 4.3277505923e+01 1.7282788727e-14 6.7930283451e-01 6.8289813843e-01
7.1000000000e-01 4.3518193420e+01 1.2892935425e-14 6.7810840201e-01 7.0639471421e-01
7.2000000000e-01 4.3760237266e+01 1.3752880716e-14 6.7587209685e-01 7.3024646574e-01
7.3000000000e-01 4.4003864237e+01 1.3034604615e-14 6.7452826885e-01 7.5439887958e-01
7.4000000000e-01 4.4247580269e+01 1.5542329308e-14 6.7636429705e-01 7.7880616984e-01
7.5000000000e-01 4.4488578207e+01 1.4635586345e-14 6.8210208800e-01 8.0344801015e-01
7.6000000000e-01 4.4724406790e+01 1.5666737857e-14 6.9000141637e-01 8.2833461467e-01
7.7000000000e-01 4.4954389169e+01 1.4971554049e-14 6.9735384881e-01 8.5349443934e-01
7.8000000000e-01 4.5179565594e+01 1.4536716100e-14 7.0258827615e-01 8.7895508108e-01
7.9000000000e-01 4.5401501151e+01 1.5891709261e-14 7.0605511173e-01 9.0473205282e-01
8.0000000000e-01 4.5620983896e+01 1.5698961849e-14 7.0944915747e-01 9.3083082596e-01
8.1000000000e-01 4.5837430161e+01 1.6522938690e-14 7.1449800424e-01 9.5725776075e-01
8.2000000000e-01 4.6049328038e+01 1.4088900783e-14 7.2173652148e-01 9.8403079417e-01
8.3000000000e-01 4.6255272827e+01 1.4136936725e-14 7.3033128132e-01 1.0111821381e+00
8.4000000000e-01 4.6454704516e+01 1.2735182438e-14 7.3895714486e-01 1.0387523736e+00
8.5000000000e-01 4.6647937841e+01 1.2900581347e-14 7.4668642159e-01 1.0667817311e+00
8.6000000000e-01 4.6835759718e+01 1.3234491787e-14 7.5323166776e-01 1.0953041117e+00
8.7000000000e-01 4.7019018642e+01 1.4062191942e-14 7.5873760807e-01 1.1243452494e+00
8.8000000000e-01 4.7198394844e+01 1.1594789976e-14 7.6351193164e-01 1.1539235964e+00
8.9000000000e-01 4.7374336102e+01 1.2970617333e-14 7.6786160842e-01 1.1840521925e+00
9.0000000000e-01 4.7547080275e+01 1.5214916951e-14 7.7203052915e-01 1.2147404942e+00
9.1000000000e-01 4.7716705141e+01 1.7291701333e-14 7.7619145643e-01 1.2459957972e+00
9.2000000000e-01 4.7883177921e+01 1.4001580657e-14 7.8045828105e-01 1.2778242189e+00
9.3000000000e-01 4.8046396838e+01 1.9798112594e-14 7.8490034543e-01 1.3102313186e+00
9.4000000000e-01 4.8206216417e+01 1.8148326476e-14 7.8955482482e-01 1.3432224411e+00
9.5000000000e-01 4.8362471954e+01 1.8790668184e-14 7.9443341705e-01 1.3768028546e+00
9.6000000000e-01 4.8514997401e+01 1.6173476614e-14 7.9952405290e-01 1.4109776946e+00
9.7000000000e-01 4.8663643017e+01 1.3916812788e-14 8.0478600700e-01 1.4457516972e+00
9.8000000000e-01 4.8808301857e+01 1.7844568775e-14 8.1013839043e-01 1.4811286409e+00
9.9000000000e-01 4.8948944675e+01 1.4817630601e-14 8.1543906568e-01 1.5171103800e+00
1.0000000000e+00 4.9085676291e+01 1.2420612335e-14 8.2045031913e-01 1.5536952345e+00
1.0100000000e+00 4.9218822018e+01 9.6774263413e-15 8.2478998371e-01 1.5908753922e+00
1.0200000000e+00 4.9349056426e+01 7.6982579526e-15 8.2787420643e-01 1.6286328482e+00
1.0300000000e+00 4.9477572462e+01 7.4492572987e-15 8.2888086376e-01 1.6669333370e+00
1.0400000000e+00 4.9606257602e+01 6.3136461428e-15 8.2682101547e-01 1.7057179546e+00
1.0500000000e+00 4.9737739472e+01 5.4728477500e-15 8.2089857087e-01 1.7448933852e+00
1.0600000000e+00 4.9874996817e+01 1.2953500675e-14 8.1139336360e-01 1.7843247556e+00
1.0700000000e+00 5.0020080760e+01 1.2896281074e-14 8.0098448164e-01 1.8238409382e+00
1.0800000000e+00 5.0171913706e+01 1.3850226909e-14 7.9519667986e-01 1.8632668515e+00
1.0900000000e+00 5.0324835968e+01 1.5142237367e-14 7.9951318190e-01 1.9024868484e+00
1.1000000000e+00 5.0470708012e+01 1.7203442241e-14 8.1417935096e-01 1.9415061325e+00
1.1100000000e+00 5.0603597796e+01 1.5986440548e-14 8.3361009738e-01 1.9804534692e+00
1.1200000000e+00 5.0722209281e+01 1.5557786232e-14 8.5170663052e-01 2.0195182535e+00
1.1300000000e+00 5.0828643841e+01 1.6154031146e-14 8.6562458151e-01 2.0588792442e+00
1.1400000000e+00 5.0926097298e+01 1.8263759290e-14 8.7526799448e-01 2.0986689096e+00
1.1500000000e+00 5.1017462794e+01 1.8935406185e-14 8.8153198033e-01 2.1389703761e+00
1.1600000000e+00 5.1104974686e+01 1.7561889478e-14 8.8526337694e-01 2.1798275605e+00
1.1700000000e+00 5.1190352767e+01 1.4877817032e-14 8.8697004917e-01 2.2212561109e+00
1.1800000000e+00 5.1275039585e+01 1.6756278003e-14 8.8687895277e-01 2.2632512524e+00
1.1900000000e+00 5.1360355254e+01 1.9169600840e-14 8.8511390083e-01 2.3057926572e+00
1.2000000000e+00 5.1447501619e+01 2.0591868844e-14 8.8191843367e-01 2.3488477429e+00
1.2100000000e+00 5.1537393107e+01 1.8868892740e-14 8.7787591493e-01 2.3923751211e+00
1.2200000000e+00 5.1630347381e+01 2.4443319211e-14 8.7401821227e-01 2.4363297667e+00
1.2300000000e+00 5.1725778053e+01 1.9370130822e-14 8.7166379858e-01 2.4806706137e+00
1.2400000000e+00 5.1822131842e+01 2.3118511830e-14 8.7193735868e-01 2.5253694522e+00
1.2500000000e+00 5.1917245144e+01 2.2261009858e-14 8.7521263724e-01 2.5704180548e+00
1.2600000000e+00 5.2009019843e+01 1.8817870889e-14 8.8090164335e-01 2.6158301442e+00
1.2700000000e+00 5.2096052671e+01 1.8423347427e-14 8.8778273063e-01 2.6616370918e+00
1.2800000000e+00 5.2177896384e+01 2.0517810615e-14 8.9460229984e-01 2.7078795998e+00
1.2900000000e+00 5.2254910335e+01 2.1725507274e-14 9.0051484072e-01 2.7545992147e+00
1.3000000000e+00 5.2327908798e+01 1.5147120647e-14 9.0517949002e-01 2.8018324639e+00
1.3100000000e+00 5.2397826265e+01 1.8355985785e-14 9.0862235672e-01 2.8496082388e+00
1.3200000000e+00 5.2465512839e+01 1.9444439841e-14 9.1104749605e-01 2.8979475482e+00
1.3300000000e+00 5.2531647424e+01 2.1612595020e-14 9.1269845774e-01 2.9468644449e+00
1.3400000000e+00 5.2596737075e+01 2.1013738783e-14 9.1378597222e-01 2.9963672551e+00
1.3500000000e+00 5.2661150501e+01 2.0773041210e-14 9.1446130001e-01 3.0464596251e+00
1.3600000000e+00 5.2725164420e+01 2.0933813766e-14 9.1481202151e-01 3.0971411909e+00
1.3700000000e+00 5.2789010096e+01 2.1644793740e-14 9.1486750796e-01 3.1484078299e+00
1.3800000000e+00 5.2852913323e+01 2.0389752892e-14 9.1461459626e-01 3.2002515681e+00
1.3900000000e+00 5.2917116061e+01 2.0821936104e-14 9.1403418153e-01 3.2526603325e+00
1.4000000000e+00 5.2981861891e+01 2.1521724161e-14 9.1316641608e-01 3.3056179044e+00
1.4100000000e+00 5.3047320461e+01 2.5620907103e-14 9.1219146635e-01 3.3591045869e+00
1.4200000000e+00 5.3113459473e+01 2.9200342993e-14 9.1146806008e-01 3.4130990898e+00
1.4300000000e+00 5.3179930353e+01 2.9348971921e-14 9.1145307356e-01 3.4675817022e+00
1.4400000000e+00 5.3246061539e+01 2.4188088406e-14 9.1249171308e-01 3.5225379469e+00
1.4500000000e+00 5.3311029851e+01 2.5868970759e-14 9.1460703942e-01 3.5779610954e+00
1.4600000000e+00 5.3374127558e+01 2.7153100318e-14 9.1746988948e-01 3.6338519741e+00
1.4700000000e+00 5.3434967886e+01 2.8677836539e-14 9.2057358927e-01 3.6902157427e+00
1.4800000000e+00 5.3493536595e+01 2.9693018053e-14 9.2343977967e-01 3.7470566381e+00
1.4900000000e+00 5.3550137779e+01 2.5673832429e-14 9.2568558750e-01 3.8043718584e+00
1.5000000000e+00 5.3605349733e+01 2.2966460017e-14 9.2694848906e-01 3.8621450342e+00
1.5100000000e+00 5.3660049567e+01 2.4430204759e-14 9.2681279784e-01 3.9203392053e+00
1.5200000000e+00 5.3715438329e+01 2.5381847913e-14 9.2493647883e-01 3.9788901269e+00
1.5300000000e+00 5.3772845526e+01 2.3178481612e-14 9.2150998405e-01 4.0377036587e+00
1.5400000000e+00 5.3833081077e+01 2.1609475894e-14 9.1782805213e-01 4.0966648178e+00
1.5500000000e+00 5.3895540230e+01 1.8723722871e-14 9.1611346972e-01 4.1556651214e+00
1.5600000000e+00 5.3958034132e+01 2.2332047140e-14 9.1790506082e-01 4.2146409304e+00
1.5700000000e+00 5.4018073906e+01 2.6300630445e-14 9.2240573619e-01 4.2735957252e+00
1.5800000000e+00 5.4074539942e+01 2.3426560834e-14 9.2712613643e-01 4.3325843199e+00
1.5900000000e+00 5.4128064830e+01 2.0746768288e-14 9.3015290391e-01 4.3916725228e+00
1.6000000000e+00 5.4180021128e+01 2.3442274380e-14 9.3143636561e-01 4.4509063590e+00
1.6100000000e+00 5.4231250563e+01 2.5131413116e-14 9.3226682358e-01 4.5103083753e+00
1.6200000000e+00 5.4281591262e+01 2.8028679134e-14 9.3380643025e-01 4.5698927306e+00
1.6300000000e+00 5.4330458968e+01 2.4531422859e-14 9.3594705402e-01 4.6296791587e+00
1.6400000000e+00 5.4377844523e+01 2.0717580457e-14 9.3737800957e-01 4.6896912904e+00
1.6500000000e+00 5.4424856524e+01 2.2283924761e-14 9.3661820784e-01 4.7499401432e+00
1.6600000000e+00 5.4473438029e+01 2.2787044445e-14 9.3314506271e-01 4.8104058836e+00
1.6700000000e+00 5.4525351947e+01 1.9783788022e-14 9.2812124857e-01 4.8710333997e+00
1.6800000000e+00 5.4580844541e+01 1.3952423083e-14 9.2426546572e-01 4.9317524919e+00
1.6900000000e+00 5.4637958792e+01 1.5687180262e-14 9.2424545774e-01 4.9925201069e+00
1.7000000000e+00 5.4693480835e+01 1.5805187349e-14 9.2850209384e-01 5.0533595009e+00
1.7100000000e+00 5.4744867901e+01 1.6880918500e-14 9.3501946802e-01 5.1143637815e+00
1.7200000000e+00 5.4791383602e+01 1.6665843699e-14 9.4119938313e-01 5.1756603690e+00
1.7300000000e+00 5.4833911735e+01 2.0226984038e-14 9.4529509381e-01 5.2373646327e+00
1.7400000000e+00 5.4874331696e+01 2.1415052478e-14 9.4635614889e-01 5.2995466965e+00
1.7500000000e+00 5.4915157985e+01 2.7257474603e-14 9.4373762306e-01 5.3622138329e+00
1.7600000000e+00 5.4959319462e+01 2.4238480639e-14 9.3734981476e-01 5.4253028878e+00
1.7700000000e+00 5.5009284545e+01 2.7944541440e-14 9.2899444412e-01 5.4886860845e+00
1.7800000000e+00 5.5065014313e+01 2.6284615802e-14 9.2329786993e-01 5.5522062787e+00
1.7900000000e+00 5.5122493958e+01 2.6015359888e-14 9.2496528131e-01 5.6157482184e+00
1.8000000000e+00 5.5175918873e+01 2.7012097088e-14 9.3364081298e-01 5.6793042333e+00
1.8100000000e+00 5.5221909365e+01 2.4541705343e-14 9.4406336812e-01 5.7429698554e+00
1.8200000000e+00 5.5261086289e+01 2.9976535653e-14 9.5118898378e-01 5.8068738740e+00
1.8300000000e+00 5.5296798220e+01 3.0395209934e-14 9.5262174299e-01 5.8711081849e+00
1.8400000000e+00 5.5333574974e+01 2.6331895574e-14 9.4763275249e-01 5.9356915564e+00
1.8500000000e+00 5.5376298897e+01 2.5676421264e-14 9.3647853629e-01 6.0005582884e+00
1.8600000000e+00 5.5429050265e+01 2.8585345918e-14 9.2177327557e-01 6.0655649458e+00
1.8700000000e+00 5.5492388617e+01 2.6650444241e-14 9.1001894974e-01 6.1305315344e+00
1.8800000000e+00 5.5561222283e+01 3.2514943094e-14 9.0791282010e-01 6.1953276488e+00
1.8900000000e+00 5.5628001252e+01 3.1780509808e-14 9.1489685140e-01 6.2599494251e+00
1.9000000000e+00 5.5688466710e+01 3.0257600439e-14 9.2419871466e-01 6.3245051069e+00
1.9100000000e+00 5.5742929487e+01 2.9836817768e-14 9.3082974656e-01 6.3891314414e+00
1.9200000000e+00 5.5793616301e+01 2.8281773911e-14 9.3436548337e-01 6.4539343478e+00
1.9300000000e+00 5.5842183400e+01 2.8693657825e-14 9.3656700194e-01 6.5189841510e+00
1.9400000000e+00 5.5889031563e+01 2.3238976219e-14 9.3895471779e-01 6.5843353601e+00
1.9500000000e+00 5.5933833467e+01 2.5019280613e-14 9.4195966423e-01 6.6500419082e+00
1.9600000000e+00 5.5976251737e+01 3.0763775304e-14 9.4522484444e-01 6.7161594970e+00
1.9700000000e+00 5.6016290325e+01 2.9615498327e-14 9.4822959981e-01 6.7827401633e+00
1.9800000000e+00 5.6054267102e+01 2.3599132261e-14 9.5066586010e-01 6.8498265615e+00
1.9900000000e+00 5.6090631710e+01 2.6518360946e-14 9.5248327635e-01 6.9174496175e+00
2.0000000000e+00 5.6125815441e+01 2.5630320447e-14 9.5377957248e-01 6.9856293577e+00
2.0100000000e+00 5.6160162251e+01 2.6716269845e-14 9.5468607569e-01 7.0543772820e+00
2.0200000000e+00 5.6193927102e+01 3.4493916495e-14 9.5530096817e-01 7.1236989762e+00
2.0300000000e+00 5.6227311762e+01 3.4484412256e-14 9.5566284338e-01 7.1935963462e+00
2.0400000000e+00 5.6260510776e+01 3.2371759890e-14 9.5574785283e-01 7.2640693012e+00
2.0500000000e+00 5.6293755680e+01 3.1481834289e-14 9.5547915321e-01 7.3351169520e+00
2.0600000000e+00 5.6327349271e+01 3.4755921452e-14 9.5474527142e-01 7.4067384337e+00
2.0700000000e+00 5.6361682008e+01 3.3813047016e-14 9.5342987045e-01 7.4789334511e+00
2.0800000000e+00 5.6397223262e+01 3.9178654087e-14 9.5145870324e-01 7.5517025956e+00
2.0900000000e+00 5.6434465362e+01 3.6977354546e-14 9.4886524829e-01 7.6250475236e+00
2.1000000000e+00 5.6473820042e+01 3.7340689032e-14 9.4586485041e-01 7.6989710817e+00
2.1100000000e+00 5.6515456642e+01 3.7195371048e-14 9.4290170024e-01 7.7734775531e+00
2.1200000000e+00 5.6559136199e+01 4.5436750464e-14 9.4061281005e-01 7.8485731752e+00
2.1300000000e+00 5.6604112777e+01 3.9433679722e-14 9.3966483400e-01 7.9242669647e+00
2.1400000000e+00 5.6649201409e+01 3.6337126400e-14 9.4050222255e-01 8.0005714261e+00
2.1500000000e+00 5.6693025230e+01 3.7355829043e-14 9.4314931322e-01 8.0775024194e+00
2.1600000000e+00 5.6734347585e+01 3.4572496956e-14 9.4720965480e-01 8.1550777152e+00
2.1700000000e+00 5.6772320716e+01 3.2322520790e-14 9.5206028524e-01 8.2333145077e+00
2.1800000000e+00 5.6806568983e+01 3.2787512394e-14 9.5709541492e-01 8.3122268631e+00
2.1900000000e+00 5.6837112892e+01 3.1866688754e-14 9.6187834830e-01 8.3918239858e+00
2.2000000000e+00 5.6864230688e+01 2.9202413930e-14 9.6616954614e-01 8.4721096205e+00
2.2100000000e+00 5.6888324676e+01 2.9469363957e-14 9.6987703593e-01 8.5530822722e+00
2.2200000000e+00 5.6909838044e+01 3.1052225495e-14 9.7298652127e-01 8.6347357019e+00
2.2300000000e+00 5.6929215690e+01 2.9642707867e-14 9.7550305009e-01 8.7170592599e+00
2.2400000000e+00 5.6946904142e+01 2.6152410363e-14 9.7741221722e-01 8.8000377710e+00
2.2500000000e+00 5.6963375133e+01 2.7023042800e-14 9.7866162142e-01 8.8836508427e+00
2.2600000000e+00 5.6979153020e+01 2.5984022182e-14 9.7916437045e-01 8.9678715986e+00
2.2700000000e+00 5.6994830998e+01 3.1195143272e-14 9.7882845929e-01 9.0526650130e+00
2.2800000000e+00 5.7011061514e+01 3.1368270494e-14 9.7761448147e-01 9.1379861515e+00
2.2900000000e+00 5.7028486651e+01 3.0725309379e-14 9.7560875979e-01 9.2237789150e+00
2.3000000000e+00 5.7047622150e+01 2.9679783383e-14 9.7306309128e-01 9.3099759676e+00
2.3100000000e+00 5.7068746750e+01 3.2947645313e-14 9.7033746125e-01 9.3965002307e+00
2.3200000000e+00 5.7091876398e+01 3.0332882435e-14 9.6774897477e-01 9.4832675957e+00
2.3300000000e+00 5.7116849361e+01 2.8933626702e-14 9.6548098607e-01 9.5701901174e+00
2.3400000000e+00 5.7143385569e+01 2.5044820368e-14 9.6373814637e-01 9.6571803088e+00
2.3500000000e+00 5.7170944715e+01 2.4493693972e-14 9.6304221907e-01 9.7441597869e+00
2.3600000000e+00 5.7198442647e+01 2.5990721746e-14 9.6421806007e-01 9.8310752224e+00
2.3700000000e+00 5.7224210426e+01 2.6040647288e-14 9.6783905178e-01 9.9179175605e+00
2.3800000000e+00 5.7246443543e+01 2.8320481519e-14 9.7362628225e-01 1.0004731886e+01
2.3900000000e+00 5.7263878519e+01 2.9703809025e-14 9.8044549829e-01 1.0091606685e+01
2.4000000000e+00 5.7276258289e+01 2.8601120726e-14 9.8676689105e-01 1.0178643534e+01
2.4100000000e+00 5.7284488117e+01 3.0370738819e-14 9.9099104016e-01 1.0265917350e+01
2.4200000000e+00 5.7290694463e+01 2.9760708061e-14 9.9147239751e-01 1.0353434637e+01
2.4300000000e+00 5.7298275277e+01 2.9915309110e-14 9.8669847100e-01 1.0441091484e+01
2.4400000000e+00 5.7311521412e+01 3.0497101014e-14 9.7645682762e-01 1.0528639495e+01
2.4500000000e+00 5.7333724864e+01 3.0421326423e-14 9.6420205173e-01 1.0615696702e+01
2.4600000000e+00 5.7363697360e+01 2.8035549575e-14 9.5733258626e-01 1.0701867641e+01
2.4700000000e+00 5.7394987691e+01 2.6671996187e-14 9.6063605491e-01 1.0786963564e+01
2.4800000000e+00 5.7421080379e+01 2.2467414130e-14 9.7025522872e-01 1.0871133423e+01
2.4900000000e+00 5.7440129067e+01 2.1232634384e-14 9.7898131341e-01 1.0954750130e+01
2.5000000000e+00 5.7454190783e+01 2.0186529205e-14 9.8352843493e-01 1.1038192800e+01
2.5100000000e+00 5.7466142913e+01 2.0325952098e-14 9.8466633226e-01 1.1121725730e+01
2.5200000000e+00 5.7477791733e+01 2.3398131329e-14 9.8435978205e-01 1.1205491305e+01
2.5300000000e+00 5.7489694011e+01 2.1343225539e-14 9.8394631043e-01 1.1289545966e+01
2.5400000000e+00 5.7501797647e+01 2.6351898323e-14 9.8375145063e-01 1.1373893282e+01
2.5500000000e+00 5.7514036318e+01 2.5181818635e-14 9.8358528409e-01 1.1458504143e+01
2.5600000000e+00 5.7526431144e+01 2.1952835597e-14 9.8346919960e-01 1.1543331437e+01
2.5700000000e+00 5.7538768017e+01 1.8980920656e-14 9.8395095300e-01 1.1628328461e+01
2.5800000000e+00 5.7550314752e+01 2.5466084734e-14 9.8570971162e-01 1.1713471714e+01
2.5900000000e+00 5.7560013632e+01 2.3317855367e-14 9.8884468392e-01 1.1798777537e+01
2.6000000000e+00 5.7567058586e+01 2.3132702958e-14 9.9263515907e-01 1.1884300558e+01
2.6100000000e+00 5.7571352205e+01 2.8842944619e-14 9.9600773589e-01 1.1970114050e+01
2.6200000000e+00 5.7573521483e+01 3.3339426231e-14 9.9815422999e-01 1.2056285147e+01
2.6300000000e+00 5.7574609974e+01 2.9471977986e-14 9.9878350894e-01 1.2142857791e+01
2.6400000000e+00 5.7575720437e+01 3.0444615054e-14 9.9801609166e-01 1.2229847339e+01
2.6500000000e+00 5.7577790681e+01 3.3417528618e-14 9.9614993653e-01 1.2317243689e+01
2.6600000000e+00 5.7581542224e+01 3.6879630342e-14 9.9343307525e-01 1.2405017967e+01
2.6700000000e+00 5.7587581767e+01 3.6290030358e-14 9.8988677487e-01 1.2493128860e+01
2.6800000000e+00 5.7596612376e+01 3.8378404314e-14 9.8522891093e-01 1.2581526212e+01
2.6900000000e+00 5.7609639846e+01 3.4047664034e-14 9.7899282492e-01 1.2670151438e+01
2.7000000000e+00 5.7627993956e+01 4.0210923101e-14 9.7091420908e-01 1.2758936641e+01
2.7100000000e+00 5.7652973048e+01 3.9063603770e-14 9.6148668205e-01 1.2847807056e+01
2.7200000000e+00 5.7685108832e+01 3.8478478550e-14 9.5230227183e-01 1.2936692017e+01
2.7300000000e+00 5.7723401292e+01 4.1907647203e-14 9.4570367572e-01 1.3025545350e+01
2.7400000000e+00 5.7765125743e+01 3.4670969241e-14 9.4360477412e-01 1.3114367749e+01
2.7500000000e+00 5.7806733069e+01 3.7202412292e-14 9.4604884060e-01 1.3203218053e+01
2.7600000000e+00 5.7845504223e+01 4.0130070523e-14 9.5100245023e-01 1.3292204670e+01
2.7700000000e+00 5.7880478067e+01 3.7219637012e-14 9.5623222330e-01 1.3381461173e+01
2.7800000000e+00 5.7911705102e+01 3.4707922814e-14 9.6129690010e-01 1.3471119971e+01
2.7900000000e+00 5.7938884371e+01 3.1094173843e-14 9.6722361126e-01 1.3561294503e+01
2.8000000000e+00 5.7961052669e+01 3.2724471039e-14 9.7454398186e-01 1.3652070459e+01
2.8100000000e+00 5.7977447273e+01 3.3300954092e-14 9.8233446345e-01 1.3743503224e+01
2.8200000000e+00 5.7988289892e+01 3.3921446960e-14 9.8908990746e-01 1.3835620358e+01
2.8300000000e+00 5.7994740848e+01 3.3300028734e-14 9.9386442651e-01 1.3928427775e+01
2.8400000000e+00 5.7998351444e+01 3.4459908051e-14 9.9652539236e-01 1.4021916691e+01
2.8500000000e+00 5.8000592753e+01 4.0079243402e-14 9.9740946102e-01 1.4116068740e+01
2.8600000000e+00 5.8002640563e+01 4.0985165262e-14 9.9695381518e-01 1.4210858515e+01
2.8700000000e+00 5.8005372403e+01 4.0856245018e-14 9.9550967583e-01 1.4306253946e+01
2.8800000000e+00 5.8009448521e+01 3.9453122906e-14 9.9331100237e-01 1.4402215427e+01
2.8900000000e+00 5.8015380364e+01 3.9041983609e-14 9.9053462222e-01 1.4498694769e+01
2.9000000000e+00 5.8023537579e+01 3.6262720619e-14 9.8741055011e-01 1.4595635324e+01
2.9100000000e+00 5.8034062747e+01 3.7899483881e-14 9.8433654310e-01 1.4692974955e+01
2.9200000000e+00 5.8046720556e+01 3.7587403520e-14 9.8191633436e-01 1.4790653217e+01
2.9300000000e+00 5.8060774609e+01 3.1741944187e-14 9.8082703770e-01 1.4888622491e+01
2.9400000000e+00 5.8075035555e+01 3.2275999274e-14 9.8152433174e-01 1.4986859728e+01
2.9500000000e+00 5.8088138836e+01 3.3123043902e-14 9.8398557499e-01 1.5085373180e+01
2.9600000000e+00 5.8098917218e+01 3.7685857849e-14 9.8772395344e-01 1.5184200049e+01
2.9700000000e+00 5.8106653400e+01 4.0468847581e-14 9.9206687174e-01 1.5283396136e+01
2.9800000000e+00 5.8111101420e+01 4.0313939303e-14 9.9645749592e-01 1.5383022918e+01
2.9900000000e+00 5.8112342307e+01 3.9370988061e-14 1.0005900958e+00 1.5483137351e+01
3.0000000000e+00 5.8110603770e+01 3.7341844345e-14 1.0043813859e+00 1.5583786528e+01
3.0100000000e+00 5.8106126850e+01 4.0843572040e-14 1.0078751241e+00 1.5685006487e+01
3.0200000000e+00 5.8099104835e+01 4.0587573360e-14 1.0111555008e+00 1.5786823360e+01
3.0300000000e+00 5.8089670724e+01 4.1433524766e-14 1.0142943491e+00 1.5889255448e+01
3.0400000000e+00 5.8077915842e+01 4.2231693064e-14 1.0173278365e+00 1.5992315310e+01
3.0500000000e+00 5.8063919130e+01 4.1643280235e-14 1.0202537851e+00 1.6096011549e+01
3.0600000000e+00 5.8047769685e+01 4.0315773756e-14 1.0230409934e+00 1.6200350199e+01
3.0700000000e+00 5.8029588201e+01 4.0505076238e-14 1.0256496621e+00 1.6305335740e+01
3.0800000000e+00 5.8009518946e+01 3.9731095821e-14 1.0280575414e+00 1.6410971760e+01
3.0900000000e+00 5.7987709653e+01 3.5536893268e-14 1.0302839541e+00 1.6517261117e+01
3.1000000000e+00 5.7964273919e+01 3.7098729905e-14 1.0323873687e+00 1.6624205237e+01
3.1100000000e+00 5.7939279601e+01 3.8462458532e-14 1.0344071611e+00 1.6731801869e+01
3.1200000000e+00 5.7912802357e+01 4.1622111643e-14 1.0362321900e+00 1.6840040392e+01
3.1300000000e+00 5.7885102571e+01 3.9713718896e-14 1.0374338585e+00 1.6948893857e+01
3.1400000000e+00 5.7856915359e+01 3.7783647857e-14 1.0371794673e+00 1.7058307516e+01
3.1500000000e+00 5.7829722024e+01 3.7110688879e-14 1.0344002160e+00 1.7168185047e+01
3.1600000000e+00 5.7805759598e+01 3.7767537087e-14 1.0283848929e+00 1.7278376701e+01
3.1700000000e+00 5.7787398269e+01 3.8562674227e-14 1.0197546858e+00 1.7388678637e+01
3.1800000000e+00 5.7775790872e+01 3.3799681983e-14 1.0111084006e+00 1.7498856636e+01
3.1900000000e+00 5.7769596315e+01 4.0787099322e-14 1.0060552301e+00 1.7608699755e+01
3.2000000000e+00 5.7765154758e+01 4.3480825620e-14 1.0068776610e+00 1.7718083563e+01
3.2100000000e+00 5.7758019979e+01 4.5077379098e-14 1.0135143327e+00 1.7827004768e+01
3.2200000000e+00 5.7744277124e+01 4.9707376603e-14 1.0246174979e+00 1.7935572426e+01
3.2300000000e+00 5.7721153076e+01 5.0088287289e-14 1.0383507447e+00 1.8043974122e+01
3.2400000000e+00 5.7687445004e+01 5.0259178304e-14 1.0524639675e+00 1.8152435409e+01
3.2500000000e+00 5.7643667355e+01 4.9647703935e-14 1.0648367164e+00 1.8261179882e+01
3.2600000000e+00 5.7591627295e+01 4.6969683952e-14 1.0742290717e+00 1.8370398659e+01
3.2700000000e+00 5.7533672860e+01 4.9725103316e-14 1.0804219702e+00 1.8480236513e+01
3.2800000000e+00 5.7472066871e+01 5.0492114392e-14 1.0838288642e+00 1.8590792759e+01
3.2900000000e+00 5.7408682881e+01 5.1129868663e-14 1.0850516270e+00 1.8702129345e+01
3.3000000000e+00 5.7344967432e+01 5.2888116420e-14 1.0846162348e+00 1.8814279741e+01
3.3100000000e+00 5.7282030839e+01 5.0338575869e-14 1.0829048741e+00 1.8927255935e+01
3.3200000000e+00 5.7220729907e+01 5.6452875771e-14 1.0802461842e+00 1.9041053880e+01
3.3300000000e+00 5.7161639427e+01 6.1224370834e-14 1.0771012743e+00 1.9155659002e+01
3.3400000000e+00 5.7104885337e+01 5.7437171166e-14 1.0741903078e+00 1.9271052913e+01
3.3500000000e+00 5.7049979348e+01 5.5871056794e-14 1.0723239701e+00 1.9387220191e+01
3.3600000000e+00 5.6995934004e+01 5.3446371641e-14 1.0718932356e+00 1.9504150916e+01
3.3700000000e+00 5.6941781251e+01 5.0887469273e-14 1.0724174513e+00 1.9621833233e+01
3.3800000000e+00 5.6887233642e+01 4.9877070568e-14 1.0726390170e+00 1.9740232654e+01
3.3900000000e+00 5.6833059052e+01 5.2222275947e-14 1.0711427864e+00 1.9859260005e+01
3.4000000000e+00 5.6780919194e+01 5.1281879318e-14 1.0672291130e+00 1.9978736915e+01
3.4100000000e+00 5.6732442528e+01 4.8979367065e-14 1.0620145713e+00 2.0098380138e+01
3.4200000000e+00 5.6687427830e+01 4.7155107680e-14 1.0590558066e+00 2.0217842372e+01
3.4300000000e+00 5.6642485012e+01 3.9256746728e-14 1.0622898392e+00 2.0336832722e+01
3.4400000000e+00 5.6592577224e+01 4.0116246391e-14 1.0717564083e+00 2.0455255087e+01
3.4500000000e+00 5.6534617779e+01 4.1495912965e-14 1.0830217163e+00 2.0573235849e+01
3.4600000000e+00 5.6469119166e+01 3.9516610278e-14 1.0914525165e+00 2.0691012505e+01
3.4700000000e+00 5.6398996029e+01 3.6951251229e-14 1.0952103798e+00 2.0808797375e+01
3.4800000000e+00 5.6327580371e+01 3.5522452726e-14 1.0949153449e+00 2.0926710081e+01
3.4900000000e+00 5.6257297429e+01 3.2155286559e-14 1.0923065650e+00 2.1044778541e+01
3.5000000000e+00 5.6189202600e+01 3.2016991871e-14 1.0892005752e+00 2.1162972184e+01
3.5100000000e+00 5.6123192776e+01 3.5132200242e-14 1.0867605049e+00 2.1281239353e+01
3.5200000000e+00 5.6058664840e+01 2.9733464004e-14 1.0851333359e+00 2.1399533468e+01
3.5300000000e+00 5.5995242128e+01 3.0281422038e-14 1.0835912104e+00 2.1517822383e+01
3.5400000000e+00 5.5933269527e+01 2.5843645559e-14 1.0810176039e+00 2.1636083941e+01
3.5500000000e+00 5.5873892125e+01 2.7309229762e-14 1.0765234536e+00 2.1754295676e+01
3.5600000000e+00 5.5818647635e+01 2.0873373918e-14 1.0700675117e+00 2.1872428753e+01
3.5700000000e+00 5.5768676599e+01 1.9106806007e-14 1.0626952472e+00 2.1990454919e+01
3.5800000000e+00 5.5724079919e+01 1.8988708841e-14 1.0559720104e+00 2.2108364297e+01
3.5900000000e+00 5.5683920287e+01 1.7988696687e-14 1.0510760555e+00 2.2226174844e+01
3.6000000000e+00 5.5646629019e+01 1.8717056329e-14 1.0485910639e+00 2.2343914731e+01
3.6100000000e+00 5.5610269966e+01 1.6335753827e-14 1.0488332158e+00 2.2461586032e+01
3.6200000000e+00 5.5572778409e+01 1.5693464876e-14 1.0516920220e+00 2.2579139749e+01
3.6300000000e+00 5.5532456690e+01 1.6685141409e-14 1.0564177812e+00 2.2696483303e+01
3.6400000000e+00 5.5488210283e+01 2.0700822082e-14 1.0622407423e+00 2.2813521146e+01
3.6500000000e+00 5.5439324693e+01 2.5278305732e-14 1.0687487528e+00 2.2930212176e+01
3.6600000000e+00 5.5385454295e+01 2.7992870617e-14 1.0753003262e+00 2.3046610664e+01
3.6700000000e+00 5.5326967667e+01 2.4860382597e-14 1.0807836505e+00 2.3162860382e+01
3.6800000000e+00 5.5265050721e+01 2.9117120178e-14 1.0842621212e+00 2.3279148033e+01
3.6900000000e+00 5.5201325939e+01 2.6586364522e-14 1.0855000304e+00 2.3395651634e+01
3.7000000000e+00 5.5137356834e+01 3.0663718802e-14 1.0848426784e+00 2.3512510065e+01
3.7100000000e+00 5.5074370008e+01 2.9462827869e-14 1.0828004696e+00 2.3629814901e+01
3.7200000000e+00 5.5013264029e+01 2.7826151582e-14 1.0797105461e+00 2.3747613111e+01
3.7300000000e+00 5.4954800209e+01 2.4603403936e-14 1.0755952208e+00 2.3865909954e+01
3.7400000000e+00 5.4899829436e+01 2.7640986101e-14 1.0702606652e+00 2.3984667371e+01
3.7500000000e+00 5.4849333798e+01 2.7931984556e-14 1.0636986093e+00 2.4103800083e+01
3.7600000000e+00 5.4804049183e+01 2.5089566566e-14 1.0567204572e+00 2.4223179261e+01
3.7700000000e+00 5.4763641361e+01 2.3783402761e-14 1.0512634925e+00 2.4342658187e+01
3.7800000000e+00 5.4726095763e+01 2.1319173083e-14 1.0494451157e+00 2.4462124229e+01
3.7900000000e+00 5.4688358755e+01 2.3015113425e-14 1.0516421912e+00 2.4581551193e+01
3.8000000000e+00 5.4648077175e+01 2.6834115769e-14 1.0558265950e+00 2.4701006297e+01
3.8100000000e+00 5.4604848002e+01 2.6738863572e-14 1.0591311046e+00 2.4820597500e+01
3.8200000000e+00 5.4560086791e+01 2.5988231844e-14 1.0596560643e+00 2.4940398172e+01
3.8300000000e+00 5.4516082674e+01 3.0123483100e-14 1.0569327262e+00 2.5060392299e+01
3.8400000000e+00 5.4475108267e+01 2.9373950041e-14 1.0513504896e+00 2.5180452241e+01
3.8500000000e+00 5.4439131067e+01 2.9058377749e-14 1.0431456583e+00 2.5300335685e+01
3.8600000000e+00 5.4410321335e+01 3.3779436371e-14 1.0315607924e+00 2.5419680185e+01
3.8700000000e+00 5.4391750825e+01 3.0870589196e-14 1.0152219470e+00 2.5537982574e+01
3.8800000000e+00 5.4387275455e+01 3.0508718630e-14 9.9337919810e-01 2.5654572632e+01
3.8900000000e+00 5.4401071743e+01 3.0132074672e-14 9.6609127299e-01 2.5768588348e+01
3.9000000000e+00 5.4437020806e+01 3.3243903958e-14 9.3586371006e-01 2.5878940625e+01
3.9100000000e+00 5.4494324768e+01 3.4912057062e-14 9.1292477240e-01 2.5984357763e+01
3.9200000000e+00 5.4561955065e+01 3.3969377608e-14 9.1073699668e-01 2.6083717486e+01
3.9300000000e+00 5.4622815053e+01 3.0134528957e-14 9.3096881934e-01 2.6176545944e+01
3.9400000000e+00 5.4663844027e+01 3.4717155062e-14 9.6267015135e-01 2.6263216621e+01
3.9500000000e+00 5.4680916081e+01 3.5864843646e-14 9.9407428449e-01 2.6344734080e+01
3.9600000000e+00 5.4676388974e+01 3.3617032535e-14 1.0194796300e+00 2.6422385126e+01
3.9700000000e+00 5.4655321586e+01 3.4557196429e-14 1.0373879493e+00 2.6497470126e+01
3.9800000000e+00 5.4623369603e+01 3.4651410555e-14 1.0479433560e+00 2.6571122881e+01
3.9900000000e+00 5.4585713716e+01 3.3837951357e-14 1.0522146174e+00 2.6644210511e+01
4.0000000000e+00 5.4546570295e+01 3.2594832045e-14 1.0515409092e+00 2.6717321255e+01
4.0100000000e+00 5.4509285138e+01 2.9077247584e-14 1.0467622480e+00 2.6790808484e+01
4.0200000000e+00 5.4476909400e+01 2.7796623515e-14 1.0377038117e+00 2.6864844961e+01
4.0300000000e+00 5.4453057431e+01 2.7122864376e-14 1.0230705273e+00 2.6939459584e+01
4.0400000000e+00 5.4442617841e+01 2.7072601217e-14 1.0013810299e+00 2.7014549971e+01
4.0500000000e+00 5.4450923781e+01 3.0312545114e-14 9.7434013333e-01 2.7089885992e+01
4.0600000000e+00 5.4479192209e+01 2.9428450324e-14 9.5116080796e-01 2.7165152358e+01
4.0700000000e+00 5.4519483893e+01 3.5217352347e-14 9.4347026647e-01 2.7240081756e+01
4.0800000000e+00 5.4559524934e+01 3.4352209310e-14 9.5073596536e-01 2.7314607387e+01
4.0900000000e+00 5.4592335904e+01 3.2593886639e-14 9.6233567731e-01 2.7388863159e+01
4.1000000000e+00 5.4617321999e+01 3.3519359633e-14 9.7180992063e-01 2.7463053183e+01
4.1100000000e+00 5.4636085805e+01 3.2817186030e-14 9.7896818890e-01 2.7537360362e+01
4.1200000000e+00 5.4649815950e+01 3.2218664523e-14 9.8507249217e-01 2.7611933819e+01
4.1300000000e+00 5.4659133291e+01 3.2285354277e-14 9.9052448300e-01 2.7686900856e+01
4.1400000000e+00 5.4664642217e+01 3.3955404824e-14 9.9503180440e-01 2.7762372229e+01
4.1500000000e+00 5.4667201113e+01 3.4664036061e-14 9.9821291841e-01 2.7838440753e+01
4.1600000000e+00 5.4667889077e+01 3.4459326800e-14 9.9983617744e-01 2.7915180046e+01
4.1700000000e+00 5.4667918473e+01 2.8217361648e-14 9.9976333346e-01 2.7992646221e+01
4.1800000000e+00 5.4668608953e+01 2.9615290226e-14 9.9785209494e-01 2.8070881754e+01
4.1900000000e+00 5.4671395222e+01 2.9343931740e-14 9.9398958973e-01 2.8149919374e+01
4.2000000000e+00 5.4677733403e+01 2.9619660028e-14 9.8830564451e-01 2.8229783270e+01
4.2100000000e+00 5.4688811309e+01 3.1960927968e-14 9.8141838491e-01 2.8310484396e+01
4.2200000000e+00 5.4705164583e+01 3.2964651111e-14 9.7433193882e-01 2.8392007369e+01
4.2300000000e+00 5.4726619560e+01 2.7968807539e-14 9.6777233762e-01 2.8474291947e+01
4.2400000000e+00 5.4752796110e+01 2.6907509614e-14 9.6155894983e-01 2.8557222395e+01
4.2500000000e+00 5.4783750534e+01 3.0614991246e-14 9.5485960926e-01 2.8640641714e+01
4.2600000000e+00 5.4820131612e+01 2.9667269896e-14 9.4715293255e-01 2.8724391935e+01
4.2700000000e+00 5.4862567445e+01 3.0175404319e-14 9.3942363455e-01 2.8808356870e+01
4.2800000000e+00 5.4910001582e+01 3.0982185369e-14 9.3509829558e-01 2.8892481482e+01
4.2900000000e+00 5.4958182130e+01 3.2202975260e-14 9.3808504001e-01 2.8976767100e+01
4.3000000000e+00 5.5001380909e+01 3.4703838537e-14 9.4788804528e-01 2.9061254698e+01
4.3100000000e+00 5.5036363582e+01 3.0330431500e-14 9.5926516974e-01 2.9145996039e+01
4.3200000000e+00 5.5063864001e+01 3.4187298618e-14 9.6733418972e-01 2.9231013503e+01
4.3300000000e+00 5.5087088589e+01 3.4028290426e-14 9.7022226476e-01 2.9316261600e+01
4.3400000000e+00 5.5109913539e+01 3.6281538085e-14 9.6803523735e-01 2.9401597574e+01
4.3500000000e+00 5.5135865244e+01 3.7314230847e-14 9.6189654846e-01 2.9486764714e+01
4.3600000000e+00 5.5167188652e+01 3.9128235070e-14 9.5436181127e-01 2.9571408654e+01
4.3700000000e+00 5.5203497812e+01 3.9954457190e-14 9.4952401712e-01 2.9655162497e+01
4.3800000000e+00 5.5241347077e+01 3.6218633377e-14 9.5056626075e-01 2.9737798351e+01
4.3900000000e+00 5.5276389976e+01 3.7362592623e-14 9.5651094833e-01 2.9819344316e+01
4.4000000000e+00 5.5306533929e+01 3.5355330689e-14 9.6287104627e-01 2.9900045674e+01
4.4100000000e+00 5.5333134726e+01 3.7755092422e-14 9.6527262384e-01 2.9980193391e+01
4.4200000000e+00 5.5360041031e+01 3.7925777529e-14 9.6169363114e-01 3.0059954512e+01
4.4300000000e+00 5.5391627238e+01 4.0079666266e-14 9.5326653205e-01 3.0139293535e+01
4.4400000000e+00 5.5430036419e+01 4.0033509246e-14 9.4487275112e-01 3.0218011168e+01
4.4500000000e+00 5.5472675387e+01 3.7334870666e-14 9.4300876657e-01 3.0295904623e+01
4.4600000000e+00 5.5513386462e+01 3.4445731683e-14 9.4976063299e-01 3.0372969687e+01
4.4700000000e+00 5.5547204353e+01 3.4745014462e-14 9.6074074442e-01 3.0449466996e+01
4.4800000000e+00 5.5573118321e+01 3.3518808039e-14 9.7049226064e-01 3.0525795698e+01
4.4900000000e+00 5.5592989015e+01 3.6453712742e-14 9.7668045482e-01 3.0602327004e+01
4.5000000000e+00 5.5609418440e+01 3.8560876242e-14 9.7952191826e-01 3.0679325796e+01
4.5100000000e+00 5.5624551405e+01 3.8617093515e-14 9.8000591454e-01 3.0756952221e+01
4.5200000000e+00 5.5639848219e+01 3.9354548352e-14 9.7897394876e-01 3.0835291464e+01
4.5300000000e+00 5.5656263991e+01 4.0931108871e-14 9.7692902368e-01 3.0914382053e+01
4.5400000000e+00 5.5674471309e+01 4.4178786075e-14 9.7412229349e-01 3.0994235120e+01
4.5500000000e+00 5.5694997602e+01 4.7903389687e-14 9.7069639148e-01 3.1074845666e+01
4.5600000000e+00 5.5718261777e+01 4.5613415348e-14 9.6681474974e-01 3.1156198288e+01
4.5700000000e+00 5.5744523794e+01 4.5013348698e-14 9.6274099517e-01 3.1238269045e+01
4.5800000000e+00 5.5773806068e+01 4.6919238737e-14 9.5882700994e-01 3.1321023928e+01
4.5900000000e+00 5.5805864730e+01 4.8679703238e-14 9.5538034663e-01 3.1404413520e+01
4.6000000000e+00 5.5840302820e+01 4.9371856327e-14 9.5245665795e-01 3.1488363014e+01
4.6100000000e+00 5.5876820526e+01 5.0611803157e-14 9.4976471943e-01 3.1572758095e+01
4.6200000000e+00 5.5915417266e+01 5.0541279903e-14 9.4695166377e-01 3.1657431451e+01
4.6300000000e+00 5.5956183971e+01 4.8371534564e-14 9.4433679667e-01 3.1742162706e+01
4.6400000000e+00 5.5998493003e+01 5.0836486748e-14 9.4348391817e-01 3.1826711146e+01
4.6500000000e+00 5.6040203203e+01 5.2052953324e-14 9.4642708182e-01 3.1910888925e+01
4.6600000000e+00 5.6078107464e+01 5.4136793543e-14 9.5362109129e-01 3.1994641294e+01
4.6700000000e+00 5.6109642098e+01 5.4738899974e-14 9.6307514927e-01 3.2078069475e+01
4.6800000000e+00 5.6134178877e+01 6.2367093391e-14 9.7192371746e-01 3.2161372333e+01
4.6900000000e+00 5.6152911405e+01 5.9365510420e-14 9.7825429758e-01 3.2244755765e+01
4.7000000000e+00 5.6167969915e+01 6.3234998651e-14 9.8145383564e-01 3.2328368177e+01
4.7100000000e+00 5.6181661307e+01 6.0821200129e-14 9.8165816847e-01 3.2412276651e+01
4.7200000000e+00 5.6196100035e+01 5.9953097004e-14 9.7926121700e-01 3.2496468491e+01
4.7300000000e+00 5.6213082719e+01 6.0688491157e-14 9.7475836696e-01 3.2580861997e+01
4.7400000000e+00 5.6233985923e+01 5.8018687422e-14 9.6882866336e-01 3.2665320375e+01
4.7500000000e+00 5.6259565013e+01 5.8596220782e-14 9.6250486779e-01 3.2749671604e+01
4.7600000000e+00 5.6289638223e+01 6.0175726618e-14 9.5723756749e-01 3.2833741091e+01
4.7700000000e+00 5.6322844901e+01 6.1175706518e-14 9.5455064922e-01 3.2917399628e+01
4.7800000000e+00 5.6356885390e+01 6.3064283738e-14 9.5520384835e-01 3.3000613613e+01
4.7900000000e+00 5.6389403444e+01 6.1480698851e-14 9.5855204207e-01 3.3083468695e+01
4.8000000000e+00 5.6418956698e+01 6.2710404815e-14 9.6294266407e-01 3.3166146978e+01
4.8100000000e+00 5.6445360930e+01 5.9089945219e-14 9.6679305627e-01 3.3248871728e+01
4.8200000000e+00 5.6469345722e+01 6.1595369516e-14 9.6928020272e-01 3.3331853880e+01
4.8300000000e+00 5.6491978997e+01 6.4769311301e-14 9.7031707055e-01 3.3415262179e+01
4.8400000000e+00 5.6514245259e+01 6.5067025986e-14 9.7021280705e-01 3.3499216600e+01
4.8500000000e+00 5.6536854287e+01 6.7076308747e-14 9.6938180638e-01 3.3583794650e+01
4.8600000000e+00 5.6560220063e+01 6.8050784981e-14 9.6819630591e-01 3.3669041532e+01
4.8700000000e+00 5.6584507520e+01 6.8376940718e-14 9.6694092721e-01 3.3754979570e+01
4.8800000000e+00 5.6609698931e+01 7.0122252243e-14 9.6581476765e-01 3.3841615397e+01
4.8900000000e+00 5.6635651252e+01 6.9361933160e-14 9.6494864455e-01 3.3928944879e+01
4.9000000000e+00 5.6662140517e+01 7.2060402167e-14 9.6442233057e-01 3.4016956271e+01
4.9100000000e+00 5.6688895857e+01 7.2054158562e-14 9.6427583379e-01 3.4105632059e+01
4.9200000000e+00 5.6715629714e+01 7.2501983863e-14 9.6451285853e-01 3.4194949735e+01
4.9300000000e+00 5.6742062994e+01 7.2896012836e-14 9.6509410736e-01 3.4284881632e+01
4.9400000000e+00 5.6767963192e+01 7.0481763509e-14 9.6591388767e-01 3.4375393615e+01
4.9500000000e+00 5.6793211762e+01 7.3119291773e-14 9.6674999891e-01 3.4466441927e+01
4.9600000000e+00 5.6817913611e+01 7.6900958419e-14 9.6717354693e-01 3.4557966786e+01
4.9700000000e+00 5.6842600611e+01 7.9965427029e-14 9.6640990999e-01 3.4649880029e+01
4.9800000000e+00 5.6868550212e+01 7.6058947777e-14 9.6320738177e-01 3.4742042781e+01
4.9900000000e+00 5.6898163541e+01 7.7659842658e-14 9.5600860320e-01 3.4834229659e+01
5.0000000000e+00 5.6934928746e+01 7.5117479813e-14 9.4420973608e-01 3.4926086380e+01
5.0100000000e+00 5.6981663509e+01 7.6560423538e-14 9.3109775113e-01 3.5017122056e+01
5.0200000000e+00 5.7036393315e+01 7.5331168428e-14 9.2514682020e-01 3.5106823476e+01
5.0300000000e+00 5.7090611170e+01 7.3241510544e-14 9.3274030631e-01 3.5194917318e+01
5.0400000000e+00 5.7135262575e+01 7.2640090466e-14 9.4956041644e-01 3.5281565299e+01
5.0500000000e+00 5.7167095954e+01 7.3453818587e-14 9.6624940691e-01 3.5367252597e+01
5.0600000000e+00 5.7188233496e+01 7.3920950931e-14 9.7776782962e-01 3.5452513665e+01
5.0700000000e+00 5.7202672634e+01 7.6411034137e-14 9.8383013618e-01 3.5537766715e+01
5.0800000000e+00 5.7214014279e+01 7.5538337741e-14 9.8577432571e-01 3.5623293668e+01
5.0900000000e+00 5.7224889210e+01 7.3367200877e-14 9.8490937765e-01 3.5709278665e+01
5.1000000000e+00 5.7237057687e+01 7.5409912002e-14 9.8228166532e-01 3.5795848562e+01
5.1100000000e+00 5.7251521334e+01 7.7939890186e-14 9.7887349923e-01 3.5883100617e+01
5.1200000000e+00 5.7268517946e+01 7.8639926810e-14 9.7569856411e-01 3.5971118633e+01
5.1300000000e+00 5.7287546512e+01 7.9236408041e-14 9.7365495826e-01 3.6059981021e+01
5.1400000000e+00 5.7307543300e+01 8.0592040666e-14 9.7332016207e-01 3.6149762624e+01
5.1500000000e+00 5.7327135532e+01 7.5795166572e-14 9.7494135094e-01 3.6240530725e+01
5.1600000000e+00 5.7344831064e+01 7.6417224202e-14 9.7854816124e-01 3.6332336296e+01
5.1700000000e+00 5.7359184772e+01 8.0132726228e-14 9.8391058676e-01 3.6425204390e+01
5.1800000000e+00 5.7369068060e+01 7.5385778440e-14 9.9039979275e-01 3.6519129641e+01
5.1900000000e+00 5.7373957570e+01 7.5043459718e-14 9.9707827557e-01 3.6614080374e+01
5.2000000000e+00 5.7374045341e+01 7.6628575175e-14 1.0030317881e+00 3.6710008972e+01
5.2100000000e+00 5.7370108286e+01 7.5783599209e-14 1.0076370602e+00 3.6806862528e+01
5.2200000000e+00 5.7363271016e+01 7.4151283837e-14 1.0105923264e+00 3.6904589202e+01
5.2300000000e+00 5.7354807011e+01 7.7113700901e-14 1.0118038334e+00 3.7003139286e+01
5.2400000000e+00 5.7346025759e+01 7.8902984858e-14 1.0112916977e+00 3.7102462711e+01
5.2500000000e+00 5.7338186338e+01 7.8749959052e-14 1.0092117410e+00 3.7202505798e+01
5.2600000000e+00 5.7332350165e+01 7.7387661708e-14 1.0059850977e+00 3.7303210576e+01
5.2700000000e+00 5.7329125682e+01 7.8262238625e-14 1.0023999949e+00 3.7404520179e+01
5.2800000000e+00 5.7328420771e+01 7.8894607301e-14 9.9944476120e-01 3.7506392000e+01
5.2900000000e+00 5.7329471721e+01 8.0453795861e-14 9.9778606923e-01 3.7608815251e+01
5.3000000000e+00 5.7331304861e+01 8.0931298755e-14 9.9728127932e-01 3.7711823514e+01
5.3100000000e+00 5.7333348592e+01 8.5256598807e-14 9.9707911005e-01 3.7815492837e+01
5.3200000000e+00 5.7335733474e+01 8.1584775035e-14 9.9624519253e-01 3.7919924306e+01
5.3300000000e+00 5.7339135579e+01 8.1178506198e-14 9.9429203757e-01 3.8025218897e+01
5.3400000000e+00 5.7344396642e+01 8.0362299393e-14 9.9127815925e-01 3.8131454307e+01
5.3500000000e+00 5.7352172263e+01 8.4825852575e-14 9.8770055344e-01 3.8238670167e+01
5.3600000000e+00 5.7362604545e+01 8.4465502123e-14 9.8450122202e-01 3.8346864833e+01
5.3700000000e+00 5.7374938557e+01 8.0665629785e-14 9.8309760736e-01 3.8456004334e+01
5.3800000000e+00 5.7387258752e+01 8.2074020856e-14 9.8493893151e-01 3.8566039752e+01
5.3900000000e+00 5.7396846527e+01 7.8674401856e-14 9.9048936138e-01 3.8676924161e+01
5.4000000000e+00 5.7401240075e+01 7.9465991923e-14 9.9862739890e-01 3.8788619899e+01
5.4100000000e+00 5.7399229571e+01 7.8295286019e-14 1.0073348063e+00 3.8901095014e+01
5.4200000000e+00 5.7391031504e+01 7.7233628457e-14 1.0149390527e+00 3.9014316335e+01
5.4300000000e+00 5.7377768580e+01 8.1156012133e-14 1.0207117589e+00 3.9128246246e+01
5.4400000000e+00 5.7360812733e+01 8.0351006013e-14 1.0246963921e+00 3.9242843929e+01
5.4500000000e+00 5.7341366403e+01 7.9861024679e-14 1.0272935932e+00 3.9358068267e+01
5.4600000000e+00 5.7320308007e+01 8.2844158434e-14 1.0289527869e+00 3.9473879883e+01
5.4700000000e+00 5.7298212743e+01 8.4994171253e-14 1.0300202293e+00 3.9590241214e+01
5.4800000000e+00 5.7275449085e+01 7.9311993202e-14 1.0306830657e+00 3.9707114442e+01
5.4900000000e+00 5.7252305970e+01 8.5439434395e-14 1.0309512971e+00 3.9824457185e+01
5.5000000000e+00 5.7229126585e+01 8.1151170823e-14 1.0306543210e+00 3.9942215752e+01
5.5100000000e+00 5.7206442563e+01 8.1619214352e-14 1.0294629478e+00 4.0060315778e+01
5.5200000000e+00 5.7185070240e+01 8.2594474641e-14 1.0269884855e+00 4.0178650659e+01
5.5300000000e+00 5.7166083883e+01 7.6905846909e-14 1.0230435399e+00 4.0297070507e+01
5.5400000000e+00 5.7150506449e+01 7.9359301725e-14 1.0180777489e+00 4.0415378707e+01
5.5500000000e+00 5.7138665985e+01 7.9541281438e-14 1.0134665755e+00 4.0533347290e+01
5.5600000000e+00 5.7129606585e+01 7.8756630439e-14 1.0109203353e+00 4.0650757013e+01
5.5700000000e+00 5.7121439542e+01 7.7608659338e-14 1.0108548955e+00 4.0767445001e+01
5.5800000000e+00 5.7112884344e+01 7.6381084886e-14 1.0112748733e+00 4.0883318814e+01
5.5900000000e+00 5.7104835998e+01 7.5286711069e-14 1.0087520292e+00 4.0998311588e+01
5.6000000000e+00 5.7100592161e+01 7.5819393359e-14 1.0007738549e+00 4.1112305967e+01
5.6100000000e+00 5.7104337608e+01 7.5664122357e-14 9.8794702329e-01 4.1225088740e+01
5.6200000000e+00 5.7118259472e+01 7.2051164860e-14 9.7488975027e-01 4.1336389845e+01
5.6300000000e+00 5.7140110578e+01 6.7517718282e-14 9.6779795849e-01 4.1446012148e+01
5.6400000000e+00 5.7164106037e+01 6.2886956192e-14 9.6926920377e-01 4.1553969146e+01
5.6500000000e+00 5.7184711459e+01 6.5962011603e-14 9.7655259194e-01 4.1660502166e+01
5.6600000000e+00 5.7199252253e+01 6.3248057139e-14 9.8530509657e-01 4.1765953160e+01
5.6700000000e+00 5.7207580481e+01 6.3523896737e-14 9.9314097171e-01 4.1870601793e+01
5.6800000000e+00 5.7210474070e+01 6.4660460280e-14 9.9984438782e-01 4.1974575461e+01
5.6900000000e+00 5.7208526221e+01 6.6872876396e-14 1.0059922781e+00 4.2077864480e+01
5.7000000000e+00 5.7202029091e+01 6.7624339697e-14 1.0116845705e+00 4.2180407381e+01
5.7100000000e+00 5.7191617345e+01 7.1297153434e-14 1.0159780584e+00 4.2282173949e+01
5.7200000000e+00 5.7178897650e+01 7.1248730198e-14 1.0175291818e+00 4.2383188732e+01
5.7300000000e+00 5.7166182487e+01 7.5753178172e-14 1.0160624716e+00 4.2483500205e+01
5.7400000000e+00 5.7155243059e+01 6.9381033801e-14 1.0132484043e+00 4.2583148832e+01
5.7500000000e+00 5.7146043130e+01 7.4649021806e-14 1.0118125329e+00 4.2682175582e+01
5.7600000000e+00 5.7136827282e+01 7.0471182388e-14 1.0132632748e+00 4.2780661174e+01
5.7700000000e+00 5.7125683693e+01 6.8530286728e-14 1.0166460555e+00 4.2878748907e+01
5.7800000000e+00 5.7111995862e+01 7.1604651423e-14 1.0197895300e+00 4.2976622585e+01
5.7900000000e+00 5.7096550111e+01 7.1304327651e-14 1.0212286069e+00 4.3074460721e+01
5.8000000000e+00 5.7080710770e+01 7.2519343900e-14 1.0208682247e+00 4.3172403281e+01
5.8100000000e+00 5.7065540638e+01 7.5654673363e-14 1.0195750877e+00 4.3270543987e+01
5.8200000000e+00 5.7051314943e+01 7.4699221661e-14 1.0185157109e+00 4.3368940135e+01
5.8300000000e+00 5.7037506592e+01 7.3539705745e-14 1.0185964913e+00 4.3467628092e+01
5.8400000000e+00 5.7023112437e+01 7.4974339875e-14 1.0201354648e+00 4.3566636363e+01
5.8500000000e+00 5.7007114199e+01 7.5410402359e-14 1.0228679370e+00 4.3665992477e+01
5.8600000000e+00 5.6988817386e+01 7.7355541137e-14 1.0262171092e+00 4.3765723478e+01
5.8700000000e+00 5.6967971501e+01 7.2554178928e-14 1.0295875671e+00 4.3865852069e+01
5.8800000000e+00 5.6944729152e+01 7.1673731901e-14 1.0324889485e+00 4.3966390544e+01
5.8900000000e+00 5.6919583580e+01 7.2691317348e-14 1.0344797108e+00 4.4067333325e+01
5.9000000000e+00 5.6893381798e+01 6.8452520007e-14 1.0350310735e+00 4.4168647352e+01
5.9100000000e+00 5.6867437123e+01 6.8315893851e-14 1.0334449045e+00 4.4270259205e+01
5.9200000000e+00 5.6843638147e+01 7.3767970808e-14 1.0290239853e+00 4.4372039781e+01
5.9300000000e+00 5.6824254119e+01 7.1893606160e-14 1.0217715151e+00 4.4473793535e+01
5.9400000000e+00 5.6810948235e+01 6.8904545534e-14 1.0135691505e+00 4.4575270192e+01
5.9500000000e+00 5.6803021902e+01 6.7253861685e-14 1.0084259774e+00 4.4676221571e+01
5.9600000000e+00 5.6796647874e+01 6.2103855573e-14 1.0097476427e+00 4.4776495373e+01
5.9700000000e+00 5.6786991675e+01 6.1732493482e-14 1.0167776299e+00 4.4876097279e+01
5.9800000000e+00 5.6771269573e+01 6.6296956528e-14 1.0255243585e+00 4.4975157236e+01
5.9900000000e+00 5.6749515674e+01 6.6005373249e-14 1.0327153914e+00 4.5073836209e+01
6.0000000000e+00 5.6723277007e+01 6.3611032107e-14 1.0374505403e+00 4.5172257869e+01
6.0100000000e+00 5.6694186966e+01 5.9762001926e-14 1.0403021322e+00 4.5270493252e+01
6.0200000000e+00 5.6663333672e+01 6.2032388906e-14 1.0421388829e+00 4.5368574554e+01
6.0300000000e+00 5.6631244616e+01 6.0790185424e-14 1.0435839543e+00 4.5466511912e+01
6.0400000000e+00 5.6598097712e+01 6.5897231278e-14 1.0449507799e+00 4.5564302619e+01
6.0500000000e+00 5.6563910579e+01 6.2845782351e-14 1.0463529675e+00 4.5661933074e+01
6.0600000000e+00 5.6528648891e+01 6.7452239212e-14 1.0478081955e+00 4.5759377200e+01
6.0700000000e+00 5.6492282147e+01 6.8612523965e-14 1.0492795909e+00 4.5856594462e+01
6.0800000000e+00 5.6454826427e+01 6.9734932305e-14 1.0506780067e+00 4.5953528575e+01
6.0900000000e+00 5.6416381881e+01 7.2933984679e-14 1.0518790070e+00 4.6050107041e+01
6.1000000000e+00 5.6377137480e+01 7.1951360641e-14 1.0527920160e+00 4.6146242144e+01
6.1100000000e+00 5.6337308448e+01 7.0447390926e-14 1.0534650538e+00 4.6241835961e+01
6.1200000000e+00 5.6296997874e+01 7.0691832817e-14 1.0541308932e+00 4.6336792729e+01
6.1300000000e+00 5.6256091848e+01 6.6489012918e-14 1.0550659486e+00 4.6431039188e+01
6.1400000000e+00 5.6214346753e+01 6.6115715356e-14 1.0562599003e+00 4.6524545906e+01
6.1500000000e+00 5.6171731228e+01 6.5991366139e-14 1.0571463155e+00 4.6617336205e+01
6.1600000000e+00 5.6128831026e+01 6.7686556601e-14 1.0567424337e+00 4.6709473060e+01
6.1700000000e+00 5.6086954623e+01 6.1056311231e-14 1.0542394230e+00 4.6801030614e+01
6.1800000000e+00 5.6047738959e+01 5.8699623733e-14 1.0495446496e+00 4.6892073390e+01
6.1900000000e+00 5.6012639577e+01 6.0930512318e-14 1.0429490309e+00 4.6982666421e+01
6.2000000000e+00 5.5983181009e+01 6.4869334724e-14 1.0339561792e+00 4.7072915794e+01
6.2100000000e+00 5.5961756515e+01 6.5993677517e-14 1.0218714891e+00 4.7163006520e+01
6.2200000000e+00 5.5950020610e+01 6.5745852400e-14 1.0104665510e+00 4.7253202151e+01
6.2300000000e+00 5.5943684324e+01 6.7010766236e-14 1.0093416338e+00 4.7343808105e+01
6.2400000000e+00 5.5932558695e+01 6.9301954055e-14 1.0220452772e+00 4.7435128121e+01
6.2500000000e+00 5.5909632476e+01 7.0165765778e-14 1.0392543389e+00 4.7527435111e+01
6.2600000000e+00 5.5875645552e+01 7.0279134423e-14 1.0510934800e+00 4.7620965007e+01
6.2700000000e+00 5.5835671506e+01 7.0233014787e-14 1.0551031840e+00 4.7715930867e+01
6.2800000000e+00 5.5794876224e+01 6.9601421258e-14 1.0532467277e+00 4.7812541448e+01
6.2900000000e+00 5.5756637491e+01 7.2003762267e-14 1.0484137361e+00 4.7911006003e+01
6.3000000000e+00 5.5722242742e+01 7.4045467131e-14 1.0432691916e+00 4.8011512673e+01
6.3100000000e+00 5.5691154197e+01 7.0155993508e-14 1.0398626342e+00 4.8114179807e+01
6.3200000000e+00 5.5661648650e+01 6.8478444560e-14 1.0391487585e+00 4.8218999458e+01
6.3300000000e+00 5.5631781999e+01 7.2088619938e-14 1.0407092915e+00 4.8325805446e+01
6.3400000000e+00 5.5600340133e+01 7.1048396957e-14 1.0430477520e+00 4.8434284379e+01
6.3500000000e+00 5.5567414507e+01 6.9493775918e-14 1.0441910895e+00 4.8544014276e+01
6.3600000000e+00 5.5534600864e+01 6.5740227797e-14 1.0420844607e+00 4.8654494681e+01
6.3700000000e+00 5.5505039244e+01 6.5110960001e-14 1.0347353305e+00 4.8765139578e+01
6.3800000000e+00 5.5483300160e+01 6.4987059089e-14 1.0207723560e+00 4.8875230488e+01
6.3900000000e+00 5.5474336081e+01 6.6541201004e-14 1.0014996651e+00 4.8983870033e+01
6.4000000000e+00 5.5480118345e+01 6.7689014952e-14 9.8379973061e-01 4.9090043642e+01
6.4100000000e+00 5.5495405177e+01 6.6542127187e-14 9.7780380223e-01 4.9192909510e+01
6.4200000000e+00 5.5509494561e+01 7.0961426893e-14 9.8645988614e-01 4.9292197748e+01
6.4300000000e+00 5.5514071706e+01 6.6999452979e-14 1.0021868948e+00 4.9388303776e+01
6.4400000000e+00 5.5507259047e+01 6.5718545133e-14 1.0162929759e+00 4.9481956697e+01
6.4500000000e+00 5.5491776148e+01 6.8687193530e-14 1.0248726970e+00 4.9573832937e+01
6.4600000000e+00 5.5471954341e+01 6.8072879098e-14 1.0274289430e+00 4.9664368597e+01
6.4700000000e+00 5.5452084907e+01 6.1732418606e-14 1.0246997971e+00 4.9753727689e+01
6.4800000000e+00 5.5435735806e+01 6.5414303867e-14 1.0180589395e+00 4.9841836808e+01
6.4900000000e+00 5.5425126884e+01 6.1494831412e-14 1.0098083861e+00 4.9928462308e+01
6.5000000000e+00 5.5420364966e+01 6.1154244662e-14 1.0030055226e+00 5.0013341302e+01
6.5100000000e+00 5.5419399470e+01 6.8803939027e-14 9.9988212180e-01 5.0096345711e+01
6.5200000000e+00 5.5419432648e+01 7.0452902164e-14 1.0001816968e+00 5.0177591480e+01
6.5300000000e+00 5.5418680436e+01 7.0783683582e-14 1.0018422576e+00 5.0257412943e+01
6.5400000000e+00 5.5416796798e+01 7.1683619670e-14 1.0032840977e+00 5.0336237165e+01
6.5500000000e+00 5.5413991961e+01 7.0431292145e-14 1.0044860594e+00 5.0414466789e+01
6.5600000000e+00 5.5410127160e+01 7.1672635564e-14 1.0062198892e+00 5.0492430610e+01
6.5700000000e+00 5.5404607168e+01 7.1431118711e-14 1.0088681889e+00 5.0570386456e+01
6.5800000000e+00 5.5396860601e+01 7.1787938512e-14 1.0120525047e+00 5.0648539124e+01
6.5900000000e+00 5.5386750099e+01 7.2272449097e-14 1.0150622098e+00 5.0727052243e+01
6.6000000000e+00 5.5374616290e+01 7.9089345910e-14 1.0173516449e+00 5.0806051877e+01
6.6100000000e+00 5.5361092097e+01 7.7583303257e-14 1.0186730790e+00 5.0885627033e+01
6.6200000000e+00 5.5346927071e+01 7.6521996131e-14 1.0189562308e+00 5.0965830960e+01
6.6300000000e+00 5.5332906520e+01 7.5846111079e-14 1.0181809709e+00 5.1046684042e+01
6.6400000000e+00 5.5319828968e+01 7.6030177063e-14 1.0163494628e+00 5.1128177470e+01
6.6500000000e+00 5.5308471469e+01 7.3235767358e-14 1.0135343435e+00 5.1210276857e+01
6.6600000000e+00 5.5299513113e+01 7.4250268333e-14 1.0099333778e+00 5.1292925817e+01
6.6700000000e+00 5.5293436088e+01 6.9275870622e-14 1.0058712068e+00 5.1376050236e+01
6.6800000000e+00 5.5290451926e+01 6.8996966812e-14 1.0017330413e+00 5.1459564089e+01
6.6900000000e+00 5.5290491597e+01 6.9691680363e-14 9.9788017642e-01 5.1543376833e+01
6.7000000000e+00 5.5293237633e+01 6.9324182820e-14 9.9463207134e-01 5.1627401117e+01
6.7100000000e+00 5.5298127668e+01 7.3538700081e-14 9.9233829989e-01 5.1711558641e+01
6.7200000000e+00 5.5304299941e+01 7.1003276089e-14 9.9143296188e-01 5.1795782536e+01
6.7300000000e+00 5.5310553416e+01 7.7942578636e-14 9.9232099114e-01 5.1880017250e+01
6.7400000000e+00 5.5315468146e+01 7.9097137949e-14 9.9510926840e-01 5.1964219729e+01
6.7500000000e+00 5.5317721304e+01 7.3548085741e-14 9.9940724941e-01 5.2048364746e+01
6.7600000000e+00 5.5316450179e+01 7.3901585127e-14 1.0044058398e+00 5.2132452277e+01
6.7700000000e+00 5.5311459853e+01 7.8603790143e-14 1.0091858309e+00 5.2216511119e+01
6.7800000000e+00 5.5303183145e+01 8.1964409456e-14 1.0130271821e+00 5.2300595070e+01
6.7900000000e+00 5.5292473184e+01 7.8070074734e-14 1.0155488736e+00 5.2384773463e+01
6.8000000000e+00 5.5280355159e+01 8.3957822282e-14 1.0166734905e+00 5.2469120886e+01
6.8100000000e+00 5.5267843003e+01 7.9915103422e-14 1.0165052340e+00 5.2553709806e+01
6.8200000000e+00 5.5255847074e+01 8.1359143833e-14 1.0152077819e+00 5.2638607177e+01
6.8300000000e+00 5.5245161248e+01 8.1409729277e-14 1.0129231776e+00 5.2723874098e+01
6.8400000000e+00 5.5236492413e+01 7.8286882793e-14 1.0097425572e+00 5.2809566963e+01
6.8500000000e+00 5.5230495223e+01 8.3103808770e-14 1.0057248796e+00 5.2895738722e+01
6.8600000000e+00 5.5227775494e+01 9.0978170579e-14 1.0009568599e+00 5.2982439132e+01
6.8700000000e+00 5.5228842951e+01 9.0905031426e-14 9.9564052585e-01 5.3069713377e+01
6.8800000000e+00 5.5233989031e+01 9.1393408336e-14 9.9016985932e-01 5.3157598791e+01
6.8900000000e+00 5.5243135187e+01 9.2971484069e-14 9.8513420925e-01 5.3246120172e+01
6.9000000000e+00 5.5255720125e+01 9.2994085830e-14 9.8119653826e-01 5.3335285069e+01
6.9100000000e+00 5.5270721909e+01 8.5811909136e-14 9.7887919626e-01 5.3425081034e+01
6.9200000000e+00 5.5286832672e+01 8.5354419796e-14 9.7838803804e-01 5.3515476600e+01
6.9300000000e+00 5.5302716140e+01 8.5572271669e-14 9.7958721096e-01 5.3606426073e+01
6.9400000000e+00 5.5317224941e+01 8.5423419438e-14 9.8210313832e-01 5.3697876587e+01
6.9500000000e+00 5.5329535540e+01 8.7698641841e-14 9.8544728903e-01 5.3789775125e+01
6.9600000000e+00 5.5339202956e+01 8.6610507658e-14 9.8910498002e-01 5.3882073906e+01
6.9700000000e+00 5.5346158000e+01 8.7009262873e-14 9.9260826375e-01 5.3974733613e+01
6.9800000000e+00 5.5350646774e+01 8.5070635509e-14 9.9560362678e-01 5.4067724698e+01
6.9900000000e+00 5.5353126379e+01 8.6441557596e-14 9.9789426587e-01 5.4161027299e+01
7.0000000000e+00 5.5354146952e+01 8.4405887401e-14 9.9943710910e-01 5.4254630347e+01
7.0100000000e+00 5.5354247842e+01 8.5003669607e-14 1.0003047717e+00 5.4348530376e+01
7.0200000000e+00 5.5353889522e+01 8.3298991079e-14 1.0006354797e+00 5.4442730351e+01
7.0300000000e+00 5.5353419526e+01 8.4913428637e-14 1.0005912630e+00 5.4537238653e+01
7.0400000000e+00 5.5353063767e+01 8.8552118521e-14 1.0003289335e+00 5.4632068250e+01
7.0500000000e+00 5.5352939212e+01 8.6018303831e-14 9.9998337590e-01 5.4727235860e+01
7.0600000000e+00 5.5353069322e+01 9.1554836396e-14 9.9965899747e-01 5.4822761035e+01
7.0700000000e+00 5.5353413150e+01 8.9061911811e-14 9.9942501210e-01 5.4918664983e+01
7.0800000000e+00 5.5353889316e+01 8.9947680222e-14 9.9931690683e-01 5.5014969169e+01
7.0900000000e+00 5.5354399887e+01 8.9179869519e-14 9.9934179632e-01 5.5111693710e+01
7.1000000000e+00 5.5354849428e+01 8.6334029148e-14 9.9949032221e-01 5.5208855618e+01
7.1100000000e+00 5.5355147848e+01 8.4648590298e-14 9.9975635902e-01 5.5306467014e+01
7.1200000000e+00 5.5355205475e+01 8.4578594218e-14 1.0001565541e+00 5.5404533243e+01
7.1300000000e+00 5.5354905714e+01 8.9785473325e-14 1.0007386164e+00 5.5503050379e+01
7.1400000000e+00 5.5354087258e+01 8.8538180593e-14 1.0015593718e+00 5.5602000852e+01
7.1500000000e+00 5.5352559471e+01 9.0661946743e-14 1.0026158998e+00 5.5701344655e+01
7.1600000000e+00 5.5350182008e+01 9.1668998071e-14 1.0037285995e+00 5.5801001600e+01
7.1700000000e+00 5.5347049126e+01 9.0755028186e-14 1.0044073952e+00 5.5900818103e+01
7.1800000000e+00 5.5343762546e+01 8.7219042381e-14 1.0037795476e+00 5.6000511005e+01
7.1900000000e+00 5.5341704435e+01 8.9909987787e-14 1.0007663947e+00 5.6099586358e+01
7.2000000000e+00 5.5342994812e+01 8.8331132793e-14 9.9487146462e-01 5.6197255393e+01
7.2100000000e+00 5.5349491322e+01 9.0769016118e-14 9.8775873446e-01 5.6292429906e+01
7.2200000000e+00 5.5360530786e+01 9.0462127499e-14 9.8411595262e-01 5.6383945214e+01
7.2300000000e+00 5.5371469665e+01 8.9188714809e-14 9.8851408809e-01 5.6471062679e+01
7.2400000000e+00 5.5376183358e+01 8.9645542314e-14 1.0000756172e+00 5.6553930389e+01
7.2500000000e+00 5.5371400428e+01 9.1783706007e-14 1.0131135959e+00 5.6633526096e+01
7.2600000000e+00 5.5357964435e+01 8.8134525290e-14 1.0227645642e+00 5.6711147689e+01
7.2700000000e+00 5.5339040280e+01 8.7063290352e-14 1.0275984180e+00 5.6787953802e+01
7.2800000000e+00 5.5317922783e+01 8.7437675816e-14 1.0286736141e+00 5.6864796091e+01
7.2900000000e+00 5.5296684045e+01 8.5994352399e-14 1.0281548446e+00 5.6942242832e+01
7.3000000000e+00 5.5275684414e+01 9.0140606574e-14 1.0282364689e+00 5.7020649240e+01
7.3100000000e+00 5.5253963362e+01 8.8422015454e-14 1.0299841924e+00 5.7100211606e+01
7.3200000000e+00 5.5230457314e+01 8.8840199742e-14 1.0325526086e+00 5.7181002623e+01
7.3300000000e+00 5.5205360990e+01 8.9573189938e-14 1.0335711056e+00 5.7263002935e+01
7.3400000000e+00 5.5180820008e+01 9.3180456928e-14 1.0304159170e+00 5.7346135025e+01
7.3500000000e+00 5.5160652157e+01 9.4459054397e-14 1.0215432661e+00 5.7430292331e+01
7.3600000000e+00 5.5149112245e+01 9.2339058376e-14 1.0077269245e+00 5.7515353385e+01
7.3700000000e+00 5.5148714652e+01 9.5153367600e-14 9.9295048659e-01 5.7601175996e+01
7.3800000000e+00 5.5157950658e+01 9.4551135378e-14 9.8329473108e-01 5.7687576223e+01
7.3900000000e+00 5.5171144715e+01 9.8020118961e-14 9.8290886944e-01 5.7774308634e+01
7.4000000000e+00 5.5181458531e+01 9.6988831801e-14 9.9068318039e-01 5.7861063912e+01
7.4100000000e+00 5.5184556847e+01 9.5056116025e-14 1.0017101885e+00 5.7947483128e+01
7.4200000000e+00 5.5179733989e+01 9.6492385370e-14 1.0118147919e+00 5.8033192246e+01
7.4300000000e+00 5.5168022054e+01 9.7004795703e-14 1.0203621411e+00 5.8117891517e+01
7.4400000000e+00 5.5149955961e+01 9.7963515477e-14 1.0285903581e+00 5.8201507637e+01
7.4500000000e+00 5.5125753513e+01 9.7849029326e-14 1.0360730067e+00 5.8284313973e+01
7.4600000000e+00 5.5096873721e+01 9.6045778222e-14 1.0406512510e+00 5.8366901315e+01
7.4700000000e+00 5.5066014854e+01 9.8464452655e-14 1.0415166753e+00 5.8450011834e+01
7.4800000000e+00 5.5035339479e+01 9.6149480384e-14 1.0405640250e+00 5.8534342222e+01
7.4900000000e+00 5.5005125595e+01 9.6296792609e-14 1.0403974114e+00 5.8620387712e+01
7.5000000000e+00 5.4974382849e+01 9.4298398900e-14 1.0417279176e+00 5.8708366207e+01
7.5100000000e+00 5.4942460625e+01 9.5610783172e-14 1.0432608194e+00 5.8798248623e+01
7.5200000000e+00 5.4909811399e+01 9.5669422883e-14 1.0435100989e+00 5.8889863900e+01
7.5300000000e+00 5.4877627855e+01 9.4476799355e-14 1.0419358366e+00 5.8983004065e+01
7.5400000000e+00 5.4847199933e+01 9.2773998609e-14 1.0387729475e+00 5.9077486342e+01
7.5500000000e+00 5.4819543733e+01 9.1190630056e-14 1.0345207519e+00 5.9173178348e+01
7.5600000000e+00 5.4795297216e+01 8.8177781956e-14 1.0297152834e+00 5.9270005426e+01
7.5700000000e+00 5.4774685046e+01 8.5141023314e-14 1.0249390687e+00 5.9367947331e+01
7.5800000000e+00 5.4757464651e+01 8.3583794986e-14 1.0208268061e+00 5.9467022200e+01
7.5900000000e+00 5.4742927204e+01 8.2357074334e-14 1.0179402882e+00 5.9567257658e+01
7.6000000000e+00 5.4730028566e+01 8.7745836020e-14 1.0165666547e+00 5.9668656951e+01
7.6100000000e+00 5.4717649192e+01 8.7124588277e-14 1.0166036933e+00 5.9771173311e+01
7.6200000000e+00 5.4704868613e+01 8.6603676282e-14 1.0176397953e+00 5.9874703474e+01
7.6300000000e+00 5.4691119834e+01 8.7834570311e-14 1.0191676118e+00 5.9979101698e+01
7.6400000000e+00 5.4676186694e+01 8.7028048837e-14 1.0207714034e+00 6.0084206038e+01
7.6500000000e+00 5.4660107587e+01 8.7533816292e-14 1.0221929891e+00 6.0189865119e+01
7.6600000000e+00 5.4643065695e+01 8.6170544919e-14 1.0233030651e+00 6.0295956816e+01
7.6700000000e+00 5.4625314088e+01 8.8282366652e-14 1.0240488164e+00 6.0402395915e+01
7.6800000000e+00 5.4607130985e+01 8.7695321309e-14 1.0244100937e+00 6.0509132149e+01
7.6900000000e+00 5.4588808952e+01 8.8598927638e-14 1.0243567626e+00 6.0616141743e+01
7.7000000000e+00 5.4570680459e+01 8.7096147159e-14 1.0237868218e+00 6.0723414608e+01
7.7100000000e+00 5.4553201009e+01 8.5516311285e-14 1.0224253457e+00 6.0830936614e+01
7.7200000000e+00 5.4537125322e+01 8.7926930004e-14 1.0196565672e+00 6.0938661908e+01
7.7300000000e+00 5.4523845098e+01 8.7839130964e-14 1.0142320310e+00 6.1046462372e+01
7.7400000000e+00 5.4516018782e+01 8.3885853931e-14 1.0038131073e+00 6.1154027724e+01
7.7500000000e+00 5.4518623198e+01 8.1957792392e-14 9.8476659048e-01 6.1260673317e+01
7.7600000000e+00 5.4539699475e+01 8.4890780806e-14 9.5481754478e-01 6.1365040707e+01
7.7700000000e+00 5.4585961304e+01 8.3432521626e-14 9.2342423612e-01 6.1464930170e+01
7.7800000000e+00 5.4648419178e+01 8.1809802783e-14 9.1655040531e-01 6.1558050518e+01
7.7900000000e+00 5.4702475058e+01 8.0929775727e-14 9.4229609055e-01 6.1643861953e+01
7.8000000000e+00 5.4733577009e+01 8.0611232670e-14 9.7536753343e-01 6.1724168123e+01
7.8100000000e+00 5.4744053815e+01 8.3585343388e-14 9.9717894635e-01 6.1801455464e+01
7.8200000000e+00 5.4742593652e+01 8.1478646782e-14 1.0068739029e+00 6.1877518240e+01
7.8300000000e+00 5.4736666296e+01 8.2453626339e-14 1.0086377518e+00 6.1953334785e+01
7.8400000000e+00 5.4731060730e+01 8.1569759928e-14 1.0056307341e+00 6.2029378473e+01
7.8500000000e+00 5.4728777955e+01 8.1372380114e-14 9.9943666607e-01 6.2105873609e+01
7.8600000000e+00 5.4732003457e+01 8.2266252580e-14 9.9062602252e-01 6.2182938623e+01
7.8700000000e+00 5.4742674891e+01 8.1517667242e-14 9.7940232936e-01 6.2260659128e+01
7.8800000000e+00 5.4762481571e+01 7.8743717566e-14 9.6650276017e-01 6.2339124312e+01
7.8900000000e+00 5.4792035192e+01 8.0672887602e-14 9.5428658091e-01 6.2418440750e+01
7.9000000000e+00 5.4829415621e+01 7.9326270297e-14 9.4685011505e-01 6.2498725079e+01
7.9100000000e+00 5.4869537745e+01 8.3400910612e-14 9.4775563435e-01 6.2580075299e+01
7.9200000000e+00 5.4905902414e+01 7.9989584983e-14 9.5684549273e-01 6.2662533210e+01
7.9300000000e+00 5.4933713331e+01 8.2059921411e-14 9.7013034556e-01 6.2746065556e+01
7.9400000000e+00 5.4951561844e+01 7.9764038686e-14 9.8300039227e-01 6.2830581189e+01
7.9500000000e+00 5.4960790449e+01 8.1888280935e-14 9.9283587775e-01 6.2915969604e+01
7.9600000000e+00 5.4963883072e+01 8.0237888782e-14 9.9918068359e-01 6.3002133591e+01
7.9700000000e+00 5.4963221160e+01 8.2044523778e-14 1.0027347964e+00 6.3089003716e+01
7.9800000000e+00 5.4960549015e+01 8.2963992314e-14 1.0044812199e+00 6.3176538536e+01
7.9900000000e+00 5.4956919648e+01 7.8731193969e-14 1.0052579112e+00 6.3264718503e+01
8.0000000000e+00 5.4952854609e+01 7.9976158376e-14 1.0056191403e+00 6.3353539396e+01
8.0100000000e+00 5.4948562371e+01 8.1193764445e-14 1.0058087976e+00 6.3443008423e+01
8.0200000000e+00 5.4944173283e+01 8.2795640382e-14 1.0057411472e+00 6.3533144949e+01
8.0300000000e+00 5.4940004284e+01 8.0616966446e-14 1.0049216261e+00 6.3623987869e+01
8.0400000000e+00 5.4936916332e+01 8.0549339266e-14 1.0022167931e+00 6.3715613420e+01
8.0500000000e+00 5.4936942756e+01 8.0846288954e-14 9.9536450042e-01 6.3808171450e+01
8.0600000000e+00 5.4944418591e+01 7.6712233493e-14 9.8038660413e-01 6.3901955639e+01
8.0700000000e+00 5.4967424679e+01 7.5793032130e-14 9.5283113923e-01 6.3997524154e+01
8.0800000000e+00 5.5015923644e+01 8.1513660187e-14 9.1672338431e-01 6.4095823694e+01
8.0900000000e+00 5.5088110635e+01 8.4684057882e-14 8.9690066803e-01 6.4198041152e+01
8.1000000000e+00 5.5160846079e+01 8.5029603409e-14 9.1336464669e-01 6.4304872065e+01
8.1100000000e+00 5.5213941252e+01 8.5307546185e-14 9.4598244288e-01 6.4415920778e+01
8.1200000000e+00 5.5245502922e+01 8.6009329543e-14 9.7081195249e-01 6.4530181398e+01
8.1300000000e+00 5.5262606699e+01 8.4150877316e-14 9.8445949477e-01 6.4646765788e+01
8.1400000000e+00 5.5271913778e+01 8.1455573574e-14 9.9124293581e-01 6.4765093399e+01
8.1500000000e+00 5.5277317171e+01 8.2389470383e-14 9.9458853493e-01 6.4884799403e+01
8.1600000000e+00 5.5280811205e+01 8.4553888748e-14 9.9617241871e-01 6.5005638690e+01
8.1700000000e+00 5.5283469261e+01 8.3471514706e-14 9.9673199765e-01 6.5127436025e+01
8.1800000000e+00 5.5285935967e+01 8.7053609649e-14 9.9663623853e-01 6.5250063675e+01
8.1900000000e+00 5.5288623785e+01 8.9296118536e-14 9.9612309135e-01 6.5373429697e+01
8.2000000000e+00 5.5291783305e+01 9.7208902112e-14 9.9537494325e-01 6.5497469664e+01
8.2100000000e+00 5.5295539688e+01 9.6206446505e-14 9.9453884211e-01 6.5622139786e+01
8.2200000000e+00 5.5299917737e+01 1.0018032730e-13 9.9373316129e-01 6.5747411087e+01
8.2300000000e+00 5.5304861865e+01 9.8160244879e-14 9.9305139900e-01 6.5873264531e+01
8.2400000000e+00 5.5310254343e+01 1.0031355001e-13 9.9256421576e-01 6.5999687077e+01
8.2500000000e+00 5.5315931531e+01 9.9167342969e-14 9.9231892952e-01 6.6126668476e+01
8.2600000000e+00 5.5321702621e+01 1.0047556709e-13 9.9233728572e-01 6.6254198679e+01
8.2700000000e+00 5.5327370047e+01 1.0658755400e-13 9.9261241469e-01 6.6382265753e+01
8.2800000000e+00 5.5332751644e+01 1.0839514263e-13 9.9310550326e-01 6.6510854156e+01
8.2900000000e+00 5.5337706932e+01 1.0913646215e-13 9.9374402819e-01 6.6639943196e+01
8.3000000000e+00 5.5342160592e+01 1.0942092794e-13 9.9442141138e-01 6.6769505377e+01
8.3100000000e+00 5.5346127843e+01 1.0979736662e-13 9.9500444272e-01 6.6899504510e+01
8.3200000000e+00 5.5349729269e+01 1.0900026947e-13 9.9535509259e-01 6.7029893556e+01
8.3300000000e+00 5.5353180407e+01 1.1365329027e-13 9.9538004194e-01 6.7160612785e+01
8.3400000000e+00 5.5356728904e+01 1.0965858056e-13 9.9511265439e-01 6.7291589309e+01
8.3500000000e+00 5.5360526573e+01 1.0281036874e-13 9.9480117811e-01 6.7422739835e+01
8.3600000000e+00 5.5364450639e+01 1.0360100154e-13 9.9491058532e-01 6.7553978144e+01
8.3700000000e+00 5.5367990876e+01 1.0841640490e-13 9.9590849935e-01 6.7685226413e+01
8.3800000000e+00 5.5370404555e+01 1.1129382243e-13 9.9781574393e-01 6.7816424874e+01
8.3900000000e+00 5.5371231755e+01 1.1038627962e-13 9.9976216281e-01 6.7947530530e+01
8.4000000000e+00 5.5371032072e+01 1.1048398249e-13 9.9990956060e-01 6.8078497871e+01
8.4100000000e+00 5.5371988401e+01 1.1191143085e-13 9.9591883706e-01 6.8209243058e+01
8.4200000000e+00 5.5377971101e+01 1.1571034165e-13 9.8604327032e-01 6.8339603251e+01
8.4300000000e+00 5.5393480392e+01 1.1159664790e-13 9.7102567967e-01 6.8469311867e+01
8.4400000000e+00 5.5420886874e+01 1.1288638581e-13 9.5605977026e-01 6.8598020303e+01
8.4500000000e+00 5.5457048703e+01 1.1605484737e-13 9.4949958145e-01 6.8725392117e+01
8.4600000000e+00 5.5493299904e+01 1.1550167232e-13 9.5622990899e-01 6.8851243376e+01
8.4700000000e+00 5.5520570569e+01 1.1795381642e-13 9.7269138281e-01 6.8975628671e+01
8.4800000000e+00 5.5534585622e+01 1.2047122072e-13 9.9071926864e-01 6.9098797516e+01
8.4900000000e+00 5.5536570639e+01 1.1734302405e-13 1.0042105613e+00 6.9221069030e+01
8.5000000000e+00 5.5530720413e+01 1.1763534647e-13 1.0113338682e+00 6.9342723850e+01
8.5100000000e+00 5.5521463728e+01 1.1843936030e-13 1.0132585535e+00 6.9463957921e+01
8.5200000000e+00 5.5511851836e+01 1.2228325454e-13 1.0124210951e+00 6.9584886966e+01
8.5300000000e+00 5.5503056484e+01 1.2264387073e-13 1.0112384393e+00 6.9705574677e+01
8.5400000000e+00 5.5494743646e+01 1.2362885487e-13 1.0111415882e+00 6.9826061043e+01
8.5500000000e+00 5.5486033102e+01 1.2029368938e-13 1.0120912457e+00 6.9946374326e+01
8.5600000000e+00 5.5476548515e+01 1.2119430696e-13 1.0128160512e+00 7.0066520116e+01
8.5700000000e+00 5.5467094992e+01 1.2189451254e-13 1.0114864810e+00 7.0186451340e+01
8.5800000000e+00 5.5459855510e+01 1.2323196764e-13 1.0064035156e+00 7.0306029076e+01
8.5900000000e+00 5.5458050798e+01 1.2688077596e-13 9.9687824544e-01 7.0424989355e+01
8.6000000000e+00 5.5464673977e+01 1.2839402881e-13 9.8460509919e-01 7.0542948877e+01
8.6100000000e+00 5.5480221326e+01 1.2861421025e-13 9.7413067718e-01 7.0659501413e+01
8.6200000000e+00 5.5501497091e+01 1.3150080892e-13 9.6955798870e-01 7.0774409918e+01
8.6300000000e+00 5.5524132064e+01 1.2964781190e-13 9.6991302833e-01 7.0887758190e+01
8.6400000000e+00 5.5546236750e+01 1.3078140953e-13 9.7065572315e-01 7.0999894492e+01
8.6500000000e+00 5.5568677028e+01 1.3455212586e-13 9.6936823223e-01 7.1111224028e+01
8.6600000000e+00 5.5592478281e+01 1.3818349075e-13 9.6769887285e-01 7.1222061752e+01
8.6700000000e+00 5.5616664683e+01 1.3789369980e-13 9.6880262047e-01 7.1332640464e+01
8.6800000000e+00 5.5638487375e+01 1.3645468646e-13 9.7397028554e-01 7.1443208213e+01
8.6900000000e+00 5.5655382805e+01 1.3824780005e-13 9.8162514212e-01 7.1554101145e+01
8.7000000000e+00 5.5666503517e+01 1.3182917879e-13 9.8910189514e-01 7.1665735073e+01
8.7100000000e+00 5.5672659781e+01 1.3124911785e-13 9.9476732630e-01 7.1778540945e+01
8.7200000000e+00 5.5675265564e+01 1.3137936875e-13 9.9859270017e-01 7.1892890844e+01
8.7300000000e+00 5.5675383691e+01 1.3333030884e-13 1.0014305631e+00 7.2009036612e+01
8.7400000000e+00 5.5673445723e+01 1.3180706432e-13 1.0040375746e+00 7.2127071993e+01
8.7500000000e+00 5.5669539170e+01 1.3231178093e-13 1.0065826053e+00 7.2246932229e+01
8.7600000000e+00 5.5663813178e+01 1.3160392155e-13 1.0087737307e+00 7.2368434352e+01
8.7700000000e+00 5.5656678055e+01 1.3034383571e-13 1.0102348070e+00 7.2491339546e+01
8.7800000000e+00 5.5648768541e+01 1.3120717915e-13 1.0107416420e+00 7.2615410530e+01
8.7900000000e+00 5.5640824161e+01 1.2998931442e-13 1.0102377011e+00 7.2740448207e+01
8.8000000000e+00 5.5633591641e+01 1.2969255959e-13 1.0087602502e+00 7.2866307333e+01
8.8100000000e+00 5.5627775220e+01 1.3108373914e-13 1.0064016508e+00 7.2992898456e+01
8.8200000000e+00 5.5623986337e+01 1.2821668854e-13 1.0033515222e+00 7.3120182575e+01
8.8300000000e+00 5.5622633892e+01 1.2913856565e-13 9.9998874642e-01 7.3248161227e+01
8.8400000000e+00 5.5623752110e+01 1.3112782057e-13 9.9693190774e-01 7.3376861955e+01
8.8500000000e+00 5.5626845424e+01 1.2855281223e-13 9.9492332408e-01 7.3506319184e+01
8.8600000000e+00 5.5630900659e+01 1.3219644716e-13 9.9451956140e-01 7.3636553690e+01
8.8700000000e+00 5.5634655995e+01 1.2947291488e-13 9.9577927966e-01 7.3767557576e+01
8.8800000000e+00 5.5637012672e+01 1.3172212523e-13 9.9822714313e-01 7.3899291291e+01
8.8900000000e+00 5.5637337757e+01 1.3405817748e-13 1.0011309445e+00 7.4031692926e+01
8.9000000000e+00 5.5635529524e+01 1.3206575379e-13 1.0038399414e+00 7.4164693375e+01
8.9100000000e+00 5.5631884916e+01 1.3046001601e-13 1.0059487786e+00 7.4298229744e+01
8.9200000000e+00 5.5626921966e+01 1.3078863113e-13 1.0072678365e+00 7.4432252990e+01
8.9300000000e+00 5.5621259872e+01 1.3060004391e-13 1.0077070110e+00 7.4566729989e+01
8.9400000000e+00 5.5615586266e+01 1.2802316945e-13 1.0071666490e+00 7.4701642309e+01
8.9500000000e+00 5.5610686691e+01 1.2826078532e-13 1.0054814561e+00 7.4836983995e+01
8.9600000000e+00 5.5607496954e+01 1.2972775517e-13 1.0024460034e+00 7.4972759962e+01
8.9700000000e+00 5.5607091940e+01 1.2723957503e-13 9.9795793625e-01 7.5108985621e+01
8.9800000000e+00 5.5610517091e+01 1.2025070063e-13 9.9229873613e-01 7.5245687493e+01
8.9900000000e+00 5.5618374014e+01 1.2547380953e-13 9.8643444320e-01 7.5382903394e+01
9.0000000000e+00 5.5630265423e+01 1.2365827570e-13 9.8197272883e-01 7.5520679942e+01
9.0100000000e+00 5.5644535040e+01 1.2793524324e-13 9.8043461019e-01 7.5659065884e+01
9.0200000000e+00 5.5658746839e+01 1.3112463043e-13 9.8225024859e-01 7.5798103008e+01
9.0300000000e+00 5.5670659580e+01 1.3332883546e-13 9.8654526207e-01 7.5937819273e+01
9.0400000000e+00 5.5678919076e+01 1.3373611385e-13 9.9195287648e-01 7.6078227014e+01
9.0500000000e+00 5.5683070305e+01 1.3249270200e-13 9.9746891889e-01 7.6219324031e+01
9.0600000000e+00 5.5683195498e+01 1.3468234055e-13 1.0026379937e+00 7.6361093663e+01
9.0700000000e+00 5.5679607512e+01 1.3347445072e-13 1.0072794118e+00 7.6503502820e+01
9.0800000000e+00 5.5672755473e+01 1.3528034958e-13 1.0112039847e+00 7.6646499944e+01
9.0900000000e+00 5.5663275079e+01 1.3760476365e-13 1.0141101904e+00 7.6790015033e+01
9.1000000000e+00 5.5652061030e+01 1.4118488768e-13 1.0156232100e+00 7.6933962113e+01
9.1100000000e+00 5.5640289071e+01 1.4265170342e-13 1.0153921429e+00 7.7078243069e+01
9.1200000000e+00 5.5629358437e+01 1.4336010595e-13 1.0132061551e+00 7.7222751795e+01
9.1300000000e+00 5.5620740636e+01 1.4658090271e-13 1.0091344268e+00 7.7367378776e+01
9.1400000000e+00 5.5615716099e+01 1.4941169750e-13 1.0036752820e+00 7.7512017598e+01
9.1500000000e+00 5.5615009681e+01 1.5165834465e-13 9.9781753771e-01 7.7656575296e+01
9.1600000000e+00 5.5618467838e+01 1.5382023815e-13 9.9285261334e-01 7.7800986688e+01
9.1700000000e+00 5.5624989981e+01 1.5455173834e-13 9.8989851245e-01 7.7945229081e+01
9.1800000000e+00 5.5632860916e+01 1.5691501204e-13 9.8939659570e-01 7.8089330208e+01
9.1900000000e+00 5.5640340019e+01 1.5915568858e-13 9.9096719847e-01 7.8233363010e+01
9.2000000000e+00 5.5646183846e+01 1.6225114706e-13 9.9370097872e-01 7.8377427596e+01
9.2100000000e+00 5.5649877690e+01 1.6208301796e-13 9.9662486884e-01 7.8521627812e+01
9.2200000000e+00 5.5651533901e+01 1.6144673732e-13 9.9910427439e-01 7.8666051275e+01
9.2300000000e+00 5.5651543793e+01 1.6004318341e-13 1.0010630161e+00 7.8810757233e+01
9.2400000000e+00 5.5650164251e+01 1.5725116775e-13 1.0028768640e+00 7.8955771209e+01
9.2500000000e+00 5.5647335656e+01 1.5549481036e-13 1.0049207770e+00 7.9101083241e+01
9.2600000000e+00 5.5642876007e+01 1.5227501056e-13 1.0071304220e+00 7.9246647856e+01
9.2700000000e+00 5.5636832318e+01 1.5500844651e-13 1.0090437534e+00 7.9392386885e+01
9.2800000000e+00 5.5629598582e+01 1.5398773340e-13 1.0102832863e+00 7.9538198149e+01
9.2900000000e+00 5.5621672340e+01 1.5583450425e-13 1.0109681315e+00 7.9683972779e+01
9.3000000000e+00 5.5613269134e+01 1.5556978096e-13 1.0116659115e+00 7.9829620857e+01
9.3100000000e+00 5.5604144394e+01 1.5018424757e-13 1.0129567067e+00 7.9975098572e+01
9.3200000000e+00 5.5593761362e+01 1.5166621791e-13 1.0150030468e+00 8.0120424974e+01
9.3300000000e+00 5.5581655080e+01 1.4678781717e-13 1.0174760535e+00 8.0265679411e+01
9.3400000000e+00 5.5567706758e+01 1.5120524330e-13 1.0198209666e+00 8.0410981819e+01
9.3500000000e+00 5.5552191164e+01 1.5105191168e-13 1.0215647812e+00 8.0556467290e+01
9.3600000000e+00 5.5535657964e+01 1.4783973416e-13 1.0224522717e+00 8.0702266183e+01
9.3700000000e+00 5.5518775649e+01 1.4530126279e-13 1.0224195601e+00 8.0848494108e+01
9.3800000000e+00 5.5502220055e+01 1.4636786418e-13 1.0215131030e+00 8.0995250063e+01
9.3900000000e+00 5.5486614917e+01 1.5141586144e-13 1.0198249757e+00 8.1142618710e+01
9.4000000000e+00 5.5472510641e+01 1.4899710038e-13 1.0174569237e+00 8.1290673324e+01
9.4100000000e+00 5.5460383933e+01 1.4845819923e-13 1.0144961793e+00 8.1439477518e+01
9.4200000000e+00 5.5450659321e+01 1.4681649054e-13 1.0109930029e+00 8.1589085270e+01
9.4300000000e+00 5.5443740717e+01 1.4858700035e-13 1.0069692131e+00 8.1739539806e+01
9.4400000000e+00 5.5440007753e+01 1.5281513174e-13 1.0025125450e+00 8.1890871937e+01
9.4500000000e+00 5.5439701295e+01 1.5073092041e-13 9.9797521136e-01 8.2043097260e+01
9.4600000000e+00 5.5442639672e+01 1.5610793798e-13 9.9414140304e-01 8.2196210166e+01
9.4700000000e+00 5.5447910458e+01 1.5828237498e-13 9.9208717657e-01 8.2350173733e+01
9.4800000000e+00 5.5453835761e+01 1.5845103630e-13 9.9264123584e-01 8.2504910159e+01
9.4900000000e+00 5.5458387249e+01 1.6087932285e-13 9.9585292988e-01 8.2660302349e+01
9.5000000000e+00 5.5459803856e+01 1.5923574748e-13 1.0009980434e+00 8.2816213717e+01
9.5100000000e+00 5.5456998095e+01 1.6269514432e-13 1.0070517836e+00 8.2972519518e+01
9.5200000000e+00 5.5449611062e+01 1.6139042169e-13 1.0131098173e+00 8.3129132959e+01
9.5300000000e+00 5.5437873585e+01 1.5904350742e-13 1.0185032039e+00 8.3286013367e+01
9.5400000000e+00 5.5422457514e+01 1.5779034729e-13 1.0227203000e+00 8.3443155205e+01
9.5500000000e+00 5.5404398874e+01 1.5939207147e-13 1.0252919644e+00 8.3600564392e+01
9.5600000000e+00 5.5385100104e+01 1.5588262699e-13 1.0256965895e+00 8.3758228342e+01
9.5700000000e+00 5.5366394063e+01 1.5831936042e-13 1.0233094694e+00 8.3916082287e+01
9.5800000000e+00 5.5350618101e+01 1.5986413562e-13 1.0174954242e+00 8.4073972617e+01
9.5900000000e+00 5.5340509031e+01 1.5663496074e-13 1.0080771761e+00 8.4231623845e+01
9.6000000000e+00 5.5338514020e+01 1.5516271406e-13 9.9639546679e-01 8.4388634483e+01
9.6100000000e+00 5.5345132145e+01 1.5684999699e-13 9.8630616527e-01 8.4544551291e+01
9.6200000000e+00 5.5357200403e+01 1.5302220501e-13 9.8280744056e-01 8.4699052318e+01
9.6300000000e+00 5.5368734313e+01 1.5286908324e-13 9.8767074618e-01 8.4852151302e+01
9.6400000000e+00 5.5374567842e+01 1.5756536904e-13 9.9746025597e-01 8.5004236060e+01
9.6500000000e+00 5.5372954226e+01 1.5932876345e-13 1.0071355668e+00 8.5155894259e+01
9.6600000000e+00 5.5365131067e+01 1.5915185496e-13 1.0138457164e+00 8.5307698529e+01
9.6700000000e+00 5.5353466482e+01 1.5475485517e-13 1.0173827688e+00 8.5460095380e+01
9.6800000000e+00 5.5339897512e+01 1.5495794439e-13 1.0190870678e+00 8.5613390003e+01
9.6900000000e+00 5.5325138917e+01 1.5488506509e-13 1.0207811145e+00 8.5767763900e+01
9.7000000000e+00 5.5308644740e+01 1.5670883530e-13 1.0238374212e+00 8.5923290335e+01
9.7100000000e+00 5.5289228407e+01 1.6075090127e-13 1.0285319976e+00 8.6079947254e+01
9.7200000000e+00 5.5265904264e+01 1.6116515358e-13 1.0341227760e+00 8.6237638706e+01
9.7300000000e+00 5.5238398725e+01 1.6125441955e-13 1.0395410589e+00 8.6396226772e+01
9.7400000000e+00 5.5207138725e+01 1.6341102628e-13 1.0440155408e+00 8.6555564071e+01
9.7500000000e+00 5.5172954596e+01 1.6496871878e-13 1.0472394246e+00 8.6715516353e+01
9.7600000000e+00 5.5136784319e+01 1.6202699955e-13 1.0492187400e+00 8.6875972340e+01
9.7700000000e+00 5.5099518078e+01 1.5835898365e-13 1.0500694802e+00 8.7036844034e+01
9.7800000000e+00 5.5061963983e+01 1.6031612787e-13 1.0498925669e+00 8.7198061915e+01
9.7900000000e+00 5.5024873677e+01 1.5900262065e-13 1.0487411394e+00 8.7359568210e+01
9.8000000000e+00 5.4988970099e+01 1.6050715089e-13 1.0466531694e+00 8.7521309585e+01
9.8100000000e+00 5.4954933684e+01 1.6097016394e-13 1.0437182824e+00 8.7683229191e+01
9.8200000000e+00 5.4923338697e+01 1.6386515747e-13 1.0401363020e+00 8.7845256991e+01
9.8300000000e+00 5.4894564165e+01 1.6586899189e-13 1.0362048313e+00 8.8007296350e+01
9.8400000000e+00 5.4868762840e+01 1.6299575154e-13 1.0321785168e+00 8.8169204746e+01
9.8500000000e+00 5.4845979952e+01 1.5818827621e-13 1.0280289074e+00 8.8330767242e+01
9.8600000000e+00 5.4826448753e+01 1.5677555996e-13 1.0232904010e+00 8.8491663656e+01
9.8700000000e+00 5.4810883853e+01 1.5717860675e-13 1.0172735636e+00 8.8651433965e+01
9.8800000000e+00 5.4800423254e+01 1.5665770113e-13 1.0098229937e+00 8.8809455262e+01
9.8900000000e+00 5.4795807789e+01 1.5420426304e-13 1.0024320306e+00 8.8964967065e+01
9.9000000000e+00 5.4795790590e+01 1.5473155631e-13 9.9869003956e-01 8.9117214686e+01
9.9100000000e+00 5.4796077369e+01 1.5515965563e-13 1.0021893729e+00 8.9265749493e+01
9.9200000000e+00 5.4790993484e+01 1.5790533121e-13 1.0125612636e+00 8.9410741097e+01
9.9300000000e+00 5.4777069771e+01 1.5864279001e-13 1.0250474689e+00 8.9553007288e+01
9.9400000000e+00 5.4754646758e+01 1.5711817250e-13 1.0348646512e+00 8.9693698642e+01
9.9500000000e+00 5.4726445722e+01 1.5798383917e-13 1.0404109126e+00 8.9833914455e+01
9.9600000000e+00 5.4695307272e+01 1.5557726812e-13 1.0427546245e+00 8.9974479726e+01
9.9700000000e+00 5.4662939387e+01 1.5408139762e-13 1.0436586537e+00 9.0115878859e+01
9.9800000000e+00 5.4630000626e+01 1.5444044295e-13 1.0440132438e+00 9.0258256168e+01
9.9900000000e+00 5.4597033552e+01 1.5347045411e-13 1.0431955095e+00 9.0401425398e+01
1.0000000000e+01 5.4565549195e+01 1.5512656516e-13 1.0393384626e+00 9.0544865795e+01
1.0010000000e+01 5.4538651566e+01 1.5083253191e-13 1.0304080885e+00 9.0687703806e+01
1.0020000000e+01 5.4520536699e+01 1.5275301150e-13 1.0160897445e+00 9.0828721691e+01
1.0030000000e+01 5.4514351158e+01 1.4956092886e-13 9.9971963842e-01 9.0966501225e+01
1.0040000000e+01 5.4519347596e+01 1.5278705975e-13 9.8767802375e-01 9.1099801251e+01
1.0050000000e+01 5.4530128618e+01 1.5391207227e-13 9.8522534853e-01 9.1228044700e+01
1.0060000000e+01 5.4538982753e+01 1.5218566117e-13 9.9308112398e-01 9.1351549935e+01
1.0070000000e+01 5.4539266559e+01 1.5442096799e-13 1.0077972352e+00 9.1471319862e+01
1.0080000000e+01 5.4527628617e+01 1.5282856091e-13 1.0243927238e+00 9.1588599526e+01
1.0090000000e+01 5.4504130159e+01 1.5441814431e-13 1.0389778556e+00 9.1704504036e+01
1.0100000000e+01 5.4471009747e+01 1.5739677284e-13 1.0496814386e+00 9.1819845922e+01
1.0110000000e+01 5.4431325792e+01 1.5799353351e-13 1.0561887538e+00 9.1935125649e+01
1.0120000000e+01 5.4388070408e+01 1.5938822662e-13 1.0589533717e+00 9.2050594583e+01
1.0130000000e+01 5.4343828539e+01 1.6304501137e-13 1.0585440276e+00 9.2166322524e+01
1.0140000000e+01 5.4300854820e+01 1.6923018527e-13 1.0552368231e+00 9.2282239090e+01
1.0150000000e+01 5.4261357989e+01 1.6990604348e-13 1.0488934301e+00 9.2398142099e+01
1.0160000000e+01 5.4227760919e+01 1.6969558277e-13 1.0392453373e+00 9.2513680227e+01
1.0170000000e+01 5.4202529545e+01 1.7109268057e-13 1.0268052751e+00 9.2628335167e+01
1.0180000000e+01 5.4187045935e+01 1.7288181625e-13 1.0141776638e+00 9.2741459054e+01
1.0190000000e+01 5.4179774077e+01 1.7720670879e-13 1.0059479327e+00 9.2852435880e+01
1.0200000000e+01 5.4175934126e+01 1.7735374110e-13 1.0052237941e+00 9.2960946608e+01
1.0210000000e+01 5.4170302150e+01 1.7801397994e-13 1.0102398711e+00 9.3067143113e+01
1.0220000000e+01 5.4160346731e+01 1.8213241922e-13 1.0163198300e+00 9.3171554337e+01
1.0230000000e+01 5.4146621767e+01 1.8333567877e-13 1.0200643679e+00 9.3274827933e+01
1.0240000000e+01 5.4131255492e+01 1.8412457730e-13 1.0205624282e+00 9.3377534175e+01
1.0250000000e+01 5.4116497546e+01 1.8189163305e-13 1.0184058255e+00 9.3480107290e+01
1.0260000000e+01 5.4103938558e+01 1.7460358737e-13 1.0148160406e+00 9.3582865588e+01
1.0270000000e+01 5.4094138025e+01 1.7802788827e-13 1.0112895594e+00 9.3686043282e+01
1.0280000000e+01 5.4086529114e+01 1.7676062442e-13 1.0091851272e+00 9.3789804499e+01
1.0290000000e+01 5.4079771184e+01 1.7864628291e-13 1.0090949195e+00 9.3894242468e+01
1.0300000000e+01 5.4072467444e+01 1.8159167171e-13 1.0106405675e+00 9.3999382769e+01
1.0310000000e+01 5.4063683809e+01 1.8513389751e-13 1.0130787014e+00 9.4105203984e+01
1.0320000000e+01 5.4052915993e+01 1.8486571083e-13 1.0159766818e+00 9.4211669791e+01
1.0330000000e+01 5.4039850629e+01 1.8770657178e-13 1.0191499636e+00 9.4318755266e+01
1.0340000000e+01 5.4024392151e+01 1.8823938824e-13 1.0221704557e+00 9.4426456550e+01
1.0350000000e+01 5.4006931593e+01 1.9016370418e-13 1.0242427514e+00 9.4534786072e+01
1.0360000000e+01 5.3988484243e+01 1.8922349287e-13 1.0245629465e+00 9.4643762351e+01
1.0370000000e+01 5.3970549678e+01 1.8645157883e-13 1.0226551300e+00 9.4753401483e+01
1.0380000000e+01 5.3954852787e+01 1.8637366401e-13 1.0184073985e+00 9.4863712428e+01
1.0390000000e+01 5.3943111031e+01 1.8967409053e-13 1.0120769207e+00 9.4974696005e+01
1.0400000000e+01 5.3936643678e+01 1.8589772254e-13 1.0046957540e+00 9.5086346885e+01
1.0410000000e+01 5.3935499996e+01 1.8376209318e-13 9.9864155262e-01 9.5198656590e+01
1.0420000000e+01 5.3937498776e+01 1.8621789741e-13 9.9695621335e-01 9.5311614533e+01
1.0430000000e+01 5.3938683866e+01 1.8574628443e-13 1.0008134069e+00 9.5425206355e+01
1.0440000000e+01 5.3935555519e+01 1.8450059663e-13 1.0080512618e+00 9.5539412421e+01
1.0450000000e+01 5.3926926828e+01 1.8410789152e-13 1.0151158801e+00 9.5654209174e+01
1.0460000000e+01 5.3913853384e+01 1.8917571912e-13 1.0196763609e+00 9.5769571684e+01
1.0470000000e+01 5.3898444739e+01 1.9181290135e-13 1.0211914776e+00 9.5885474680e+01
1.0480000000e+01 5.3882819845e+01 1.9173371947e-13 1.0201551797e+00 9.6001892145e+01
1.0490000000e+01 5.3868607408e+01 1.9309521889e-13 1.0173878434e+00 9.6118797653e+01
1.0500000000e+01 5.3856815604e+01 1.9440799603e-13 1.0137224429e+00 9.6236167553e+01
1.0510000000e+01 5.3847855416e+01 1.9435124140e-13 1.0098968527e+00 9.6353987297e+01
1.0520000000e+01 5.3841639011e+01 1.9255212688e-13 1.0064497369e+00 9.6472258779e+01
1.0530000000e+01 5.3837785828e+01 1.9284494654e-13 1.0035591572e+00 9.6591003974e+01
1.0540000000e+01 5.3835954338e+01 1.9067194443e-13 1.0008968118e+00 9.6710259156e+01
1.0550000000e+01 5.3836238847e+01 1.9030103254e-13 9.9762408832e-01 9.6830056379e+01
1.0560000000e+01 5.3839495421e+01 1.9339396814e-13 9.9264768323e-01 9.6950393468e+01
1.0570000000e+01 5.3847347026e+01 1.9256011154e-13 9.8528241602e-01 9.7071199284e+01
1.0580000000e+01 5.3861484178e+01 1.9344591260e-13 9.7636297232e-01 9.7192307775e+01
1.0590000000e+01 5.3882094885e+01 1.9145954241e-13 9.6892325305e-01 9.7313460744e+01
1.0600000000e+01 5.3906616718e+01 1.9767230272e-13 9.6643089337e-01 9.7434351199e+01
1.0610000000e+01 5.3930950250e+01 2.0181170120e-13 9.6914994930e-01 9.7554681786e+01
1.0620000000e+01 5.3952392182e+01 1.9668255835e-13 9.7373633635e-01 9.7674188176e+01
1.0630000000e+01 5.3970866138e+01 1.9716576320e-13 9.7696898164e-01 9.7792627413e+01
1.0640000000e+01 5.3987711589e+01 1.9175082390e-13 9.7813722915e-01 9.7909788327e+01
1.0650000000e+01 5.4004130185e+01 1.9374435369e-13 9.7808282772e-01 9.8025546627e+01
1.0660000000e+01 5.4020752352e+01 1.9011623203e-13 9.7744630442e-01 9.8139917010e+01
1.0670000000e+01 5.4038047846e+01 1.9370430346e-13 9.7611808255e-01 9.8253047576e+01
1.0680000000e+01 5.4056688455e+01 1.9735756960e-13 9.7376767799e-01 9.8365157441e+01
1.0690000000e+01 5.4077464771e+01 1.9584881755e-13 9.7042772191e-01 9.8476464099e+01
1.0700000000e+01 5.4100960832e+01 1.9881457000e-13 9.6659484658e-01 9.8587140750e+01
1.0710000000e+01 5.4127295990e+01 2.0038316585e-13 9.6297452910e-01 9.8697311141e+01
1.0720000000e+01 5.4156086333e+01 2.0317766555e-13 9.6016142783e-01 9.8807067329e+01
1.0730000000e+01 5.4186609429e+01 1.9993703609e-13 9.5843448546e-01 9.8916492105e+01
1.0740000000e+01 5.4218061589e+01 1.9929227127e-13 9.5771896445e-01 9.9025673899e+01
1.0750000000e+01 5.4249793039e+01 2.0079363493e-13 9.5768629672e-01 9.9134710024e+01
1.0760000000e+01 5.4281438354e+01 2.0176253388e-13 9.5791639287e-01 9.9243700699e+01
1.0770000000e+01 5.4312933460e+01 1.9959461166e-13 9.5804287960e-01 9.9352739271e+01
1.0780000000e+01 5.4344443754e+01 1.9804146247e-13 9.5783589164e-01 9.9461903573e+01
1.0790000000e+01 5.4376251881e+01 1.9726283446e-13 9.5721923608e-01 9.9571251295e+01
1.0800000000e+01 5.4408652360e+01 1.9746061674e-13 9.5624371442e-01 9.9680819889e+01
1.0810000000e+01 5.4441871295e+01 1.9982503442e-13 9.5504131050e-01 9.9790630098e+01
1.0820000000e+01 5.4476021782e+01 1.9766803132e-13 9.5377669718e-01 9.9900691500e+01
1.0830000000e+01 5.4511095822e+01 1.9399714058e-13 9.5260694464e-01 1.0001100843e+02
1.0840000000e+01 5.4546977518e+01 1.8983129697e-13 9.5165282977e-01 1.0012158497e+02
1.0850000000e+01 5.4583479473e+01 1.9113424474e-13 9.5098400916e-01 