0 -0.680902 -0.573289 0.970925
1 0.585283 -0.79989 0.541092
2 0.0124234 0.721955 -0.740257
3 0.924529 -0.281669 1.63911
4 -0.541397 0.233021 0.960285
5 0.23912 0.534773 -0.0507607
6 -0.250571 -1.1213 -0.362513
7 1.5635 -0.327494 -1.02494
8 0.654215 0.709132 1.82814
9 1.00325 -0.940277 1.88889
10 -0.77564 0.197567 -0.972882
11 -0.670149 -0.068484 -0.425355
12 0.576576 -1.09172 0.668678
13 0.587118 -0.44749 0.151041
14 0.234589 0.978613 0.49124
15 -1.74258 1.28304 0.172359
16 -1.40486 -0.95554 0.360027
17 -0.491938 1.76717 -1.39575
18 1.1954 -0.650363 0.399901
19 -0.656486 0.318683 -0.942179
20 1.14582 -1.07641 -0.0329043
21 -0.414555 -1.20845 -0.295709
22 0.0656103 -0.442705 -1.49756
23 -0.421363 0.767642 0.697112
24 -0.0159608 0.281422 -0.622222
25 0.752772 0.231406 -0.00606936
26 -1.7226 -0.218137 1.4638
27 2.29185 -3.40429 0.450857
28 0.849726 0.441916 -0.575108
29 -0.228002 0.358487 -0.293921
30 -0.617649 -2.08901 -0.731438
31 -0.290812 0.21093 -1.48128
32 -0.636641 1.24197 0.428819
33 -0.339946 1.55054 -1.74864
34 0.0234768 -1.15972 -0.362303
35 1.03699 0.234459 0.139411
36 0.971638 0.284475 -1.04231
37 1.16179 -0.0757746 -0.383083
38 -0.849518 0.246039 -1.20455
39 0.167511 1.08138 -1.28574
40 0.888555 -2.914 -0.122066
41 -1.22864 0.429752 -0.18386
42 -0.307158 -2.61905 0.161311
43 -1.87359 -1.24182 0.965294
44 0.04364 1.86473 0.419747
45 -0.94286 0.250001 -0.150846
46 2.43131 -0.740767 0.000750006
47 1.44563 -0.314613 0.261278
48 -1.12122 1.179 0.250447
49 -0.106062 -0.43817 0.370314
50 0.6208 -0.882749 0.318168
51 -1.05378 1.77881 -0.140727
52 -0.1676 -0.841715 0.366088
53 0.284459 -0.551154 1.10013
54 -0.371985 -0.706139 -0.106569
55 -1.06754 0.893387 -0.395466
56 -0.457067 -1.36597 0.827587
57 0.330771 1.67021 0.216941
58 -0.455736 -0.754233 -1.34738
59 0.443869 0.0346247 -0.937769
60 0.26875 0.634262 -1.88553
61 0.230562 0.00358521 -0.927558
62 0.298293 -0.870001 -2.06736
63 -0.375584 1.58638 1.21941
64 -1.10613 0.377041 -0.103833
65 -0.367119 -0.59656 1.07601
66 -0.672281 -0.261634 0.33669
67 0.613564 0.43123 -0.42851
68 0.140818 0.333391 -0.221029
69 0.870466 -1.56413 -0.806948
70 -1.50695 -2.69218 1.0102
71 0.507372 -0.22844 0.364128
72 1.26227 0.497636 1.23434
73 -0.994266 0.938445 -0.399736
74 0.80651 0.410162 -0.178494
75 0.470603 0.609795 1.58645
76 -0.708664 0.28862 0.520542
77 -0.814276 0.635066 1.38277
78 -0.632812 0.208505 0.965998
79 1.11344 -0.66239 -0.873679
80 -1.05796 1.03054 -0.812671
81 -1.01882 1.62698 0.692751
82 1.2121 -0.355381 -0.148706
83 -1.141 -0.116782 -1.74045
84 -1.8807 1.61375 1.2655
85 1.54276 1.33148 0.148551
86 1.44734 -0.063312 -0.228999
87 -0.936255 0.0484803 -0.307453
88 -0.339839 1.9413 0.837518
89 0.786715 0.49485 -0.274291
90 -0.845347 -0.77398 0.957394
91 1.51543 -0.141081 1.82326
92 1.15933 0.784914 1.48463
93 0.258523 -0.96035 -0.136153
94 -0.730716 1.62639 -1.4317
95 0.670604 -0.358587 -0.195095
96 0.377356 -0.871084 0.448578
97 -1.09381 1.00674 -0.175609
98 -0.352553 -0.224567 0.208107
99 0.394862 0.808156 -1.8666
