1.4272234710e+00 -1.9282920498e+00 1.4939228185e+00
9.5430477549e-02 5.5727803067e-01 -1.1394778286e+00
7.0142212214e-01 -1.0760582797e+00 -1.9755117081e+00
2.9569737969e-01 3.4883701760e-01 1.9538198378e+00
-2.5598597360e+00 6.8799278936e-01 -9.3727109892e-01
-8.8989592629e-01 -4.9009723643e-01 -1.6421438469e+00
8.0277466324e-01 -5.3748285020e-01 8.5828659114e-01
-2.8835951905e-01 1.8129821497e+00 7.5655486189e-01
4.9618515511e-01 2.4158880016e-01 -5.4973576355e-01
-8.0618087333e-02 3.8325162865e-01 1.1815561367e+00
1.8592815783e-01 -2.1604341070e+00 1.6464826881e+00
8.8597912461e-01 7.6765932159e-01 -1.2391364719e+00
1.5503403346e-01 -1.2270402360e+00 -2.2181473931e+00
-9.3644860029e-01 4.0167779881e-01 2.3377013706e+00
-2.4357892171e-01 7.5797768570e-01 -1.0888171207e+00
-7.7070169915e-01 -5.3693898348e-01 -1.7724854881e+00
-5.0361725556e-01 -6.6170422488e-01 9.6533746795e-01
4.6790189989e-01 2.0071792160e+00 8.1084334861e-01
-3.2023480334e-03 1.6073122121e-01 -6.9551319677e-01
7.6270560895e-01 4.9089230805e-01 1.2537347953e+00
7.8953070356e-02 -2.8997708748e+00 2.0811420929e+00
1.2154840479e-01 1.4526685046e+00 -1.4729244389e+00
-5.0827766368e-01 -1.7941313474e+00 -3.1123083785e+00
-5.4197437663e-01 6.1500629041e-01 3.5956175370e+00
9.1713943244e-01 9.8573878372e-01 -1.5082586856e+00
1.2753672173e-01 -6.9763202142e-01 -2.1818073249e+00
-1.1516699418e+00 -1.0056596978e+00 1.2994962233e+00
-4.6091546597e-02 2.5905710011e+00 9.9897195143e-01
4.4072133507e-01 -1.3101092482e-01 -1.1489439695e+00
5.6211456431e-01 8.8422028647e-01 1.4490149926e+00
7.3003108912e-01 -4.3296681439e+00 2.8420940657e+00
-1.5103292557e+00 2.8260011017e+00 -1.8007756934e+00
3.0859464829e-01 -2.8895603423e+00 -4.6871189554e+00
6.7338487160e-01 9.9666729244e-01 5.6290439235e+00
-6.6185432952e-01 1.4074412289e+00 -2.1220509528e+00
7.3519033673e-01 -1.0069977489e+00 -3.0370180321e+00
3.6560385444e-01 -1.5749659290e+00 2.0238839480e+00
-9.6500774605e-01 3.5578554689e+00 1.3158863843e+00
3.7686052060e-01 -7.0000835062e-01 -1.9591054188e+00
-5.2473989523e-02 1.7132354228e+00 1.7951607309e+00
-6.7019391287e-02 -6.6274194273e+00 4.0369936316e+00
-4.9483337712e-01 4.9416977875e+00 -2.4391589143e+00
1.3596150114e+00 -4.1629675239e+00 -6.3888632065e+00
-5.6294880205e-01 1.3819431361e+00 8.2102949411e+00
-1.1969460975e+00 1.9592180419e+00 -3.1981348529e+00
1.9709680272e-01 -1.3752455616e+00 -4.3028531640e+00
1.1082630857e+00 -2.6237547759e+00 3.1863663194e+00
1.3337032327e-01 5.1001568063e+00 1.6779158465e+00
-1.0378689879e+00 -1.5939866582e+00 -3.1417612599e+00
5.6127143267e-01 3.0003581750e+00 2.3592006590e+00
5.5368322701e-01 -8.9564438475e+00 5.0397740117e+00
1.8237086823e-01 6.7806974105e+00 -2.9275186093e+00
2.0926032503e+00 -5.1960371717e+00 -7.6709133119e+00
-2.1068769097e+00 1.6563107843e+00 1.0457435364e+01
-2.1506022424e+00 2.5485563659e+00 -4.2805092070e+00
1.7961604685e-01 -1.7521531653e+00 -5.6211671629e+00
4.7546033906e-01 -4.0669453405e+00 4.4793025668e+00
1.0609060351e+00 7.2801220370e+00 2.1561485275e+00
-9.0109408865e-01 -2.8788869780e+00 -4.5209078409e+00
6.1393347408e-01 4.5847799051e+00 2.8883556618e+00
1.4519463594e+00 -1.0209513919e+01 5.4598027875e+00
8.4748948759e-02 7.6079383245e+00 -3.0546244133e+00
2.5242945491e+00 -5.7078858415e+00 -8.2302014463e+00
-2.8114440603e+00 1.7627655624e+00 1.1524126920e+01
-3.6183808227e+00 3.0184381037e+00 -4.7904572229e+00
4.3132678361e-01 -2.0431962454e+00 -6.6828915608e+00
3.7757214221e-01 -5.1933191502e+00 5.5371524151e+00
7.8951911795e-01 9.2039345984e+00 2.6730218380e+00
-7.0006581510e-02 -4.1870508772e+00 -5.7131555041e+00
8.4042356345e-01 5.7478894445e+00 3.2772261868e+00
1.7579110176e+00 -1.0555620799e+01 5.5481348620e+00
-1.7866565461e-02 7.7998947561e+00 -3.0540361511e+00
2.6835147239e+00 -5.8378370166e+00 -8.3369287830e+00
-3.0318826578e+00 1.7728063369e+00 1.1789922512e+01
-4.5337134022e+00 3.2741317988e+00 -4.9057408100e+00
6.2212871900e-01 -2.1944571982e+00 -7.2824053803e+00
5.8859791101e-01 -5.7215570353e+00 6.1198241996e+00
6.2789991805e-01 1.0107042006e+01 2.9211634321e+00
1.4854927547e-01 -4.8722786961e+00 -6.2967183281e+00
1.1548610604e+00 6.2278758472e+00 3.4967844471e+00
1.8111380100e+00 -1.0582028826e+01 5.5461036066e+00
-4.2656513962e-02 7.7982736224e+00 -3.0414431544e+00
2.7169835450e+00 -5.8371876528e+00 -8.3219729512e+00
-3.0731210275e+00 1.7655590682e+00 1.1798069005e+01
-4.9107037621e+00 3.3714061661e+00 -4.8950468525e+00
7.4616098125e-01 -2.2561160223e+00 -7.5018659170e+00
7.1742894674e-01 -5.8661430607e+00 6.3197881777e+00
6.2090888798e-01 1.0319683486e+01 2.9718668558e+00
1.3513400076e-01 -5.0488836774e+00 -6.4427071030e+00
1.2787269318e+00 6.3354368971e+00 3.5672083333e+00
1.8096808743e+00 -1.0551227483e+01 5.5334014311e+00
-4.0930127533e-02 7.7679453636e+00 -3.0343661781e+00
2.7201458059e+00 -5.8124787050e+00 -8.2964880049e+00
-3.0715083511e+00 1.7611356521e+00 1.1763102695e+01
-5.0325067920e+00 3.3925295550e+00 -4.8697335127e+00
8.0525243339e-01 -2.2762831041e+00 -7.5435952359e+00
7.5787452193e-01 -5.8732281311e+00 6.3495748654e+00
6.2708743416e-01 1.0317131553e+01 2.9698323211e+00
1.2237452346e-01 -5.0529250085e+00 -6.4436648057e+00
1.3025296774e+00 6.3274003076e+00 3.5719364244e+00
1.8028054408e+00 -1.0524214713e+01 5.5240484519e+00
-3.6470044971e-02 7.7436105119e+00 -3.0303799816e+00
2.7227365271e+00 -5.7887820519e+00 -8.2777423195e+00
-3.0657811429e+00 1.7595294467e+00 1.1733962439e+01
-5.0619619795e+00 3.3844506690e+00 -4.8544480308e+00
8.2099022589e-01 -2.2787835961e+00 -7.5307833797e+00
7.6460396476e-01 -5.8524745906e+00 6.3320160958e+00
6.2988125611e-01 1.0282344531e+01 2.9624838758e+00
1.2246495687e-01 -5.0274114955e+00 -6.4195813748e+00
1.3007307959e+00 6.3017312889e+00 3.5604242234e+00
1.7981450135e+00 -1.0507127210e+01 5.5182275789e+00
-3.4472016959e-02 7.7276564438e+00 -3.0272813246e+00
2.7293699928e+00 -5.7688683731e+00 -8.2646096987e+00
-3.0623485289e+00 1.7591040378e+00 1.1715240535e+01
-5.0643172891e+00 3.3669159306e+00 -4.8488870212e+00
8.1661996247e-01 -2.2745946420e+00 -7.5092997492e+00
7.6334092647e-01 -5.8335751059e+00 6.3096762712e+00
6.3215500613e-01 1.0254815887e+01 2.9574958236e+00
1.2541464129e-01 -5.0061072831e+00 -6.3989828074e+00
1.2960922922e+00 6.2817803150e+00 3.5484203922e+00
1.7955858321e+00 -1.0496989885e+01 5.5146444574e+00
-3.4810152507e-02 7.7174906655e+00 -3.0243103810e+00
2.7387917145e+00 -5.7515781518e+00 -8.2547002312e+00
-3.0608703384e+00 1.7590472059e+00 1.1703887780e+01
-5.0616449696e+00 3.3472100351e+00 -4.8492074145e+00
8.0578312688e-01 -2.2686340234e+00 -7.4913127289e+00
7.6149192891e-01 -5.8207338216e+00 6.2923715140e+00
6.3506208509e-01 1.0237125272e+01 2.9546692074e+00
1.2766237178e-01 -4.9923666088e+00 -6.3849521679e+00
1.2929484012e+00 6.2694293121e+00 3.5389099643e+00
1.7942752172e+00 -1.0490943862e+01 5.5123793456e+00
-3.6514588157e-02 7.7108307663e+00 -3.0213228898e+00
2.7491856179e+00 -5.7358443484e+00 -8.2465683458e+00
-3.0604295243e+00 1.7590613094e+00 1.1696998815e+01
-5.0600597843e+00 3.3278847025e+00 -4.8525411187e+00
7.9446866076e-01 -2.2629101473e+00 -7.4783563551e+00
7.6039236833e-01 -5.8126513046e+00 6.2804874693e+00
6.3855016781e-01 1.0226105437e+01 2.9531295314e+00
1.2881631764e-01 -4.9840698850e+00 -6.3758450815e+00
1.2913155470e+00 6.2625373325e+00 3.5316386292e+00
1.7936311323e+00 -1.0487226589e+01 5.5109005611e+00
-3.8784462059e-02 7.7062238001e+00 -3.0183519545e+00
2.7592021101e+00 -5.7212264612e+00 -8.2395344076e+00
-3.0604528356e+00 1.7590575530e+00 1.1692724515e+01
-5.0603999511e+00 3.3098960335e+00 -4.8571772133e+00
7.8471880284e-01 -2.2580929192e+00 -7.4694463145e+00
7.5993866771e-01 -5.8076365176e+00 6.2725904973e+00
6.4234387488e-01 1.0219049315e+01 2.9523034271e+00
1.2919730495e-01 -4.9791073908e+00 -6.3699206861e+00
1.2906053560e+00 6.2590631762e+00 3.5259115755e+00
1.7933295266e+00 -1.0484849998e+01 5.5099073014e+00
-4.1093635527e-02 7.7028096476e+00 -3.0154619176e+00
2.7680243306e+00 -5.7077475293e+00 -8.2333511921e+00
-3.0606545347e+00 1.7590210444e+00 1.1689991395e+01
-5.0620741456e+00 3.2937231126e+00 -4.8621267371e+00
7.7691367226e-01 -2.2542860352e+00 -7.4633807428e+00
7.5985534473e-01 -5.8044945087e+00 6.2673483298e+00
6.4621968541e-01 1.0214283236e+01 2.9518754371e+00
1.2912617355e-01 -4.9760979122e+00 -6.3659955095e+00
1.2903535826e+00 6.2576389424e+00 3.5211936357e+00
1.7931991418e+00 -1.0483268507e+01 5.5092245856e+00
-4.3124323456e-02 7.7000825616e+00 -3.0127110493e+00
2.7752825670e+00 -5.6956389205e+00 -8.2279709272e+00
-3.0609055660e+00 1.7589595153e+00 1.1688186243e+01
-5.0643673694e+00 3.2796823321e+00 -4.8668115836e+00
7.7084849423e-01 -2.2513847635e+00 -7.4592324995e+00
7.5994613021e-01 -5.8024863720e+00 6.2638272490e+00
6.5003479263e-01 1.0210851251e+01 2.9516756657e+00
1.2881043412e-01 -4.9742250278e+00 -6.3633380142e+00
1.2902756989e+00 6.2574279304e+00 3.5171503309e+00
1.7931508218e+00 -1.0482176489e+01 5.5087464825e+00
-4.4696140755e-02 7.6977388038e+00 -3.0101457817e+00
2.7809474852e+00 -5.6851282204e+00 -8.2234009425e+00
-3.0611522850e+00 1.7588849435e+00 1.1686954845e+01
-5.0668137119e+00 3.2679564307e+00 -4.8709077945e+00
7.6617543701e-01 -2.2492299807e+00 -7.4563653026e+00
7.6010139731e-01 -5.8011721013e+00 6.2614228608e+00
6.5370608496e-01 1.0208216134e+01 2.9516104676e+00
1.2836732055e-01 -4.9730193447e+00 -6.3615027044e+00
1.2902135908e+00 6.2579298233e+00 3.5135878700e+00
1.7931386607e+00 -1.0481397913e+01 5.5084063939e+00
-4.5716436555e-02 7.6955889825e+00 -3.0078018819e+00
2.7852093805e+00 -5.6763170135e+00 -8.2196280700e+00
-3.0613752727e+00 1.7588075573e+00 1.1686088121e+01
-5.0692203453e+00 3.2585696930e+00 -4.8742666499e+00
7.6256251147e-01 -2.2476680739e+00 -7.4543586136e+00
7.6026739351e-01 -5.8002905953e+00 6.2597519308e+00
6.5718845076e-01 1.0206074077e+01 2.9516262852e+00
1.2785917738e-01 -4.9722111232e+00 -6.3602145705e+00
1.2900864802e+00 6.2588444087e+00 3.5103970552e+00
1.7931395534e+00 -1.0480827832e+01 5.5081611345e+00
-4.6148843870e-02 7.6935091604e+00 -3.0057062143e+00
2.7883600003e+00 -5.6691525991e+00 -8.2165950735e+00
-3.0615698941e+00 1.7587344392e+00 1.1685459518e+01
-5.0715771248e+00 3.2513957976e+00 -4.8768609142e+00
7.5973817831e-01 -2.2465699232e+00 -7.4529367835e+00
7.6042102395e-01 -5.7996851682e+00 6.2585707989e+00
6.6045994168e-01 1.0204250719e+01 2.9516912781e+00
1.2731815269e-01 -4.9716436162e+00 -6.3592997265e+00
1.2898590124e+00 6.2599890232e+00 3.5075159828e+00
1.7931424248e+00 -1.0480401282e+01 5.5079820249e+00
-4.5993864065e-02 7.6914138726e+00 -3.0038779946e+00
2.7907015085e+00 -5.6634627919e+00 -8.2142084333e+00
-3.0617374196e+00 1.7586697474e+00 1.1684990463e+01
-5.0739565784e+00 3.2462032963e+00 -4.8787386483e+00
7.5749413522e-01 -2.2458334055e+00 -7.4519183262e+00
7.6055454130e-01 -5.7992600909e+00 6.2577225677e+00
6.6351260060e-01 1.0202644211e+01 2.9517858331e+00
1.2676059659e-01 -4.9712242274e+00 -6.3586452810e+00
1.2895220550e+00 6.2612506703e+00 3.5049077951e+00
1.7931424905e+00 -1.0480076489e+01 5.5078496679e+00
-4.5276851079e-02 7.6892414055e+00 -3.0023296278e+00
2.7924940439e+00 -5.6590129367e+00 -8.2123575634e+00
-3.0618810847e+00 1.7586154013e+00 1.1684630973e+01
-5.0764510915e+00 3.2427131556e+00 -4.8799850087e+00
7.5567533392e-01 -2.2453801084e+00 -7.4511825150e+00
7.6066724868e-01 -5.7989556374e+00 6.2571045146e+00
6.6634693115e-01 1.0201193954e+01 2.9518975001e+00
1.2620174246e-01 -4.9708971815e+00 -6.3581760598e+00
1.2890812367e+00 6.2625584359e+00 3.5025481191e+00
1.7931381696e+00 -1.0479825604e+01 5.5077507526e+00
-4.4040432572e-02 7.6869459792e+00 -3.0010673271e+00
2.7939368095e+00 -5.6555562633e+00 -8.2109325322e+00
-3.0620044216e+00 1.7585717880e+00 1.1684348532e+01
-5.0791279514e+00 3.2406456912e+00 -4.8806952987e+00
7.5416801691e-01 -2.2451506613e+00 -7.4506479974e+00
7.6076129492e-01 -5.7987337132e+00 6.2566481892e+00
6.6896854986e-01 1.0199863189e+01 2.9520181861e+00
1.2564995932e-01 -4.9706278386e+00 -6.3578407981e+00
1.2885500055e+00 6.2638674334e+00 3.5004182937e+00
1.7931293104e+00 -1.0479632324e+01 5.5076760089e+00
-4.2339542212e-02 7.6844938403e+00 -3.0000916265e+00
2.7951700476e+00 -5.6528661892e+00 -8.2098399291e+00
-3.0621106089e+00 1.7585382645e+00 1.1684126201e+01
-5.0820057869e+00 3.2397496214e+00 -4.8809592433e+00
7.5288926426e-01 -2.2451003357e+00 -7.4502591834e+00
7.6083966806e-01 -5.7985694758e+00 6.2563071860e+00
6.7138624069e-01 1.0198632006e+01 2.9521425636e+00
1.2509604617e-01 -4.9703946801e+00 -6.3576039090e+00
1.2879453608e+00 6.2651492729e+00 3.4985019317e+00
1.7931155951e+00 -1.0479484188e+01 5.5076187408e+00
-4.0237931983e-02 7.6818615426e+00 -2.9993978312e+00
2.7962859192e+00 -5.6507500271e+00 -8.2090058705e+00
-3.0622019920e+00 1.7585121960e+00 1.1683957889e+01
-5.0850839492e+00 3.2398130274e+00 -4.8808542807e+00
7.5177878092e-01 -2.2451954000e+00 -7.4499785384e+00
7.6090531127e-01 -5.7984463697e+00 6.2560495308e+00
6.7361137556e-01 1.0197487030e+01 2.9522672625e+00
1.2454166909e-01 -4.9701840734e+00 -6.3574402548e+00
1.2872852220e+00 6.2663862621e+00 3.4967833521e+00
1.7930975748e+00 -1.0479367835e+01 5.5075742576e+00
-3.7805455138e-02 7.6790353796e+00 -2.9989764281e+00
2.7973417678e+00 -5.6490544284e+00 -8.2083547295e+00
-3.0622797139e+00 1.7584912455e+00 1.1683828140e+01
-5.0883374658e+00 3.2406629844e+00 -4.8804444406e+00
7.5079200962e-01 -2.2454100022e+00 -7.4497848541e+00
7.6096078770e-01 -5.7983531292e+00 6.2558528603e+00
6.7565559463e-01 1.0196415195e+01 2.9523899770e+00
1.2398806053e-01 -4.9699871909e+00 -6.3573318010e+00
1.2865868398e+00 6.2675677809e+00 3.4952470186e+00
1.7930760150e+00 -1.0479286804e+01 5.5075385337e+00
-3.5115820609e-02 7.6760217159e+00 -2.9988128269e+00
2.7983712137e+00 -5.6476616156e+00 -8.2078385321e+00
-3.0623449603e+00 1.7584734185e+00 1.1683726269e+01
-5.0917244606e+00 3.2421595459e+00 -4.8797820452e+00
7.4989673872e-01 -2.2457244042e+00 -7.4496520571e+00
7.6100819956e-01 -5.7982819345e+00 6.2557013169e+00
6.7753082966e-01 1.0195410319e+01 2.9525091962e+00
1.2343635546e-01 -4.9697981910e+00 -6.3572673399e+00
1.2858658894e+00 6.2686879503e+00 3.4938774858e+00
1.7930514897e+00 -1.0479227049e+01 5.5075080544e+00
-3.2244222360e-02 7.6728171487e+00 -2.9988880571e+00
2.7993924026e+00 -5.6464829309e+00 -8.2074216073e+00
-3.0624043933e+00 1.7584566307e+00 1.1683648171e+01
-5.0951926823e+00 3.2441879215e+00 -4.8789111018e+00
7.4906992558e-01 -2.2461234213e+00 -7.4495665279e+00
7.6104921512e-01 -5.7982272559e+00 6.2555835141e+00
6.7925446204e-01 1.0194467949e+01 2.9526240711e+00
1.2288778541e-01 -4.9696130889e+00 -6.3572360825e+00
1.2851360175e+00 6.2697440964e+00 3.4926595662e+00
1.7930235768e+00 -1.0479201545e+01 5.5074805508e+00
-2.9264814399e-02 7.6694357762e+00 -2.9991805232e+00
2.8004137890e+00 -5.6454526375e+00 -8.2070778750e+00
-3.0624527868e+00 1.7584391538e+00 1.1683617234e+01
-5.0986852459e+00 3.2466506875e+00 -4.8778951036e+00
7.4829487637e-01 -2.2465950652e+00 -7.4495183210e+00
7.6108513373e-01 -5.7981851139e+00 6.2554911807e+00
6.8083303190e-01 1.0193584712e+01 2.9527341889e+00
1.2234324415e-01 -4.9694292946e+00 -6.3572301785e+00
1.2844091952e+00 6.2707533265e+00 3.4915788469e+00
1.7929909352e+00 -1.0479196850e+01 5.5074536728e+00
-2.6248678324e-02 7.6659019025e+00 -2.9996655289e+00
2.8014379676e+00 -5.6445231455e+00 -8.2067884113e+00
-3.0624896184e+00 1.7584191650e+00 1.1683607383e+01
-5.1021444920e+00 3.2494621902e+00 -4.8767423927e+00
7.4755955809e-01 -2.2471296746e+00 -7.4495000674e+00
7.6111706354e-01 -5.7981617695e+00 6.2554181326e+00
6.8227780480e-01 1.0192767844e+01 2.9528394730e+00
1.2180357453e-01 -4.9692450802e+00 -6.3572442759e+00
1.2836958849e+00 6.2717054178e+00 3.4906220151e+00
1.7929527566e+00 -1.0479208251e+01 5.5074256691e+00
-2.3261649269e-02 7.6622474455e+00 -3.0003177211e+00
2.8024641256e+00 -5.6436587203e+00 -8.2065394159e+00
-3.0625148507e+00 1.7583945615e+00 1.1683622193e+01
-5.1055150880e+00 3.2525447462e+00 -4.8754862398e+00
7.4685537282e-01 -2.2477192758e+00 -7.4495062118e+00
7.6114670548e-01 -5.7981587929e+00 6.2553588517e+00
6.8359931118e-01 1.0192018354e+01 2.9529409691e+00
1.2126959031e-01 -4.9690592980e+00 -6.3572743144e+00
1.2830037259e+00 6.2725992308e+00 3.4897762204e+00
1.7929076916e+00 -1.0479236901e+01 5.5073947255e+00
-2.0361957717e-02 7.6585095791e+00 -3.0011189269e+00
2.8034895108e+00 -5.6428333416e+00 -8.2063239553e+00
-3.0625285364e+00 1.7583643709e+00 1.1683674917e+01
-5.1087471741e+00 3.2558257059e+00 -4.8741590751e+00
7.4617626548e-01 -2.2483571172e+00 -7.4495324742e+00
7.6117486789e-01 -5.7981636482e+00 6.2553127567e+00
6.8480851492e-01 1.0191328377e+01 2.9530391375e+00
1.2074199693e-01 -4.9688767399e+00 -6.3573168776e+00
1.2823388207e+00 6.2734397146e+00 3.4890297724e+00
1.7928538046e+00 -1.0479284789e+01 5.5073627470e+00
-1.7599299121e-02 7.6547299455e+00 -3.0020275410e+00
2.8045109313e+00 -5.6420286431e+00 -8.2061386480e+00
-3.0625302644e+00 1.7583279656e+00 1.1683757352e+01
-5.1117984326e+00 3.2592362163e+00 -4.8727935273e+00
7.4551807478e-01 -2.2490373327e+00 -7.4495754621e+00
7.6120155903e-01 -5.7981768510e+00 6.2552774228e+00
6.8591610478e-01 1.0190693265e+01 2.9531343274e+00
1.2022140650e-01 -4.9686926660e+00 -6.3573689719e+00
1.2817061151e+00 6.2742328890e+00 3.4883723011e+00
1.7927890028e+00 -1.0479357631e+01 5.5073284924e+00
-1.5013755246e-02 7.6509533603e+00 -3.0030147795e+00
2.8055238396e+00 -5.6412330348e+00 -8.2059750416e+00
-3.0625192463e+00 1.7582854634e+00 1.1683875965e+01
-5.1146361598e+00 3.2627139313e+00 -4.8714232683e+00
7.4487815958e-01 -2.2497548256e+00 -7.4496407675e+00
7.6122726212e-01 -5.7981993940e+00 6.2552553112e+00
6.8693251028e-01 1.0190111348e+01 2.9532279220e+00
1.1970856046e-01 -4.9685053173e+00 -6.3574287472e+00
1.2811098264e+00 6.2749860994e+00 3.4877949129e+00
1.7927096955e+00 -1.0479457225e+01 5.5072839207e+00
-1.2634574117e-02 7.6472324632e+00 -3.0040533605e+00
2.8065244838e+00 -5.6404464412e+00 -8.2058221821e+00
-3.0624946900e+00 1.7582390210e+00 1.1684040860e+01
-5.1172400301e+00 3.2661943897e+00 -4.8700844428e+00
7.4425559992e-01 -2.2505058198e+00 -7.4497294328e+00
7.6125211087e-01 -5.7982329637e+00 6.2552472985e+00
6.8786990451e-01 1.0189582756e+01 2.9533216589e+00
1.1920351389e-01 -4.9683146855e+00 -6.3574947298e+00
1.2805539857e+00 6.2757085060e+00 3.4872904097e+00
1.7926107906e+00 -1.0479590045e+01 5.5072260839e+00
-1.0480794292e-02 7.6435989956e+00 -3.0051178306e+00
2.8075335183e+00 -5.6396554515e+00 -8.2056750975e+00
-3.0624558227e+00 1.7581939724e+00 1.1684268826e+01
-5.1195925266e+00 3.2696191058e+00 -4.8688186921e+00
7.4364971007e-01 -2.2512863455e+00 -7.4498294593e+00
7.6127702215e-01 -5.7982793100e+00 6.2552404450e+00
6.8873223748e-01 1.0189108055e+01 2.9534179054e+00
1.1868270018e-01 -4.9681208760e+00 -6.3575658315e+00
1.2800431648e+00 6.2764118992e+00 3.4868536509e+00
1.7924852550e+00 -1.0479770325e+01 5.5071491154e+00
-8.5620386098e-03 7.6400948554e+00 -3.0061852868e+00
2.8085234761e+00 -5.6388590180e+00 -8.2055297379e+00
-3.0624017785e+00 1.7581643838e+00 1.1684588711e+01
-5.1216901414e+00 3.2729329853e+00 -4.8676775720e+00
7.4306047896e-01 -2.2520937680e+00 -7.4499389418e+00
7.6130358531e-01 -5.7983420306e+00 6.2552441753e+00
6.8952611421e-01 1.0188689644e+01 2.9535198060e+00
1.1817152716e-01 -4.9679287082e+00 -6.3576524516e+00
1.2795835218e+00 6.2771119818e+00 3.4864821827e+00
1.7923232100e+00 -1.0480016410e+01 5.5070468247e+00
-6.8795611332e-03 7.6367499465e+00 -3.0072363490e+00
2.8094927022e+00 -5.6380587746e+00 -8.2053833208e+00
-3.0623313896e+00 1.7581709205e+00 1.1685050475e+01
-5.1235387812e+00 3.2760815781e+00 -4.8667312861e+00
7.4248864699e-01 -2.2529246923e+00 -7.4500569136e+00
7.6133466128e-01 -5.7984263061e+00 6.2552516767e+00
6.9025614100e-01 1.0188329836e+01 2.9536313811e+00
1.1766997380e-01 -4.9677367406e+00 -6.3577501368e+00
1.2791843966e+00 6.2778306428e+00 3.4861776487e+00
1.7921090932e+00 -1.0480346313e+01 5.5069113621e+00
-5.4266957155e-03 7.6335867756e+00 -3.0082550868e+00
2.8104402052e+00 -5.6372582832e+00 -8.2052340219e+00
-3.0622418143e+00 1.7582396086e+00 1.1685743576e+01
-5.1251532226e+00 3.2790051989e+00 -4.8660852441e+00
7.4193542525e-01 -2.2537749184e+00 -7.4501828412e+00
7.6137340324e-01 -5.7985453041e+00 6.2552526264e+00
6.9092450345e-01 1.0188031430e+01 2.9537583529e+00
1.1717857112e-01 -4.9675428247e+00 -6.3578560401e+00
1.2788605311e+00 6.2786046300e+00 3.4859473161e+00
1.7918184819e+00 -1.0480797566e+01 5.5067183495e+00
-4.1908883293e-03 7.6306236435e+00 -3.0092292892e+00
2.8113656297e+00 -5.6364610098e+00 -8.2050819665e+00
-3.0621273204e+00 1.7584295306e+00 1.1686828271e+01
-5.1265567839e+00 3.2816258485e+00 -4.8659113144e+00
7.4140249215e-01 -2.2546420167e+00 -7.4503165654e+00
7.6142415276e-01 -5.7987025870e+00 6.2552413247e+00
6.9153023753e-01 1.0187801164e+01 2.9539099042e+00
1.1669759172e-01 -4.9673475218e+00 -6.3579656299e+00
1.2786364069e+00 6.2794705145e+00 3.4858069155e+00
1.7914117681e+00 -1.0481426806e+01 5.5064349421e+00
-3.1553746421e-03 7.6278719538e+00 -3.0101503283e+00
2.8122691231e+00 -5.6356711236e+00 -8.2049276582e+00
-3.0619774112e+00 1.7588537933e+00 1.1688594545e+01
-5.1277814128e+00 3.2838189581e+00 -4.8665075449e+00
7.4089193905e-01 -2.2555240631e+00 -7.4504588619e+00
7.6149286523e-01 -5.7989110756e+00 6.2552094310e+00
6.9206850131e-01 1.0187649513e+01 2.9540974144e+00
1.1622696080e-01 -4.9671518224e+00 -6.3580793993e+00
1.2785530411e+00 6.2804906732e+00 3.4857874600e+00
1.7908235658e+00 -1.0482316726e+01 5.5060058173e+00
-2.3007297034e-03 7.6253367040e+00 -3.0110127952e+00
2.8131510050e+00 -5.6348922251e+00 -8.2047723980e+00
-3.0617748005e+00 1.7597390845e+00 1.1691572048e+01
-5.1288679361e+00 3.2853527894e+00 -4.8684068161e+00
7.4040622007e-01 -2.2564196677e+00 -7.4506106017e+00
7.6158825492e-01 -5.7991873367e+00 6.2551425350e+00
6.9253013646e-01 1.0187591554e+01 2.9543373738e+00
1.1576643325e-01 -4.9669574210e+00 -6.3581979597e+00
1.2786778509e+00 6.2817532452e+00 3.4859427969e+00
1.7899470978e+00 -1.0483582567e+01 5.5053437976e+00
-1.6062549099e-03 7.6230172811e+00 -3.0118139901e+00
2.8140118463e+00 -5.6341271185e+00 -8.2046189105e+00
-3.0614958613e+00 1.7615514723e+00 1.1696721679e+01
-5.1298641781e+00 3.2857617595e+00 -4.8725751946e+00
7.3994797360e-01 -2.2573281702e+00 -7.4507738195e+00
7.6172289490e-01 -5.7995517900e+00 6.2550193482e+00
6.9290093124e-01 1.0187647604e+01 2.9546559039e+00
1.1531545077e-01 -4.9667632790e+00 -6.3583223871e+00
1.2791200997e+00 6.2833748078e+00 3.4863635729e+00
1.7886133176e+00 -1.0485372829e+01 5.5042984076e+00
-1.0511405520e-03 7.6209084595e+00 -3.0125533353e+00
2.8148526277e+00 -5.6333777886e+00 -8.2044703789e+00
-3.0611231090e+00 1.7652303659e+00 1.1705687415e+01
-5.1308112444e+00 3.2841114939e+00 -4.8806524873e+00
7.3952008960e-01 -2.2582498835e+00 -7.4509517312e+00
7.6191432054e-01 -5.8000278982e+00 6.2548089289e+00
6.9316083644e-01 1.0187842905e+01 2.9550900146e+00
1.1487308557e-01 -4.9665703131e+00 -6.3584542965e+00
1.2800512166e+00 6.2855054879e+00 3.4871974633e+00
1.7865687761e+00 -1.0487853377e+01 5.5026425275e+00
-6.1535239765e-04 7.6190024427e+00 -3.0132317890e+00
2.8156750048e+00 -5.6326455360e+00 -8.2043301837e+00
-3.0606969140e+00 1.7723905190e+00 1.1720639211e+01
-5.1316907888e+00 3.2787951849e+00 -4.8948043888e+00
7.3912553138e-01 -2.2591868883e+00 -7.4511458093e+00
7.6218597673e-01 -5.8006396486e+00 6.2544679049e+00
6.9328354967e-01 1.0188204940e+01 2.9556882389e+00
1.1443796071e-01 -4.9663796340e+00 -6.3585962274e+00
1.2817262557e+00 6.2883119977e+00 3.4886705158e+00
1.7834661765e+00 -1.0491161343e+01 5.5000591938e+00
-2.8018594808e-04 7.6172881450e+00 -3.0138513494e+00
2.8164816586e+00 -5.6319311785e+00 -8.2042017469e+00
-3.0604264596e+00 1.7836473091e+00 1.1740625828e+01
-5.1323135955e+00 3.2692076432e+00 -4.9140758759e+00
7.3876729528e-01 -2.2601414913e+00 -7.4513598571e+00
7.6256732296e-01 -5.8014062650e+00 6.2539391001e+00
6.9323659069e-01 1.0188758241e+01 2.9565165493e+00
1.1400814813e-01 -4.9661927324e+00 -6.3587531794e+00
1.2844930489e+00 6.2919316713e+00 3.4911013373e+00
1.7788944054e+00 -1.0495315954e+01 5.4961607229e+00
-2.8835785833e-05 7.6157517611e+00 -3.0144145637e+00
2.8172766940e+00 -5.6312352386e+00 -8.2040884545e+00
-3.0602773877e+00 1.7813322454e+00 1.1738204624e+01
-5.1327317187e+00 3.2730291283e+00 -4.9110202220e+00
7.3844871283e-01 -2.2611162861e+00 -7.4515983546e+00
7.6309204719e-01 -5.8023333780e+00 6.2531535006e+00
6.9298306039e-01 1.0189515637e+01 2.9576550402e+00
1.1358088896e-01 -4.9660113942e+00 -6.3589275045e+00
1.2887621334e+00 6.2963834797e+00 3.4948752117e+00
1.7724799168e+00 -1.0500102843e+01 5.4905742272e+00
1.5371753906e-04 7.6143782442e+00 -3.0149258218e+00
2.8180660563e+00 -5.6305580707e+00 -8.2039936056e+00
-3.0523924139e+00 1.6155154819e+00 1.1549875210e+01
-5.1408194612e+00 3.4402036091e+00 -4.7221325848e+00
7.3817344452e-01 -2.2621165715e+00 -7.4518661834e+00
7.6379457272e-01 -5.8034010952e+00 6.2520395338e+00
6.9248648773e-01 1.0190466559e+01 2.9591984382e+00
1.1315218286e-01 -4.9658378877e+00 -6.3591336199e+00
1.2949054966e+00 6.3014525747e+00 3.5003644061e+00
1.7640586477e+00 -1.0505002931e+01 5.4830980066e+00
2.8148646711e-04 7.6131432572e+00 -3.0153910047e+00
2.8188578591e+00 -5.6299040992e+00 -8.2039202553e+00
-2.9733597045e+00 5.7127697105e-01 1.0633756926e+01
-5.2200024096e+00 4.4856791261e+00 -3.8055251413e+00
7.3794550547e-01 -2.2631495083e+00 -7.4521682323e+00
7.6469784546e-01 -5.8045522178e+00 6.2505370770e+00
6.9171978591e-01 1.0191565651e+01 2.9612228556e+00
1.1271611189e-01 -4.9656756823e+00 -6.3593801929e+00
1.3030848720e+00 6.3066194334e+00 3.5077699611e+00
1.7538399860e+00 -1.0509266277e+01 5.4738636438e+00
3.6857188897e-04 7.6119923532e+00 -3.0158277226e+00
2.8196623991e+00 -5.6292733755e+00 -8.2038707218e+00
-2.7116473420e+00 -2.0304560017e+00 8.9452337387e+00
-5.4818253338e+00 7.0885820951e+00 -2.1165638580e+00
7.3776919628e-01 -2.2642241750e+00 -7.4525088077e+00
7.6580313660e-01 -5.8056855934e+00 6.2486244588e+00
6.9067676877e-01 1.0192725598e+01 2.9637609876e+00
1.1226456882e-01 -4.9655284432e+00 -6.3596713916e+00
1.3130880483e+00 6.3111338201e+00 3.5169596730e+00
1.7424406924e+00 -1.0512150539e+01 5.4634103071e+00
4.2544900973e-04 7.6108388850e+00 -3.0162879979e+00
2.8204931139e+00 -5.6286611592e+00 -8.2038467775e+00
-2.4875234010e+00 -3.8761266843e+00 8.0998498336e+00
-5.7060305311e+00 8.9354360820e+00 -1.2707614348e+00
7.3764902740e-01 -2.2653513900e+00 -7.4528907980e+00
7.6708067547e-01 -5.8066625780e+00 6.2463451165e+00
6.8938388733e-01 1.0193824704e+01 2.9667903464e+00
1.1178597772e-01 -4.9654008908e+00 -6.3600228711e+00
1.3242951088e+00 6.3142535702e+00 3.5274142756e+00
1.7307548741e+00 -1.0513197582e+01 5.4525335182e+00
4.5297194056e-04 7.6096198524e+00 -3.0167828971e+00
2.8213665442e+00 -5.6280677149e+00 -8.2038489885e+00
-2.4245461277e+00 -4.3303151560e+00 7.9634301685e+00
-5.7690606231e+00 9.3908826866e+00 -1.1339205707e+00
7.3758975814e-01 -2.2665437654e+00 -7.4533147392e+00
7.6846523419e-01 -5.8073314097e+00 6.2438239510e+00
6.8790555171e-01 1.0194731257e+01 2.9702097418e+00
1.1126333492e-01 -4.9653002774e+00 -6.3604558718e+00
1.3358084816e+00 6.3155221096e+00 3.5383256877e+00
1.7197442747e+00 -1.0512395910e+01 5.4421404064e+00
4.4557049125e-04 7.6083128388e+00 -3.0173132298e+00
2.8223017921e+00 -5.6274933466e+00 -8.2038758945e+00
-2.4186065189e+00 -4.3696775681e+00 7.9559200213e+00
-5.7750196096e+00 9.4316066959e+00 -1.1259809512e+00
7.3759598380e-01 -2.2678127001e+00 -7.4537779050e+00
7.6986569819e-01 -5.8075613265e+00 6.2412617413e+00
6.8633797529e-01 1.0195336120e+01 2.9738436571e+00
1.1067209772e-01 -4.9652430895e+00 -6.3609990227e+00
1.3466627362e+00 6.3149282854e+00 3.5487811770e+00
1.7102158599e+00 -1.0510164031e+01 5.4330395791e+00
3.9593923992e-04 7.6069117160e+00 -3.0178804551e+00
2.8233192592e+00 -5.6269381872e+00 -8.2039229393e+00
-2.4221105965e+00 -4.3483621704e+00 7.9571842224e+00
-5.7714943923e+00 9.4117544769e+00 -1.1268238856e+00
7.3767107660e-01 -2.2691676923e+00 -7.4542734082e+00
7.7118861175e-01 -5.8072737937e+00 6.2389038330e+00
6.8479113667e-01 1.0195585521e+01 2.9774746344e+00
1.0997578268e-01 -4.9652368027e+00 -6.3616910391e+00
1.3560473227e+00 6.3128909644e+00 3.5579894583e+00
1.7026280398e+00 -1.0507166955e+01 5.4257328813e+00
2.9645233344e-04 7.6054147492e+00 -3.0184837554e+00
2.8244386172e+00 -5.6264021670e+00 -8.2039814573e+00
-2.4253685286e+00 -4.3294153458e+00 7.9569902956e+00
-5.7681666986e+00 9.3943725469e+00 -1.1262114809e+00
7.3781648477e-01 -2.2706164955e+00 -7.4547897374e+00
7.7237019793e-01 -5.8064551059e+00 6.2369934771e+00
6.8336506408e-01 1.0195493297e+01 2.9808914346e+00
1.0912030299e-01 -4.9653027691e+00 -6.3625837833e+00
1.3635000681e+00 6.3100782459e+00 3.5654421258e+00
1.6970222669e+00 -1.0504054642e+01 5.4203258191e+00
1.3950395856e-04 7.6038221664e+00 -3.0191211870e+00
2.8256758768e+00 -5.6258850377e+00 -8.2040380291e+00
-2.4274117126e+00 -4.3179596455e+00 7.9561711721e+00
-5.7659963974e+00 9.3845803708e+00 -1.1249772763e+00
7.3803088695e-01 -2.2721594107e+00 -7.4553112542e+00
7.7340776608e-01 -5.8051441667e+00 6.2357296025e+00
6.8212990125e-01 1.0195129608e+01 2.9839342156e+00
1.0802660897e-01 -4.9654725216e+00 -6.3637453102e+00
1.3689752990e+00 6.3071432785e+00 3.5710322475e+00
1.6931248964e+00 -1.0501267501e+01 5.4166052690e+00
-8.2248883943e-05 7.6021360554e+00 -3.0197898571e+00
2.8270397134e+00 -5.6253864019e+00 -8.2040746166e+00
-2.4285956057e+00 -4.3115097920e+00 7.9553737639e+00
-5.7646192545e+00 9.3798866728e+00 -1.1237733294e+00
7.3830968461e-01 -2.2737884446e+00 -7.4558197805e+00
7.7438330940e-01 -5.8034020535e+00 6.2352461987e+00
6.8111704328e-01 1.0194593233e+01 2.9865194302e+00
1.0658013001e-01 -4.9657925140e+00 -6.3652624600e+00
1.3727423319e+00 6.3045307456e+00 3.5749753817e+00
1.6905293143e+00 -1.0498996299e+01 5.4142067382e+00
-3.7560024448e-04 7.6003605922e+00 -3.0204859590e+00
2.8285276483e+00 -5.6249057358e+00 -8.2040698879e+00
-2.4292762075e+00 -4.3078841930e+00 7.9547582667e+00
-5.7636709417e+00 9.3781006454e+00 -1.1227672644e+00
7.3864512945e-01 -2.2754863864e+00 -7.4562972686e+00
7.7547745722e-01 -5.8012769496e+00 6.2356174332e+00
6.8032235278e-01 1.0193981854e+01 2.9886390695e+00
1.0461734344e-01 -4.9663304494e+00 -6.3672412409e+00
1.3752035040e+00 6.3024369212e+00 3.5776401132e+00
1.6888421785e+00 -1.0497250188e+01 5.4127572875e+00
-7.4647606244e-04 7.5985022029e+00 -3.0212048281e+00
2.8301231019e+00 -5.6244424082e+00 -8.2040019189e+00
-2.4296736858e+00 -4.3058028850e+00 7.9543165818e+00
-5.7629243229e+00 9.3779305666e+00 -1.1219520390e+00
7.3902727474e-01 -2.2772275093e+00 -7.4567291789e+00
7.7697586687e-01 -5.7987757896e+00 6.2368781542e+00
6.7971691268e-01 1.0193371960e+01 2.9903413871e+00
1.0191070866e-01 -4.9671829114e+00 -6.3698019888e+00
1.3767484413e+00 6.3008769618e+00 3.5793965431e+00
1.6877521099e+00 -1.0495948077e+01 5.4119475685e+00
-1.1996085674e-03 7.5965695991e+00 -3.0219410390e+00
2.8317945151e+00 -5.6239957012e+00 -8.2038519811e+00
-2.4299114673e+00 -4.3045731854e+00 7.9540047327e+00
-5.7622518274e+00 9.3786707190e+00 -1.1212810379e+00
7.3944623548e-01 -2.2789800463e+00 -7.4571078602e+00
7.7926900814e-01 -5.7958473613e+00 6.2390417052e+00
6.7925912127e-01 1.0192811808e+01 2.9917055236e+00
9.8155989447e-02 -4.9684828525e+00 -6.3730646467e+00
1.3776859239e+00 6.2997750976e+00 3.5805470348e+00
1.6870401250e+00 -1.0494985254e+01 5.4115477067e+00
-1.7382311076e-03 7.5945773476e+00 -3.0226885367e+00
2.8334974382e+00 -5.6235648411e+00 -8.2036085604e+00
-2.4300575170e+00 -4.3038274295e+00 7.9537824148e+00
-5.7615847856e+00 9.3799370234e+00 -1.1207096510e+00
7.3989439714e-01 -2.2807099686e+00 -7.4574351162e+00
7.8284023925e-01 -5.7923776363e+00 6.2420979255e+00
6.7890380362e-01 1.0192324200e+01 2.9928214298e+00
9.2970707359e-02 -4.9704033452e+00 -6.3771185689e+00
1.3782338232e+00 6.2990299038e+00 3.5813109565e+00
1.6865635500e+00 -1.0494267745e+01 5.4113969211e+00
-2.3638481023e-03 7.5925606337e+00 -3.0234407152e+00
2.8351796688e+00 -5.6231490449e+00 -8.2032703809e+00
-2.4301495808e+00 -4.3033859564e+00 7.9536201258e+00
-5.7608866423e+00 9.3815164976e+00 -1.1202001240e+00
7.4036727147e-01 -2.2823853374e+00 -7.4577234878e+00
7.8822944775e-01 -5.7881993712e+00 6.2459819781e+00
6.7860686182e-01 1.0191913706e+01 2.9937720091e+00
8.5918192821e-02 -4.9731510852e+00 -6.3819734506e+00
1.3785350786e+00 6.2985477026e+00 3.5818371244e+00
1.6862339463e+00 -1.0493726397e+01 5.4113869670e+00
-3.0760675276e-03 7.5905095671e+00 -3.0241904140e+00
2.8367884377e+00 -5.6227475809e+00 -8.2028473290e+00
-2.4302089962e+00 -4.3031118902e+00 7.9534976325e+00
-5.7601420444e+00 9.3832886676e+00 -1.1197265084e+00
7.4086937314e-01 -2.2839806076e+00 -7.4579959418e+00
7.9595641465e-01 -5.7831213003e+00 6.2505187163e+00
6.7832619831e-01 1.0191576595e+01 2.9946305669e+00
7.6573908860e-02 -4.9769412467e+00 -6.3874969576e+00
1.3786788292e+00 6.2982541931e+00 3.5822232680e+00
1.6859980655e+00 -1.0493310103e+01 5.4114476621e+00
-3.8724574360e-03 7.5884413259e+00 -3.0249302880e+00
2.8382778221e+00 -5.6223598310e+00 -8.2023588394e+00
-2.4302481151e+00 -4.3029423355e+00 7.9534014386e+00
-5.7593476524e+00 9.3851816774e+00 -1.1192741279e+00
7.4141541072e-01 -2.2854763071e+00 -7.4582842793e+00
8.0639883353e-01 -5.7769806398e+00 6.2553676446e+00
6.7802012884e-01 1.0191299827e+01 2.9954593499e+00
6.4639929684e-02 -4.9819488020e+00 -6.3933619115e+00
1.3787180344e+00 6.2980951879e+00 3.5825333510e+00
1.6858246289e+00 -1.0492985369e+01 5.4115361934e+00
-4.7485934002e-03 7.5863739258e+00 -3.0256619352e+00
2.8396144526e+00 -5.6219853374e+00 -8.2018302201e+00
-2.4302742528e+00 -4.3028410234e+00 7.9533225276e+00
-5.7585072216e+00 9.3871504289e+00 -1.1188384384e+00
7.4203186435e-01 -2.2868593892e+00 -7.4586267941e+00
8.1965247682e-01 -5.7697098486e+00 6.2600119417e+00
6.7764394881e-01 1.0191068481e+01 2.9963104719e+00
5.0080913179e-02 -4.9882452421e+00 -6.3990430665e+00
1.3786817831e+00 6.2980333743e+00 3.5828193198e+00
1.6856947840e+00 -1.0492730872e+01 5.4116285530e+00
-5.6984467377e-03 7.5843254112e+00 -3.0263814952e+00
2.8407802458e+00 -5.6216238191e+00 -8.2012881004e+00
-2.4302918309e+00 -4.3027867739e+00 7.9532547297e+00
-5.7576289351e+00 9.3891645572e+00 -1.1184235517e+00
7.4275783654e-01 -2.2881209888e+00 -7.4590650828e+00
8.3544365332e-01 -5.7613877793e+00 6.2638288746e+00
6.7714769720e-01 1.0190866253e+01 2.9972281184e+00
3.3211785811e-02 -4.9957505905e+00 -6.4038973472e+00
1.3785832100e+00 6.2980446021e+00 3.5831153015e+00
1.6855965449e+00 -1.0492531992e+01 5.4117130494e+00
-6.7139596637e-03 7.5823139944e+00 -3.0270703934e+00
2.8417719771e+00 -5.6212751529e+00 -8.2007563393e+00
-2.4303035631e+00 -4.3027671743e+00 7.9531936292e+00
-5.7567239952e+00 9.3912009677e+00 -1.1180401576e+00
7.4364420714e-01 -2.2892512011e+00 -7.4596398924e+00
8.5316858150e-01 -5.7522382589e+00 6.2662296281e+00
6.7647501709e-01 1.0190672625e+01 2.9982493463e+00
1.4662051250e-02 -5.0042374475e+00 -6.4073128324e+00
1.3784231390e+00 6.2981136403e+00 3.5834339621e+00
1.6855217063e+00 -1.0492377900e+01 5.4117854026e+00
-7.7855587265e-03 7.5803572828e+00 -3.0277226151e+00
2.8425984435e+00 -5.6209392930e+00 -8.2002540877e+00
-2.4303110996e+00 -4.3027750404e+00 7.9531366024e+00
-5.7558060295e+00 9.3932402600e+00 -1.1177033674e+00
7.4475001673e-01 -2.2902336922e+00 -7.4603853773e+00
8.7205262622e-01 -5.7425719405e+00 6.2667948355e+00
6.7556500120e-01 1.0190459654e+01 2.9994023584e+00
-4.7774206634e-03 -5.0133908048e+00 -6.4088510968e+00
1.3781923145e+00 6.2982314744e+00 3.5837973452e+00
1.6854642541e+00 -1.0492259972e+01 5.4118452802e+00
-8.9025901947e-03 7.5784716406e+00 -3.0283327606e+00
2.8432764868e+00 -5.6206161951e+00 -8.1997927756e+00
-2.4303154061e+00 -4.3028078126e+00 7.9530803876e+00
-5.7548908917e+00 9.3952649986e+00 -1.1174308906e+00
7.4613466581e-01 -2.2910414215e+00 -7.4613213794e+00
8.9130769823e-01 -5.7327221131e+00 6.2653368537e+00
6.7435863421e-01 1.0190189047e+01 3.0007016211e+00
-2.4304930678e-02 -5.0228725549e+00 -6.4083133226e+00
1.3778720795e+00 6.2983943822e+00 3.5842269862e+00
1.6854195855e+00 -1.0492171062e+01 5.4118940843e+00
-1.0053708405e-02 7.5766716621e+00 -3.0288961450e+00
2.8438271459e+00 -5.6203059084e+00 -8.1993779732e+00
-2.4303171322e+00 -4.3028634223e+00 7.9530224536e+00
-5.7539965444e+00 9.3972587878e+00 -1.1172416478e+00
7.4784506516e-01 -2.2916359058e+00 -7.4624444811e+00
9.1017431713e-01 -5.7230290685e+00 6.2619035563e+00
6.7281069800e-01 1.0189811970e+01 3.0021405575e+00
-4.3143714443e-02 -5.0323359106e+00 -6.4057450729e+00
1.3774342878e+00 6.2985988577e+00 3.5847446683e+00
1.6853840609e+00 -1.0492111926e+01 5.4119340592e+00
-1.1227244662e-02 7.5749764384e+00 -3.0294113444e+00
2.8442723860e+00 -5.6200084506e+00 -8.1990106948e+00
-2.4303166278e+00 -4.3029388582e+00 7.9529607999e+00
-5.7531428533e+00 9.3992055148e+00 -1.1171546477e+00
7.4989891170e-01 -2.2919724726e+00 -7.4637207588e+00
9.2789524546e-01 -5.7138556151e+00 6.2567811158e+00
6.7090590395e-01 1.0189274246e+01 3.0036867265e+00
-6.0510968603e-02 -5.0414072362e+00 -6.4014376649e+00
1.3768411865e+00 6.2988383590e+00 3.5853724092e+00
1.6853546932e+00 -1.0492074371e+01 5.4119681056e+00
-1.2411586921e-02 7.5733925058e+00 -3.0298762949e+00
2.8446329166e+00 -5.6197237831e+00 -8.1986886168e+00
-2.4303139369e+00 -4.3030330251e+00 7.9528942085e+00
-5.7523512593e+00 9.4010884846e+00 -1.1171878409e+00
7.5226848980e-01 -2.2920123395e+00 -7.4650844705e+00
9.4376224118e-01 -5.7055655446e+00 6.2504857571e+00
6.6867464983e-01 1.0188528135e+01 3.0052754599e+00
-7.5662622302e-02 -5.0497038556e+00 -6.3959166483e+00
1.3760464149e+00 6.2991037936e+00 3.5861303402e+00
1.6853292273e+00 -1.0492052638e+01 5.4119980598e+00
-1.3595495968e-02 7.5719248614e+00 -3.0302875435e+00
2.8449269797e+00 -5.6194518060e+00 -8.1984074738e+00
-2.4303100248e+00 -4.3031445794e+00 7.9528194635e+00
-5.7516443709e+00 9.4028894342e+00 -1.1173567112e+00
7.5487375788e-01 -2.2917390725e+00 -7.4664430628e+00
9.5726341373e-01 -5.6984464578e+00 6.2436818437e+00
6.6620055201e-01 1.0187548581e+01 3.0068177361e+00
-8.8042236823e-02 -5.0569071340e+00 -6.3898552307e+00
1.3749981978e+00 6.2993788111e+00 3.5870329189e+00
1.6853058757e+00 -1.0492044534e+01 5.4120255945e+00
-1.4768342051e-02 7.5705780834e+00 -3.0306449005e+00
2.8451698798e+00 -5.6191923595e+00 -8.1981621488e+00
-2.4303053432e+00 -4.3032724860e+00 7.9527350296e+00
-5.7510455154e+00 9.4045884856e+00 -1.1176725333e+00
7.5758755770e-01 -2.2911726879e+00 -7.4676984593e+00
9.6821203725e-01 -5.6926337625e+00 6.2370268824e+00
6.6361364705e-01 1.0186347131e+01 3.0082207004e+00
-9.7415703787e-02 -5.0628351508e+00 -6.3839138366e+00
1.3736459070e+00 6.2996372806e+00 3.5880836716e+00
1.6852831663e+00 -1.0492049050e+01 5.4120524831e+00
-1.5920268240e-02 7.5693540536e+00 -3.0309499109e+00
2.8453756463e+00 -5.6189452283e+00 -8.1979473842e+00
-2.4302995205e+00 -4.3034238646e+00 7.9526393315e+00
-5.7505794997e+00 9.4061715134e+00 -1.1181398353e+00
7.6025756577e-01 -2.2903738310e+00 -7.4687680507e+00
9.7675302392e-01 -5.6880926560e+00 6.2310253132e+00
6.6106763615e-01 1.0184976120e+01 3.0094072991e+00
-1.0388825838e-01 -5.0674597163e+00 -6.3785887307e+00
1.3719505084e+00 6.2998426593e+00 3.5892694850e+00
1.6852596694e+00 -1.0492073186e+01 5.4120808931e+00
-1.7042231783e-02 7.5682524644e+00 -3.0312062636e+00
2.8455540338e+00 -5.6187101416e+00 -8.1977580731e+00
-2.4302931927e+00 -4.3035837384e+00 7.9525318501e+00
-5.7502686696e+00 9.4075996985e+00 -1.1187555252e+00
7.6274005878e-01 -2.2894341475e+00 -7.4696027097e+00
9.8325879244e-01 -5.6846590843e+00 6.2259625918e+00
6.5870820402e-01 1.0183519186e+01 3.0103336891e+00
-1.0781450349e-01 -5.0708636008e+00 -6.3741429781e+00
1.3698978393e+00 6.2999525498e+00 3.5905565256e+00
1.6852331389e+00 -1.0492125943e+01 5.4121130274e+00
-1.8125909187e-02 7.5672717893e+00 -3.0314203187e+00
2.8457106631e+00 -5.6184867580e+00 -8.1975898443e+00
-2.4302870298e+00 -4.3037480694e+00 7.9524158928e+00
-5.7501306139e+00 9.4088427812e+00 -1.1195074378e+00
7.6492743355e-01 -2.2884560918e+00 -7.4701933010e+00
9.8819207338e-01 -5.6821034825e+00 6.2219231213e+00
6.5664451141e-01 1.0182071244e+01 3.0109953863e+00
-1.0967628218e-01 -5.0731984319e+00 -6.3706277570e+00
1.3675120147e+00 6.2999329624e+00 3.5918912309e+00
1.6852012803e+00 -1.0492199824e+01 5.4121530581e+00
-1.9163408542e-02 7.5664108854e+00 -3.0316018349e+00
2.8458512069e+00 -5.6182746905e+00 -8.1974389784e+00
-2.4302819661e+00 -4.3039123033e+00 7.9522917501e+00
-5.7501776644e+00 9.4098690682e+00 -1.1203732095e+00
7.6676328310e-01 -2.2875308674e+00 -7.4705645585e+00
9.9199720570e-01 -5.6801851826e+00 6.2188511747e+00
6.5493410318e-01 1.0180716578e+01 3.0114209964e+00
-1.0998569914e-01 -5.0746313251e+00 -6.3679439205e+00
1.3648616590e+00 6.2997376607e+00 3.5932055224e+00
1.6851607807e+00 -1.0492310491e+01 5.4122087277e+00
-2.0146651465e-02 7.5656715284e+00 -3.0317651318e+00
2.8459798961e+00 -5.6180735118e+00 -8.1973023418e+00
-2.4302790297e+00 -4.3040716196e+00 7.9521626845e+00
-5.7504089822e+00 9.4106540204e+00 -1.1213206242e+00
7.6824119531e-01 -2.2867231449e+00 -7.4707612016e+00
9.9503858108e-01 -5.6786864326e+00 6.2166144901e+00
6.5358411864e-01 1.0179513660e+01 3.0116583366e+00
-1.0922631149e-01 -5.0753278301e+00 -6.3659236794e+00
1.3620564032e+00 6.2993538213e+00 3.5944287399e+00
1.6851049476e+00 -1.0492475426e+01 5.4122936430e+00
-2.1066102487e-02 7.5650624791e+00 -3.0319312415e+00
2.8460998575e+00 -5.6178833677e+00 -8.1971773244e+00
-2.4302793559e+00 -4.3042216102e+00 7.9520330087e+00
-5.7508037147e+00 9.4111751121e+00 -1.1223094406e+00
7.6939185391e-01 -2.2860663750e+00 -7.4708332566e+00
9.9757803680e-01 -5.6774319240e+00 6.2150510846e+00
6.5256420133e-01 1.0178493170e+01 3.0117599069e+00
-1.0782162909e-01 -5.0754483581e+00 -6.3643890053e+00
1.3592319050e+00 6.2987963003e+00 3.5955026251e+00
1.6850224470e+00 -1.0492724250e+01 5.4124310419e+00
-2.1908098690e-02 7.5646063541e+00 -3.0321314413e+00
2.8462140143e+00 -5.6177106988e+00 -8.1970624217e+00
-2.4302840622e+00 -4.3043587444e+00 7.9519074949e+00
-5.7513189454e+00 9.4114237367e+00 -1.1232937604e+00
7.7026617216e-01 -2.2855669895e+00 -7.4708255352e+00
9.9977748545e-01 -5.6762962403e+00 6.2139971490e+00
6.5182259577e-01 1.0177667149e+01 3.0117729901e+00
-1.0611778683e-01 -5.0751471477e+00 -6.3631885203e+00
1.3565261785e+00 6.2981068307e+00 3.5963930031e+00
1.6848907425e+00 -1.0493116426e+01 5.4126639163e+00
-2.2649020009e-02 7.5643519869e+00 -3.0324173142e+00
2.8463244466e+00 -5.6175476719e+00 -8.1969563651e+00
-2.4302941091e+00 -4.3044806963e+00 7.9517908886e+00
-5.7518916760e+00 9.4114180535e+00 -1.1242281160e+00
7.7092070942e-01 -2.2852129888e+00 -7.4707726641e+00
1.0017161749e+00 -5.6751969010e+00 6.2133042949e+00
6.5130191719e-01 1.0177007212e+01 3.0117338300e+00
-1.0437460359e-01 -5.0745680663e+00 -6.3622129372e+00
1.3540554179e+00 6.2973454979e+00 3.5970944668e+00
1.6846629419e+00 -1.0493760941e+01 5.4130749239e+00
-2.3242480110e-02 7.5643981476e+00 -3.0328825943e+00
2.8464324249e+00 -5.6173940236e+00 -8.1968557703e+00
-2.4303101738e+00 -4.3045864917e+00 7.9516874560e+00
-5.7524489215e+00 9.4112016963e+00 -1.1250744322e+00
7.7140814737e-01 -2.2849827544e+00 -7.4706984831e+00
1.0034171146e+00 -5.6741055199e+00 6.2128486338e+00
6.5094891386e-01 1.0176489083e+01 3.0116675433e+00
-1.0276525987e-01 -5.0738370735e+00 -6.3613943513e+00
1.3518972927e+00 6.2965778776e+00 3.5976270742e+00
1.6842378555e+00 -1.0494862621e+01 5.4138283160e+00
-2.3589412786e-02 7.5649398599e+00 -3.0337006109e+00
2.8465389641e+00 -5.6172494967e+00 -8.1967596698e+00
-2.4303325636e+00 -4.3046764763e+00 7.9516006605e+00
-5.7529227301e+00 9.4108386562e+00 -1.1258076728e+00
7.7177271706e-01 -2.2848517925e+00 -7.4706178094e+00
1.0048760502e+00 -5.6730323050e+00 6.2125355189e+00
6.5071856328e-01 1.0176089541e+01 3.0115901589e+00
-1.0138537252e-01 -5.0730581704e+00 -6.3606964322e+00
1.3500859289e+00 6.2958628052e+00 3.5980275407e+00
1.6833896661e+00 -1.0496812472e+01 5.4152590811e+00
-2.3467758799e-02 7.5663585965e+00 -3.0352152504e+00
2.8466450096e+00 -5.6171137695e+00 -8.1966693289e+00
-2.4303611804e+00 -4.3047521521e+00 7.9515330255e+00
-5.7532641780e+00 9.4104012975e+00 -1.1264169901e+00
7.7204912301e-01 -2.2847968733e+00 -7.4705389208e+00
1.0060859861e+00 -5.6720099983e+00 6.2123002300e+00
6.5057559225e-01 1.0175804513e+01 3.0115117760e+00
-1.0026987908e-01 -5.0723237540e+00 -6.3601026920e+00
1.3486176192e+00 6.2952446125e+00 3.5983390696e+00
1.6816049433e+00 -1.0500349024e+01 5.4180547321e+00
-2.2369491261e-02 7.5693834334e+00 -3.0381230061e+00
2.8467513274e+00 -5.6169865055e+00 -8.1965808473e+00
-2.4303955391e+00 -4.3048159424e+00 7.9514861903e+00
-5.7534503991e+00 9.4099562245e+00 -1.1269115855e+00
7.7226338278e-01 -2.2847980147e+00 -7.4704658316e+00
1.0070519605e+00 -5.6710763171e+00 6.2121042889e+00
6.5049324914e-01 1.0175592378e+01 3.0114378357e+00
-9.9412184076e-02 -5.0716572076e+00 -6.3596050658e+00
1.3474627503e+00 6.2947509761e+00 3.5986032894e+00
1.6777487473e+00 -1.0506753824e+01 5.4235572584e+00
-1.9166700104e-02 7.5752863934e+00 -3.0437753967e+00
2.8468585000e+00 -5.6168673735e+00 -8.1964944555e+00
-2.4304348270e+00 -4.3048709451e+00 7.9514611292e+00
-5.7534833219e+00 9.4095534417e+00 -1.1273078278e+00
7.7243442030e-01 -2.2848390481e+00 -7.4704000151e+00
1.0077949060e+00 -5.6702603912e+00 6.2119299486e+00
6.5045171663e-01 1.0175439152e+01 3.0113707756e+00
-9.8782291071e-02 -5.0710825342e+00 -6.3591972467e+00
1.3465788498e+00 6.2943951288e+00 3.5988558300e+00
1.6697566452e+00 -1.0517543643e+01 5.4337847673e+00
-1.1803539735e-02 7.5855729644e+00 -3.0542012338e+00
2.8469679219e+00 -5.6167546839e+00 -8.1964235754e+00
-2.4304779823e+00 -4.3049207112e+00 7.9514584763e+00
-5.7533825446e+00 9.4092219774e+00 -1.1276262309e+00
7.7257574202e-01 -2.2849074140e+00 -7.4703415608e+00
1.0083467657e+00 -5.6695759735e+00 6.2117845801e+00
6.5043678186e-01 1.0175335648e+01 3.0113115515e+00
-9.8341041408e-02 -5.0706083334e+00 -6.3588720337e+00
1.3459212514e+00 6.2941801692e+00 3.5991252593e+00
1.6574586536e+00 -1.0530624743e+01 5.4477265674e+00
-1.2014513262e-04 7.5981401404e+00 -3.0684023020e+00
2.8470807784e+00 -5.6166494848e+00 -8.1963528289e+00
-2.4305237688e+00 -4.3049690685e+00 7.9514788997e+00
-5.7531763622e+00 9.4089716853e+00 -1.1278866848e+00
7.7269689110e-01 -2.2849936277e+00 -7.4702898835e+00
1.0087445771e+00 -5.6690211235e+00 6.2116524167e+00
6.5043850544e-01 1.0175277302e+01 3.0112601845e+00
-9.8049160906e-02 -5.0702345276e+00 -6.3586205457e+00
1.3454500315e+00 6.2941034473e+00 3.5994341766e+00
1.6700891617e+00 -1.0522557444e+01 5.4355814336e+00
-1.3362357157e-02 7.5895406792e+00 -3.0565921043e+00
2.8471976252e+00 -5.6165512925e+00 -8.1962824369e+00
-2.4305708218e+00 -4.3050199902e+00 7.9515234733e+00
-5.7528943305e+00 9.4087985839e+00 -1.1281056773e+00
7.7280458903e-01 -2.2850906710e+00 -7.4702441216e+00
1.0090245773e+00 -5.6685858168e+00 6.2115348949e+00
6.5045022183e-01 1.0175264158e+01 3.0112159201e+00
-9.7872080052e-02 -5.0699580088e+00 -6.3584325099e+00
1.3451334145e+00 6.2941598020e+00 3.5998011282e+00
1.8998763746e+00 -1.0418082192e+01 5.2428454970e+00
-2.4377110329e-01 7.4845070597e+00 -2.8642837993e+00
2.8473190839e+00 -5.6164594948e+00 -8.1962129312e+00
-2.4306176463e+00 -4.3050768171e+00 7.9515939970e+00
-5.7525624446e+00 9.4086910618e+00 -1.1282953261e+00
7.7290357618e-01 -2.2851934322e+00 -7.4702033376e+00
1.0092176663e+00 -5.6682535114e+00 6.2114333976e+00
6.5046786445e-01 1.0175301259e+01 3.0111770466e+00
-9.7781830734e-02 -5.0697770701e+00 -6.3582966964e+00
1.3449484595e+00 6.2943431369e+00 3.6002421524e+00
2.8277964677e+00 -1.0218607016e+01 4.5824669573e+00
-1.1723365358e+00 7.2844412088e+00 -2.2044426875e+00
2.8474466524e+00 -5.6163733344e+00 -8.1961461341e+00
-2.4306633596e+00 -4.3051433167e+00 7.9516932167e+00
-5.7522000661e+00 9.4086355735e+00 -1.1284634887e+00
7.7299719895e-01 -2.2852982383e+00 -7.4701667032e+00
1.0093475311e+00 -5.6680056770e+00 6.2113488889e+00
6.5048957656e-01 1.0175399658e+01 3.0111403234e+00
-9.7757276264e-02 -5.0696949941e+00 -6.3582009348e+00
1.3448798111e+00 6.2946461366e+00 3.6007705619e+00
4.1541998223e+00 -1.0220619096e+01 3.7892213989e+00
-2.4994240293e+00 7.2858274302e+00 -1.4118599574e+00
2.8475814488e+00 -5.6162918557e+00 -8.1960831663e+00
-2.4307062305e+00 -4.3052243670e+00 7.9518251052e+00
-5.7518186727e+00 9.4086207615e+00 -1.1286145159e+00
7.7308788868e-01 -2.2854027803e+00 -7.4701372644e+00
1.0094304172e+00 -5.6678233814e+00 6.2112859128e+00
6.5051558446e-01 1.0175578312e+01 3.0110998468e+00
-9.7783616780e-02 -5.0697233939e+00 -6.3581313460e+00
1.3449173879e+00 6.2950583707e+00 3.6013939863e+00
4.7826250834e+00 -1.0343469238e+01 3.4768257397e+00
-3.1285875960e+00 7.4080200128e+00 -1.1002618669e+00
2.8477236177e+00 -5.6162150430e+00 -8.1960264188e+00
-2.4307426908e+00 -4.3053227090e+00 7.9519954281e+00
-5.7514257802e+00 9.4086373557e+00 -1.1287508409e+00
7.7317734640e-01 -2.2855054982e+00 -7.4701100258e+00
1.0094796445e+00 -5.6676910595e+00 6.2112412484e+00
6.5054834875e-01 1.0175867067e+01 3.0110449882e+00
-9.7851770126e-02 -5.0698859044e+00 -6.3580704127e+00
1.3450537964e+00 6.2955650159e+00 3.6021121606e+00
4.8901244956e+00 -1.0382661574e+01 3.4320904007e+00
-3.2368853902e+00 7.4465378496e+00 -1.0564661485e+00
2.8478749791e+00 -5.6161428698e+00 -8.1959798601e+00
-2.4307694883e+00 -4.3054412090e+00 7.9522177010e+00
-5.7510294663e+00 9.4086763346e+00 -1.1288651399e+00
7.7326678750e-01 -2.2856052164e+00 -7.4700947578e+00
1.0095023715e+00 -5.6675995125e+00 6.2112168693e+00
6.5059297610e-01 1.0176310923e+01 3.0109567487e+00
-9.7957979225e-02 -5.0702226547e+00 -6.3579933418e+00
1.3452807142e+00 6.2961479288e+00 3.6029175284e+00
4.8783530664e+00 -1.0376524781e+01 3.4348205055e+00
-3.2259703365e+00 7.4397225726e+00 -1.0602775020e+00
2.8480382805e+00 -5.6160733372e+00 -8.1959493643e+00
-2.4307819817e+00 -4.3055838276e+00 7.9525051662e+00
-5.7506375764e+00 9.4087297889e+00 -1.1289617790e+00
7.7335792318e-01 -2.2857012227e+00 -7.4700868513e+00
1.0095018468e+00 -5.6675361954e+00 6.2112165140e+00
6.5065787712e-01 1.0176975320e+01 3.0108016861e+00
-9.8103815789e-02 -5.0707954854e+00 -6.3578619351e+00
1.3455847164e+00 6.2967871682e+00 3.6037935600e+00
4.8604286142e+00 -1.0365275695e+01 3.4384743352e+00
-3.2089489638e+00 7.4278060175e+00 -1.0651308503e+00
2.8482179727e+00 -5.6160053568e+00 -8.1959433664e+00
-2.4307744120e+00 -4.3057525248e+00 7.9528606632e+00
-5.7502555471e+00 9.4087917277e+00 -1.1290470763e+00
7.7345181707e-01 -2.2857930463e+00 -7.4700801099e+00
1.0094771912e+00 -5.6674925313e+00 6.2112466870e+00
6.5075564685e-01 1.0177951187e+01 3.0105225010e+00
-9.8296556212e-02 -5.0716927999e+00 -6.3576150793e+00
1.3459442371e+00 6.2974630218e+00 3.6047122957e+00
4.8497086164e+00 -1.0357684052e+01 3.4397094240e+00
-3.1991569027e+00 7.4195705073e+00 -1.0676580268e+00
2.8484212192e+00 -5.6159385193e+00 -8.1959740400e+00
-2.4307394446e+00 -4.3059479913e+00 7.9532986405e+00
-5.7498868417e+00 9.4088580002e+00 -1.1291217479e+00
7.7354726776e-01 -2.2858804594e+00 -7.4700761140e+00
1.0094233651e+00 -5.6674623110e+00 6.2113179054e+00
6.5090389816e-01 1.0179356502e+01 3.0100249457e+00
-9.8549645258e-02 -5.0730308772e+00 -6.3571555622e+00
1.3463284677e+00 6.2981592009e+00 3.6056345753e+00
4.8439572961e+00 -1.0353362534e+01 3.4397161281e+00
-3.1943306931e+00 7.4146337326e+00 -1.0690294615e+00
2.8486595608e+00 -5.6158727595e+00 -8.1960590572e+00
-2.4306679256e+00 -4.3061691014e+00 7.9538556846e+00
-5.7495333003e+00 9.4089258709e+00 -1.1291950897e+00
7.7364354813e-01 -2.2859633909e+00 -7.4700760720e+00
1.0093300252e+00 -5.6674405587e+00 6.2114465381e+00
6.5112534233e-01 1.0181328001e+01 3.0091631191e+00
-9.8882520973e-02 -5.0749453424e+00 -6.3563352938e+00
1.3466986675e+00 6.2988660828e+00 3.6065135042e+00
4.8407814985e+00 -1.0350961650e+01 3.4392668064e+00
-3.1920472472e+00 7.4116410007e+00 -1.0699906595e+00
2.8489516407e+00 -5.6158084698e+00 -8.1962243246e+00
-2.4305488031e+00 -4.3064119449e+00 7.9545470313e+00
-5.7491952094e+00 9.4089936408e+00 -1.1292643332e+00
7.7373992340e-01 -2.2860419456e+00 -7.4700766477e+00
1.0091791869e+00 -5.6674231240e+00 6.2116613609e+00
6.5144583088e-01 1.0183994027e+01 3.0077306153e+00
-9.9318496555e-02 -5.0775638611e+00 -6.3549501568e+00
1.3470116759e+00 6.2995823260e+00 3.6073003079e+00
