2.7289616465e-01 -1.1874685441e-01 1.1737923816e-01
8.6026848209e-01 -7.4678124822e-01 5.0634074140e-01
7.6881329046e-01 -6.3189612409e-01 -6.6530304546e-01
-5.3561162232e-01 7.2081155230e-01 -2.2543581470e-01
2.0994914464e-01 4.4409729317e-01 -2.2387902605e-01
-4.9449856187e-01 -7.8862959859e-01 -1.6884068506e-02
-1.3571415887e+00 8.1027517471e-01 3.4448663176e-02
-1.5173044441e+00 -1.4658354989e-01 7.8803931952e-01
1.7399316498e+00 1.1576999457e+00 -9.8551638669e-03
5.2697485398e-02 -7.0024659071e-01 -3.0485084367e-01
-8.1170256248e+05 -8.1170295413e+05 -4.7610308759e+03
-8.0565822981e+05 -8.0565983720e+05 4.8894944472e+01
-8.0541639475e+05 -8.0541779513e+05 4.7599776149e+03
-8.1152579918e+05 8.1173544409e+05 -4.4949611967e+03
-6.5582015694e+03 8.1197630867e+05 3.1385078403e+02
-6.3177601758e+03 8.1173393003e+05 4.4949398381e+03
8.1173336614e+05 -8.1152445329e+05 -4.4947013122e+03
8.1197434759e+05 -6.5585585561e+03 3.1486207912e+02
8.1173645827e+05 -6.3161075232e+03 4.4949474903e+03
8.1173477598e+05 8.1173402304e+05 -6.7677936618e+02
-8.1170256248e+05 -8.1170295413e+05 -4.7610308759e+03
-8.0565822981e+05 -8.0565983720e+05 4.8894944467e+01
-8.0541639476e+05 -8.0541779513e+05 4.7599776149e+03
-8.1152579918e+05 8.1173544409e+05 -4.4949611967e+03
-6.5582015678e+03 8.1197630867e+05 3.1385078405e+02
-6.3177601773e+03 8.1173393003e+05 4.4949398381e+03
8.1173336614e+05 -8.1152445329e+05 -4.4947013122e+03
8.1197434759e+05 -6.5585585545e+03 3.1486207914e+02
8.1173645827e+05 -6.3161075249e+03 4.4949474903e+03
8.1173477598e+05 8.1173402304e+05 -6.7677936618e+02
-8.1170256248e+05 -8.1170295413e+05 -4.7610308759e+03
-8.0565823006e+05 -8.0565983745e+05 4.8895035325e+01
-8.0541639450e+05 -8.0541779488e+05 4.7599775240e+03
-8.1152579918e+05 8.1173544409e+05 -4.4949611967e+03
-6.5582018665e+03 8.1197630895e+05 3.1385072547e+02
-6.3177598787e+03 8.1173392974e+05 4.4949398967e+03
8.1173336614e+05 -8.1152445329e+05 -4.4947013122e+03
8.1197434784e+05 -6.5585587837e+03 3.1486203581e+02
8.1173645801e+05 -6.3161072956e+03 4.4949475336e+03
8.1173477598e+05 8.1173402304e+05 -6.7677936618e+02
-8.1170256248e+05 -8.1170295413e+05 -4.7610308759e+03
-8.0566095480e+05 -8.0566265180e+05 4.2002913177e+01
-8.0541366977e+05 -8.0541498053e+05 4.7668696462e+03
-8.1152579918e+05 8.1173544409e+05 -4.4949611967e+03
7.9325712325e+03 8.0239585091e+05 -1.9984461700e+04
-2.0808532978e+04 8.2131438778e+05 2.4793252323e+04
8.1173336614e+05 -8.1152445329e+05 -4.4947013122e+03
8.0540229228e+05 -3.6132145105e+03 -5.2554697898e+03
8.1830851357e+05 -9.2614515688e+03 1.0065279359e+04
8.1173477598e+05 8.1173402304e+05 -6.7677936618e+02
-8.1170256248e+05 -8.1170295413e+05 -4.7610308759e+03
-8.0566095478e+05 -8.0566265178e+05 4.2002911235e+01
-8.0541366978e+05 -8.0541498054e+05 4.7668696481e+03
-8.1152579918e+05 8.1173544409e+05 -4.4949611967e+03
7.9325712325e+03 8.0239585091e+05 -1.9984461700e+04
-2.0808532978e+04 8.2131438778e+05 2.4793252323e+04
8.1173336614e+05 -8.1152445329e+05 -4.4947013122e+03
8.0540229228e+05 -3.6132145105e+03 -5.2554697898e+03
8.1830851357e+05 -9.2614515688e+03 1.0065279359e+04
8.1173477598e+05 8.1173402304e+05 -6.7677936618e+02
-8.1170256248e+05 -8.1170295413e+05 -4.7610308759e+03
-8.0566095478e+05 -8.0566265178e+05 4.2002911230e+01
-8.0541366978e+05 -8.0541498054e+05 4.7668696481e+03
-8.1152579918e+05 8.1173544409e+05 -4.4949611967e+03
7.9325712325e+03 8.0239585091e+05 -1.9984461700e+04
-2.0808532978e+04 8.2131438778e+05 2.4793252323e+04
8.1173336614e+05 -8.1152445329e+05 -4.4947013122e+03
8.0540229228e+05 -3.6132145105e+03 -5.2554697898e+03
8.1830851357e+05 -9.2614515688e+03 1.0065279359e+04
8.1173477598e+05 8.1173402304e+05 -6.7677936618e+02
-8.1170256248e+05 -8.1170295413e+05 -4.7610308759e+03
-8.0566095478e+05 -8.0566265178e+05 4.2002911230e+01
-8.0541366978e+05 -8.0541498054e+05 4.7668696481e+03
-8.1152579918e+05 8.1173544409e+05 -4.4949611967e+03
7.9325712325e+03 8.0239585091e+05 -1.9984461700e+04
-2.0808532978e+04 8.2131438778e+05 2.4793252323e+04
8.1173336614e+05 -8.1152445329e+05 -4.4947013122e+03
8.0540229228e+05 -3.6132145105e+03 -5.2554697898e+03
8.1830851357e+05 -9.2614515688e+03 1.0065279359e+04
8.1173477598e+05 8.1173402304e+05 -6.7677936618e+02
-8.1170256248e+05 -8.1170295413e+05 -4.7610308759e+03
-8.0566095478e+05 -8.0566265178e+05 4.2002911230e+01
-8.0541366978e+05 -8.0541498054e+05 4.7668696481e+03
-8.1152579918e+05 8.1173544409e+05 -4.4949611967e+03
7.9325712325e+03 8.0239585091e+05 -1.9984461700e+04
-2.0808532978e+04 8.2131438778e+05 2.4793252323e+04
8.1173336614e+05 -8.1152445329e+05 -4.4947013122e+03
8.0540229228e+05 -3.6132145105e+03 -5.2554697898e+03
8.1830851357e+05 -9.2614515688e+03 1.0065279359e+04
8.1173477598e+05 8.1173402304e+05 -6.7677936618e+02
-8.1170256248e+05 -8.1170295413e+05 -4.7610308759e+03
-8.0566095478e+05 -8.0566265178e+05 4.2002911230e+01
-8.0541366978e+05 -8.0541498054e+05 4.7668696481e+03
-8.1152579918e+05 8.1173544409e+05 -4.4949611967e+03
7.9325712325e+03 8.0239585091e+05 -1.9984461700e+04
-2.0808532978e+04 8.2131438778e+05 2.4793252323e+04
8.1173336614e+05 -8.1152445329e+05 -4.4947013122e+03
8.0540229228e+05 -3.6132145105e+03 -5.2554697898e+03
8.1830851357e+05 -9.2614515688e+03 1.0065279359e+04
8.1173477598e+05 8.1173402304e+05 -6.7677936618e+02
-8.1170256248e+05 -8.1170295413e+05 -4.7610308759e+03
-8.0566095478e+05 -8.0566265178e+05 4.2002911230e+01
-8.0541366978e+05 -8.0541498054e+05 4.7668696481e+03
-8.1152579918e+05 8.1173544409e+05 -4.4949611967e+03
7.9325712325e+03 8.0239585091e+05 -1.9984461700e+04
-2.0808532978e+04 8.2131438778e+05 2.4793252323e+04
8.1173336614e+05 -8.1152445329e+05 -4.4947013122e+03
8.0540229228e+05 -3.6132145105e+03 -5.2554697898e+03
8.1830851357e+05 -9.2614515688e+03 1.0065279359e+04
8.1173477598e+05 8.1173402304e+05 -6.7677936618e+02
-8.1170256248e+05 -8.1170295413e+05 -4.7610308759e+03
-8.0566095478e+05 -8.0566265178e+05 4.2002911230e+01
-8.0541366978e+05 -8.0541498054e+05 4.7668696481e+03
-8.1152579918e+05 8.1173544409e+05 -4.4949611967e+03
7.9325712325e+03 8.0239585091e+05 -1.9984461700e+04
-2.0808532978e+04 8.2131438778e+05 2.4793252323e+04
8.1173336614e+05 -8.1152445329e+05 -4.4947013122e+03
8.0540229228e+05 -3.6132145105e+03 -5.2554697898e+03
8.1830851357e+05 -9.2614515688e+03 1.0065279359e+04
8.1173477598e+05 8.1173402304e+05 -6.7677936618e+02
-8.1170256248e+05 -8.1170295413e+05 -4.7610308759e+03
-8.0566095478e+05 -8.0566265178e+05 4.2002911230e+01
-8.0541366978e+05 -8.0541498054e+05 4.7668696481e+03
-8.1152579918e+05 8.1173544409e+05 -4.4949611967e+03
7.9325712325e+03 8.0239585091e+05 -1.9984461700e+04
-2.0808532978e+04 8.2131438778e+05 2.4793252323e+04
8.1173336614e+05 -8.1152445329e+05 -4.4947013122e+03
8.0540229228e+05 -3.6132145105e+03 -5.2554697898e+03
8.1830851357e+05 -9.2614515688e+03 1.0065279359e+04
8.1173477598e+05 8.1173402304e+05 -6.7677936618e+02
-8.1170256248e+05 -8.1170295413e+05 -4.7610308759e+03
-8.0566095478e+05 -8.0566265178e+05 4.2002911230e+01
-8.0541366978e+05 -8.0541498054e+05 4.7668696481e+03
-8.1152579918e+05 8.1173544409e+05 -4.4949611967e+03
7.9325712325e+03 8.0239585091e+05 -1.9984461700e+04
-2.0808532978e+04 8.2131438778e+05 2.4793252323e+04
8.1173336614e+05 -8.1152445329e+05 -4.4947013122e+03
8.0540229228e+05 -3.6132145105e+03 -5.2554697898e+03
8.1830851357e+05 -9.2614515688e+03 1.0065279359e+04
8.1173477598e+05 8.1173402304e+05 -6.7677936618e+02
-8.1170256248e+05 -8.1170295413e+05 -4.7610308759e+03
-8.0566095478e+05 -8.0566265178e+05 4.2002911230e+01
-8.0541366978e+05 -8.0541498054e+05 4.7668696481e+03
-8.1152579918e+05 8.1173544409e+05 -4.4949611967e+03
7.9325712325e+03 8.0239585091e+05 -1.9984461700e+04
-2.0808532978e+04 8.2131438778e+05 2.4793252323e+04
8.1173336614e+05 -8.1152445329e+05 -4.4947013122e+03
8.0540229228e+05 -3.6132145105e+03 -5.2554697898e+03
8.1830851357e+05 -9.2614515688e+03 1.0065279359e+04
8.1173477598e+05 8.1173402304e+05 -6.7677936618e+02
-8.1170256248e+05 -8.1170295413e+05 -4.7610308759e+03
-8.0566095478e+05 -8.0566265178e+05 4.2002911230e+01
-8.0541366978e+05 -8.0541498054e+05 4.7668696481e+03
-8.1152579918e+05 8.1173544409e+05 -4.4949611967e+03
7.9325712325e+03 8.0239585091e+05 -1.9984461700e+04
-2.0808532978e+04 8.2131438778e+05 2.4793252323e+04
8.1173336614e+05 -8.1152445329e+05 -4.4947013122e+03
8.0540229228e+05 -3.6132145105e+03 -5.2554697898e+03
8.1830851357e+05 -9.2614515688e+03 1.0065279359e+04
8.1173477598e+05 8.1173402304e+05 -6.7677936618e+02
-8.1170256248e+05 -8.1170295413e+05 -4.7610308759e+03
-8.0566095478e+05 -8.0566265178e+05 4.2002911230e+01
-8.0541366978e+05 -8.0541498054e+05 4.7668696481e+03
-8.1152579918e+05 8.1173544409e+05 -4.4949611967e+03
7.9325712325e+03 8.0239585091e+05 -1.9984461700e+04
-2.0808532978e+04 8.2131438778e+05 2.4793252323e+04
8.1173336614e+05 -8.1152445329e+05 -4.4947013122e+03
8.0540229228e+05 -3.6132145105e+03 -5.2554697898e+03
8.1830851357e+05 -9.2614515688e+03 1.0065279359e+04
8.1173477598e+05 8.1173402304e+05 -6.7677936618e+02
-8.1170256248e+05 -8.1170295413e+05 -4.7610308759e+03
-8.0566095478e+05 -8.0566265178e+05 4.2002911230e+01
-8.0541366978e+05 -8.0541498054e+05 4.7668696481e+03
-8.1152579918e+05 8.1173544409e+05 -4.4949611967e+03
7.9325712325e+03 8.0239585091e+05 -1.9984461700e+04
-2.0808532978e+04 8.2131438778e+05 2.4793252323e+04
8.1173336614e+05 -8.1152445329e+05 -4.4947013122e+03
8.0540229228e+05 -3.6132145105e+03 -5.2554697898e+03
8.1830851357e+05 -9.2614515688e+03 1.0065279359e+04
8.1173477598e+05 8.1173402304e+05 -6.7677936618e+02
-8.1170256248e+05 -8.1170295413e+05 -4.7610308759e+03
-8.0566095478e+05 -8.0566265178e+05 4.2002911230e+01
-8.0541366978e+05 -8.0541498054e+05 4.7668696481e+03
-8.1152579918e+05 8.1173544409e+05 -4.4949611967e+03
7.9325712325e+03 8.0239585091e+05 -1.9984461700e+04
-2.0808532978e+04 8.2131438778e+05 2.4793252323e+04
8.1173336614e+05 -8.1152445329e+05 -4.4947013122e+03
8.0540229228e+05 -3.6132145105e+03 -5.2554697898e+03
8.1830851357e+05 -9.2614515688e+03 1.0065279359e+04
8.1173477598e+05 8.1173402304e+05 -6.7677936618e+02
-8.1170256248e+05 -8.1170295413e+05 -4.7610308759e+03
-8.0566095478e+05 -8.0566265178e+05 4.2002911230e+01
-8.0541366978e+05 -8.0541498054e+05 4.7668696481e+03
-8.1152579918e+05 8.1173544409e+05 -4.4949611967e+03
7.9325712325e+03 8.0239585091e+05 -1.9984461700e+04
-2.0808532978e+04 8.2131438778e+05 2.4793252323e+04
8.1173336614e+05 -8.1152445329e+05 -4.4947013122e+03
8.0540229228e+05 -3.6132145105e+03 -5.2554697898e+03
8.1830851357e+05 -9.2614515688e+03 1.0065279359e+04
8.1173477598e+05 8.1173402304e+05 -6.7677936618e+02
-8.1170256248e+05 -8.1170295413e+05 -4.7610308759e+03
-8.0566095478e+05 -8.0566265178e+05 4.2002911230e+01
-8.0541366978e+05 -8.0541498054e+05 4.7668696481e+03
-8.1152579918e+05 8.1173544409e+05 -4.4949611967e+03
7.9325712325e+03 8.0239585091e+05 -1.9984461700e+04
-2.0808532978e+04 8.2131438778e+05 2.4793252323e+04
8.1173336614e+05 -8.1152445329e+05 -4.4947013122e+03
8.0540229228e+05 -3.6132145105e+03 -5.2554697898e+03
8.1830851357e+05 -9.2614515688e+03 1.0065279359e+04
8.1173477598e+05 8.1173402304e+05 -6.7677936618e+02
-8.1170256248e+05 -8.1170295413e+05 -4.7610308759e+03
-8.0566095478e+05 -8.0566265178e+05 4.2002911230e+01
-8.0541366978e+05 -8.0541498054e+05 4.7668696481e+03
-8.1152579918e+05 8.1173544409e+05 -4.4949611967e+03
7.9325712325e+03 8.0239585091e+05 -1.9984461700e+04
-2.0808532978e+04 8.2131438778e+05 2.4793252323e+04
8.1173336614e+05 -8.1152445329e+05 -4.4947013122e+03
8.0540229228e+05 -3.6132145105e+03 -5.2554697898e+03
8.1830851357e+05 -9.2614515688e+03 1.0065279359e+04
8.1173477598e+05 8.1173402304e+05 -6.7677936618e+02
-8.1170256248e+05 -8.1170295413e+05 -4.7610308759e+03
-8.0566095478e+05 -8.0566265178e+05 4.2002911230e+01
-8.0541366978e+05 -8.0541498054e+05 4.7668696481e+03
-8.1152579918e+05 8.1173544409e+05 -4.4949611967e+03
7.9325712325e+03 8.0239585091e+05 -1.9984461700e+04
-2.0808532978e+04 8.2131438778e+05 2.4793252323e+04
8.1173336614e+05 -8.1152445329e+05 -4.4947013122e+03
8.0540229228e+05 -3.6132145105e+03 -5.2554697898e+03
8.1830851357e+05 -9.2614515688e+03 1.0065279359e+04
8.1173477598e+05 8.1173402304e+05 -6.7677936618e+02
-8.1170256248e+05 -8.1170295413e+05 -4.7610308759e+03
-8.0566095478e+05 -8.0566265178e+05 4.2002911230e+01
-8.0541366978e+05 -8.0541498054e+05 4.7668696481e+03
-8.1152579918e+05 8.1173544409e+05 -4.4949611967e+03
7.9325712325e+03 8.0239585091e+05 -1.9984461700e+04
-2.0808532978e+04 8.2131438778e+05 2.4793252323e+04
8.1173336614e+05 -8.1152445329e+05 -4.4947013122e+03
8.0540229228e+05 -3.6132145105e+03 -5.2554697898e+03
8.1830851357e+05 -9.2614515688e+03 1.0065279359e+04
8.1173477598e+05 8.1173402304e+05 -6.7677936618e+02
-8.1170256248e+05 -8.1170295413e+05 -4.7610308759e+03
-8.0566095478e+05 -8.0566265178e+05 4.2002911230e+01
-8.0541366978e+05 -8.0541498054e+05 4.7668696481e+03
-8.1152579918e+05 8.1173544409e+05 -4.4949611967e+03
7.9325712325e+03 8.0239585091e+05 -1.9984461700e+04
-2.0808532978e+04 8.2131438778e+05 2.4793252323e+04
8.1173336614e+05 -8.1152445329e+05 -4.4947013122e+03
8.0540229228e+05 -3.6132145105e+03 -5.2554697898e+03
8.1830851357e+05 -9.2614515688e+03 1.0065279359e+04
8.1173477598e+05 8.1173402304e+05 -6.7677936618e+02
-8.1170256248e+05 -8.1170295413e+05 -4.7610308759e+03
-8.0566095478e+05 -8.0566265178e+05 4.2002911230e+01
-8.0541366978e+05 -8.0541498054e+05 4.7668696481e+03
-8.1152579918e+05 8.1173544409e+05 -4.4949611967e+03
7.9325712325e+03 8.0239585091e+05 -1.9984461700e+04
-2.0808532978e+04 8.2131438778e+05 2.4793252323e+04
8.1173336614e+05 -8.1152445329e+05 -4.4947013122e+03
8.0540229228e+05 -3.6132145105e+03 -5.2554697898e+03
8.1830851357e+05 -9.2614515688e+03 1.0065279359e+04
8.1173477598e+05 8.1173402304e+05 -6.7677936618e+02
-8.1170256248e+05 -8.1170295413e+05 -4.7610308759e+03
-8.0566095478e+05 -8.0566265178e+05 4.2002911230e+01
-8.0541366978e+05 -8.0541498054e+05 4.7668696481e+03
-8.1152579918e+05 8.1173544409e+05 -4.4949611967e+03
7.9325712325e+03 8.0239585091e+05 -1.9984461700e+04
-2.0808532978e+04 8.2131438778e+05 2.4793252323e+04
8.1173336614e+05 -8.1152445329e+05 -4.4947013122e+03
8.0540229228e+05 -3.6132145105e+03 -5.2554697898e+03
8.1830851357e+05 -9.2614515688e+03 1.0065279359e+04
8.1173477598e+05 8.1173402304e+05 -6.7677936618e+02
-8.1170256248e+05 -8.1170295413e+05 -4.7610308759e+03
-8.0566095478e+05 -8.0566265178e+05 4.2002911230e+01
-8.0541366978e+05 -8.0541498054e+05 4.7668696481e+03
-8.1152579918e+05 8.1173544409e+05 -4.4949611967e+03
7.9325712325e+03 8.0239585091e+05 -1.9984461700e+04
-2.0808532978e+04 8.2131438778e+05 2.4793252323e+04
8.1173336614e+05 -8.1152445329e+05 -4.4947013122e+03
8.0540229228e+05 -3.6132145105e+03 -5.2554697898e+03
8.1830851357e+05 -9.2614515688e+03 1.0065279359e+04
8.1173477598e+05 8.1173402304e+05 -6.7677936618e+02
-8.1170256248e+05 -8.1170295413e+05 -4.7610308759e+03
-8.0566095478e+05 -8.0566265178e+05 4.2002911230e+01
-8.0541366978e+05 -8.0541498054e+05 4.7668696481e+03
-8.1152579918e+05 8.1173544409e+05 -4.4949611967e+03
7.9325712325e+03 8.0239585091e+05 -1.9984461700e+04
-2.0808532978e+04 8.2131438778e+05 2.4793252323e+04
8.1173336614e+05 -8.1152445329e+05 -4.4947013122e+03
8.0540229228e+05 -3.6132145105e+03 -5.2554697898e+03
8.1830851357e+05 -9.2614515688e+03 1.0065279359e+04
8.1173477598e+05 8.1173402304e+05 -6.7677936618e+02
-8.1170256248e+05 -8.1170295413e+05 -4.7610308759e+03
-8.0566095478e+05 -8.0566265178e+05 4.2002911230e+01
-8.0541366978e+05 -8.0541498054e+05 4.7668696481e+03
-8.1152579918e+05 8.1173544409e+05 -4.4949611967e+03
7.9325712325e+03 8.0239585091e+05 -1.9984461700e+04
-2.0808532978e+04 8.2131438778e+05 2.4793252323e+04
8.1173336614e+05 -8.1152445329e+05 -4.4947013122e+03
8.0540229228e+05 -3.6132145105e+03 -5.2554697898e+03
8.1830851357e+05 -9.2614515688e+03 1.0065279359e+04
8.1173477598e+05 8.1173402304e+05 -6.7677936618e+02
-8.1170256248e+05 -8.1170295413e+05 -4.7610308759e+03
-8.0566095478e+05 -8.0566265178e+05 4.2002911230e+01
-8.0541366978e+05 -8.0541498054e+05 4.7668696481e+03
-8.1152579918e+05 8.1173544409e+05 -4.4949611967e+03
7.9325712325e+03 8.0239585091e+05 -1.9984461700e+04
-2.0808532978e+04 8.2131438778e+05 2.4793252323e+04
8.1173336614e+05 -8.1152445329e+05 -4.4947013122e+03
8.0540229228e+05 -3.6132145105e+03 -5.2554697898e+03
8.1830851357e+05 -9.2614515688e+03 1.0065279359e+04
8.1173477598e+05 8.1173402304e+05 -6.7677936618e+02
-8.1170256248e+05 -8.1170295413e+05 -4.7610308759e+03
-8.0566095478e+05 -8.0566265178e+05 4.2002911230e+01
-8.0541366978e+05 -8.0541498054e+05 4.7668696481e+03
-8.1152579918e+05 8.1173544409e+05 -4.4949611967e+03
7.9325712325e+03 8.0239585091e+05 -1.9984461700e+04
-2.0808532978e+04 8.2131438778e+05 2.4793252323e+04
8.1173336614e+05 -8.1152445329e+05 -4.4947013122e+03
8.0540229228e+05 -3.6132145105e+03 -5.2554697898e+03
8.1830851357e+05 -9.2614515688e+03 1.0065279359e+04
8.1173477598e+05 8.1173402304e+05 -6.7677936618e+02
-8.1170256248e+05 -8.1170295413e+05 -4.7610308759e+03
-8.0566095478e+05 -8.0566265178e+05 4.2002911230e+01
-8.0541366978e+05 -8.0541498054e+05 4.7668696481e+03
-8.1152579918e+05 8.1173544409e+05 -4.4949611967e+03
7.9325712325e+03 8.0239585091e+05 -1.9984461700e+04
-2.0808532978e+04 8.2131438778e+05 2.4793252323e+04
8.1173336614e+05 -8.1152445329e+05 -4.4947013122e+03
8.0540229228e+05 -3.6132145105e+03 -5.2554697898e+03
8.1830851357e+05 -9.2614515688e+03 1.0065279359e+04
8.1173477598e+05 8.1173402304e+05 -6.7677936618e+02
-8.1170256248e+05 -8.1170295413e+05 -4.7610308759e+03
-8.0566095478e+05 -8.0566265178e+05 4.2002911230e+01
-8.0541366978e+05 -8.0541498054e+05 4.7668696481e+03
-8.1152579918e+05 8.1173544409e+05 -4.4949611967e+03
7.9325712325e+03 8.0239585091e+05 -1.9984461700e+04
-2.0808532978e+04 8.2131438778e+05 2.4793252323e+04
8.1173336614e+05 -8.1152445329e+05 -4.4947013122e+03
8.0540229228e+05 -3.6132145105e+03 -5.2554697898e+03
8.1830851357e+05 -9.2614515688e+03 1.0065279359e+04
8.1173477598e+05 8.1173402304e+05 -6.7677936618e+02
-8.1170256248e+05 -8.1170295413e+05 -4.7610308759e+03
-8.0566095478e+05 -8.0566265178e+05 4.2002911230e+01
-8.0541366978e+05 -8.0541498054e+05 4.7668696481e+03
-8.1152579918e+05 8.1173544409e+05 -4.4949611967e+03
7.9325712325e+03 8.0239585091e+05 -1.9984461700e+04
-2.0808532978e+04 8.2131438778e+05 2.4793252323e+04
8.1173336614e+05 -8.1152445329e+05 -4.4947013122e+03
8.0540229228e+05 -3.6132145105e+03 -5.2554697898e+03
8.1830851357e+05 -9.2614515688e+03 1.0065279359e+04
8.1173477598e+05 8.1173402304e+05 -6.7677936618e+02
-8.1170256248e+05 -8.1170295413e+05 -4.7610308759e+03
-8.0566095478e+05 -8.0566265178e+05 4.2002911230e+01
-8.0541366978e+05 -8.0541498054e+05 4.7668696481e+03
-8.1152579918e+05 8.1173544409e+05 -4.4949611967e+03
7.9325712325e+03 8.0239585091e+05 -1.9984461700e+04
-2.0808532978e+04 8.2131438778e+05 2.4793252323e+04
8.1173336614e+05 -8.1152445329e+05 -4.4947013122e+03
8.0540229228e+05 -3.6132145105e+03 -5.2554697898e+03
8.1830851357e+05 -9.2614515688e+03 1.0065279359e+04
8.1173477598e+05 8.1173402304e+05 -6.7677936618e+02
-8.1170256248e+05 -8.1170295413e+05 -4.7610308759e+03
-8.0566095478e+05 -8.0566265178e+05 4.2002911230e+01
-8.0541366978e+05 -8.0541498054e+05 4.7668696481e+03
-8.1152579918e+05 8.1173544409e+05 -4.4949611967e+03
7.9325712325e+03 8.0239585091e+05 -1.9984461700e+04
-2.0808532978e+04 8.2131438778e+05 2.4793252323e+04
8.1173336614e+05 -8.1152445329e+05 -4.4947013122e+03
8.0540229228e+05 -3.6132145105e+03 -5.2554697898e+03
8.1830851357e+05 -9.2614515688e+03 1.0065279359e+04
8.1173477598e+05 8.1173402304e+05 -6.7677936618e+02
-8.1170256248e+05 -8.1170295413e+05 -4.7610308759e+03
-8.0566095478e+05 -8.0566265178e+05 4.2002911230e+01
-8.0541366978e+05 -8.0541498054e+05 4.7668696481e+03
-8.1152579918e+05 8.1173544409e+05 -4.4949611967e+03
7.9325712325e+03 8.0239585091e+05 -1.9984461700e+04
-2.0808532978e+04 8.2131438778e+05 2.4793252323e+04
8.1173336614e+05 -8.1152445329e+05 -4.4947013122e+03
8.0540229228e+05 -3.6132145105e+03 -5.2554697898e+03
8.1830851357e+05 -9.2614515688e+03 1.0065279359e+04
8.1173477598e+05 8.1173402304e+05 -6.7677936618e+02
-8.1170256248e+05 -8.1170295413e+05 -4.7610308759e+03
-8.0566095478e+05 -8.0566265178e+05 4.2002911230e+01
-8.0541366978e+05 -8.0541498054e+05 4.7668696481e+03
-8.1152579918e+05 8.1173544409e+05 -4.4949611967e+03
7.9325712325e+03 8.0239585091e+05 -1.9984461700e+04
-2.0808532978e+04 8.2131438778e+05 2.4793252323e+04
8.1173336614e+05 -8.1152445329e+05 -4.4947013122e+03
8.0540229228e+05 -3.6132145105e+03 -5.2554697898e+03
8.1830851357e+05 -9.2614515688e+03 1.0065279359e+04
8.1173477598e+05 8.1173402304e+05 -6.7677936618e+02
-8.1170256248e+05 -8.1170295413e+05 -4.7610308759e+03
-8.0566095478e+05 -8.0566265178e+05 4.2002911230e+01
-8.0541366978e+05 -8.0541498054e+05 4.7668696481e+03
-8.1152579918e+05 8.1173544409e+05 -4.4949611967e+03
7.9325712325e+03 8.0239585091e+05 -1.9984461700e+04
-2.0808532978e+04 8.2131438778e+05 2.4793252323e+04
8.1173336614e+05 -8.1152445329e+05 -4.4947013122e+03
8.0540229228e+05 -3.6132145105e+03 -5.2554697898e+03
8.1830851357e+05 -9.2614515688e+03 1.0065279359e+04
8.1173477598e+05 8.1173402304e+05 -6.7677936618e+02
-8.1170256248e+05 -8.1170295413e+05 -4.7610308759e+03
-8.0566095478e+05 -8.0566265178e+05 4.2002911230e+01
-8.0541366978e+05 -8.0541498054e+05 4.7668696481e+03
-8.1152579918e+05 8.1173544409e+05 -4.4949611967e+03
7.9325712325e+03 8.0239585091e+05 -1.9984461700e+04
-2.0808532978e+04 8.2131438778e+05 2.4793252323e+04
8.1173336614e+05 -8.1152445329e+05 -4.4947013122e+03
8.0540229228e+05 -3.6132145105e+03 -5.2554697898e+03
8.1830851357e+05 -9.2614515688e+03 1.0065279359e+04
8.1173477598e+05 8.1173402304e+05 -6.7677936618e+02
-8.1170256248e+05 -8.1170295413e+05 -4.7610308759e+03
-8.0566095478e+05 -8.0566265178e+05 4.2002911230e+01
-8.0541366978e+05 -8.0541498054e+05 4.7668696481e+03
-8.1152579918e+05 8.1173544409e+05 -4.4949611967e+03
7.9325712325e+03 8.0239585091e+05 -1.9984461700e+04
-2.0808532978e+04 8.2131438778e+05 2.4793252323e+04
8.1173336614e+05 -8.1152445329e+05 -4.4947013122e+03
8.0540229228e+05 -3.6132145105e+03 -5.2554697898e+03
8.1830851357e+05 -9.2614515688e+03 1.0065279359e+04
8.1173477598e+05 8.1173402304e+05 -6.7677936618e+02
-8.1170256248e+05 -8.1170295413e+05 -4.7610308759e+03
-8.0566095478e+05 -8.0566265178e+05 4.2002911230e+01
-8.0541366978e+05 -8.0541498054e+05 4.7668696481e+03
-8.1152579918e+05 8.1173544409e+05 -4.4949611967e+03
7.9325712325e+03 8.0239585091e+05 -1.9984461700e+04
-2.0808532978e+04 8.2131438778e+05 2.4793252323e+04
8.1173336614e+05 -8.1152445329e+05 -4.4947013122e+03
8.0540229228e+05 -3.6132145105e+03 -5.2554697898e+03
8.1830851357e+05 -9.2614515688e+03 1.0065279359e+04
8.1173477598e+05 8.1173402304e+05 -6.7677936618e+02
-8.1170256248e+05 -8.1170295413e+05 -4.7610308759e+03
-8.0566095478e+05 -8.0566265178e+05 4.2002911230e+01
-8.0541366978e+05 -8.0541498054e+05 4.7668696481e+03
-8.1152579918e+05 8.1173544409e+05 -4.4949611967e+03
7.9325712325e+03 8.0239585091e+05 -1.9984461700e+04
-2.0808532978e+04 8.2131438778e+05 2.4793252323e+04
8.1173336614e+05 -8.1152445329e+05 -4.4947013122e+03
8.0540229228e+05 -3.6132145105e+03 -5.2554697898e+03
8.1830851357e+05 -9.2614515688e+03 1.0065279359e+04
8.1173477598e+05 8.1173402304e+05 -6.7677936618e+02
-8.1170256248e+05 -8.1170295413e+05 -4.7610308759e+03
-8.0566095478e+05 -8.0566265178e+05 4.2002911230e+01
-8.0541366978e+05 -8.0541498054e+05 4.7668696481e+03
-8.1152579918e+05 8.1173544409e+05 -4.4949611967e+03
7.9325712325e+03 8.0239585091e+05 -1.9984461700e+04
-2.0808532978e+04 8.2131438778e+05 2.4793252323e+04
8.1173336614e+05 -8.1152445329e+05 -4.4947013122e+03
8.0540229228e+05 -3.6132145105e+03 -5.2554697898e+03
8.1830851357e+05 -9.2614515688e+03 1.0065279359e+04
8.1173477598e+05 8.1173402304e+05 -6.7677936618e+02
-8.1170256248e+05 -8.1170295413e+05 -4.7610308759e+03
-8.0566095478e+05 -8.0566265178e+05 4.2002911230e+01
-8.0541366978e+05 -8.0541498054e+05 4.7668696481e+03
-8.1152579918e+05 8.1173544409e+05 -4.4949611967e+03
7.9325712325e+03 8.0239585091e+05 -1.9984461700e+04
-2.0808532978e+04 8.2131438778e+05 2.4793252323e+04
8.1173336614e+05 -8.1152445329e+05 -4.4947013122e+03
8.0540229228e+05 -3.6132145105e+03 -5.2554697898e+03
8.1830851357e+05 -9.2614515688e+03 1.0065279359e+04
8.1173477598e+05 8.1173402304e+05 -6.7677936618e+02
-8.1170256248e+05 -8.1170295413e+05 -4.7610308759e+03
-8.0566095478e+05 -8.0566265178e+05 4.2002911230e+01
-8.0541366978e+05 -8.0541498054e+05 4.7668696481e+03
-8.1152579918e+05 8.1173544409e+05 -4.4949611967e+03
7.9325712325e+03 8.0239585091e+05 -1.9984461700e+04
-2.0808532978e+04 8.2131438778e+05 2.4793252323e+04
8.1173336614e+05 -8.1152445329e+05 -4.4947013122e+03
8.0540229228e+05 -3.6132145105e+03 -5.2554697898e+03
8.1830851357e+05 -9.2614515688e+03 1.0065279359e+04
8.1173477598e+05 8.1173402304e+05 -6.7677936618e+02
-8.1170256248e+05 -8.1170295413e+05 -4.7610308759e+03
-8.0566095478e+05 -8.0566265178e+05 4.2002911230e+01
-8.0541366978e+05 -8.0541498054e+05 4.7668696481e+03
-8.1152579918e+05 8.1173544409e+05 -4.4949611967e+03
7.9325712325e+03 8.0239585091e+05 -1.9984461700e+04
-2.0808532978e+04 8.2131438778e+05 2.4793252323e+04
8.1173336614e+05 -8.1152445329e+05 -4.4947013122e+03
8.0540229228e+05 -3.6132145105e+03 -5.2554697898e+03
8.1830851357e+05 -9.2614515688e+03 1.0065279359e+04
8.1173477598e+05 8.1173402304e+05 -6.7677936618e+02
-8.1170256248e+05 -8.1170295413e+05 -4.7610308759e+03
-8.0566095478e+05 -8.0566265178e+05 4.2002911230e+01
-8.0541366978e+05 -8.0541498054e+05 4.7668696481e+03
-8.1152579918e+05 8.1173544409e+05 -4.4949611967e+03
7.9325712325e+03 8.0239585091e+05 -1.9984461700e+04
-2.0808532978e+04 8.2131438778e+05 2.4793252323e+04
8.1173336614e+05 -8.1152445329e+05 -4.4947013122e+03
8.0540229228e+05 -3.6132145105e+03 -5.2554697898e+03
8.1830851357e+05 -9.2614515688e+03 1.0065279359e+04
8.1173477598e+05 8.1173402304e+05 -6.7677936618e+02
-8.1170256248e+05 -8.1170295413e+05 -4.7610308759e+03
-8.0566095478e+05 -8.0566265178e+05 4.2002911230e+01
-8.0541366978e+05 -8.0541498054e+05 4.7668696481e+03
-8.1152579918e+05 8.1173544409e+05 -4.4949611967e+03
7.9325712325e+03 8.0239585091e+05 -1.9984461700e+04
-2.0808532978e+04 8.2131438778e+05 2.4793252323e+04
8.1173336614e+05 -8.1152445329e+05 -4.4947013122e+03
8.0540229228e+05 -3.6132145105e+03 -5.2554697898e+03
8.1830851357e+05 -9.2614515688e+03 1.0065279359e+04
8.1173477598e+05 8.1173402304e+05 -6.7677936618e+02
-8.1170256248e+05 -8.1170295413e+05 -4.7610308759e+03
-8.0566095478e+05 -8.0566265178e+05 4.2002911230e+01
-8.0541366978e+05 -8.0541498054e+05 4.7668696481e+03
-8.1152579918e+05 8.1173544409e+05 -4.4949611967e+03
7.9325712325e+03 8.0239585091e+05 -1.9984461700e+04
-2.0808532978e+04 8.2131438778e+05 2.4793252323e+04
8.1173336614e+05 -8.1152445329e+05 -4.4947013122e+03
8.0540229228e+05 -3.6132145105e+03 -5.2554697898e+03
8.1830851357e+05 -9.2614515688e+03 1.0065279359e+04
8.1173477598e+05 8.1173402304e+05 -6.7677936618e+02
-8.1170256248e+05 -8.1170295413e+05 -4.7610308759e+03
-8.0566095478e+05 -8.0566265178e+05 4.2002911230e+01
-8.0541366978e+05 -8.0541498054e+05 4.7668696481e+03
-8.1152579918e+05 8.1173544409e+05 -4.4949611967e+03
7.9325712325e+03 8.0239585091e+05 -1.9984461700e+04
-2.0808532978e+04 8.2131438778e+05 2.4793252323e+04
8.1173336614e+05 -8.1152445329e+05 -4.4947013122e+03
8.0540229228e+05 -3.6132145105e+03 -5.2554697898e+03
8.1830851357e+05 -9.2614515688e+03 1.0065279359e+04
8.1173477598e+05 8.1173402304e+05 -6.7677936618e+02
-8.1170256248e+05 -8.1170295413e+05 -4.7610308759e+03
-8.0566095478e+05 -8.0566265178e+05 4.2002911230e+01
-8.0541366978e+05 -8.0541498054e+05 4.7668696481e+03
-8.1152579918e+05 8.1173544409e+05 -4.4949611967e+03
7.9325712325e+03 8.0239585091e+05 -1.9984461700e+04
-2.0808532978e+04 8.2131438778e+05 2.4793252323e+04
8.1173336614e+05 -8.1152445329e+05 -4.4947013122e+03
8.0540229228e+05 -3.6132145105e+03 -5.2554697898e+03
8.1830851357e+05 -9.2614515688e+03 1.0065279359e+04
8.1173477598e+05 8.1173402304e+05 -6.7677936618e+02
-8.1170256248e+05 -8.1170295413e+05 -4.7610308759e+03
-8.0566095478e+05 -8.0566265178e+05 4.2002911230e+01
-8.0541366978e+05 -8.0541498054e+05 4.7668696481e+03
-8.1152579918e+05 8.1173544409e+05 -4.4949611967e+03
7.9325712325e+03 8.0239585091e+05 -1.9984461700e+04
-2.0808532978e+04 8.2131438778e+05 2.4793252323e+04
8.1173336614e+05 -8.1152445329e+05 -4.4947013122e+03
8.0540229228e+05 -3.6132145105e+03 -5.2554697898e+03
8.1830851357e+05 -9.2614515688e+03 1.0065279359e+04
8.1173477598e+05 8.1173402304e+05 -6.7677936618e+02
-8.1170256248e+05 -8.1170295413e+05 -4.7610308759e+03
-8.0566095478e+05 -8.0566265178e+05 4.2002911230e+01
-8.0541366978e+05 -8.0541498054e+05 4.7668696481e+03
-8.1152579918e+05 8.1173544409e+05 -4.4949611967e+03
7.9325712325e+03 8.0239585091e+05 -1.9984461700e+04
-2.0808532978e+04 8.2131438778e+05 2.4793252323e+04
8.1173336614e+05 -8.1152445329e+05 -4.4947013122e+03
8.0540229228e+05 -3.6132145105e+03 -5.2554697898e+03
8.1830851357e+05 -9.2614515688e+03 1.0065279359e+04
8.1173477598e+05 8.1173402304e+05 -6.7677936618e+02
-8.1170256248e+05 -8.1170295413e+05 -4.7610308759e+03
-8.0566095478e+05 -8.0566265178e+05 4.2002911230e+01
-8.0541366978e+05 -8.0541498054e+05 4.7668696481e+03
-8.1152579918e+05 8.1173544409e+05 -4.4949611967e+03
7.9325712325e+03 8.0239585091e+05 -1.9984461700e+04
-2.0808532978e+04 8.2131438778e+05 2.4793252323e+04
8.1173336614e+05 -8.1152445329e+05 -4.4947013122e+03
8.0540229228e+05 -3.6132145105e+03 -5.2554697898e+03
8.1830851357e+05 -9.2614515688e+03 1.0065279359e+04
8.1173477598e+05 8.1173402304e+05 -6.7677936618e+02
-8.1170256248e+05 -8.1170295413e+05 -4.7610308759e+03
-8.0566095478e+05 -8.0566265178e+05 4.2002911230e+01
-8.0541366978e+05 -8.0541498054e+05 4.7668696481e+03
-8.1152579918e+05 8.1173544409e+05 -4.4949611967e+03
7.9325712325e+03 8.0239585091e+05 -1.9984461700e+04
-2.0808532978e+04 8.2131438778e+05 2.4793252323e+04
8.1173336614e+05 -8.1152445329e+05 -4.4947013122e+03
8.0540229228e+05 -3.6132145105e+03 -5.2554697898e+03
8.1830851357e+05 -9.2614515688e+03 1.0065279359e+04
8.1173477598e+05 8.1173402304e+05 -6.7677936618e+02
-8.1170256248e+05 -8.1170295413e+05 -4.7610308759e+03
-8.0566095478e+05 -8.0566265178e+05 4.2002911230e+01
-8.0541366978e+05 -8.0541498054e+05 4.7668696481e+03
-8.1152579918e+05 8.1173544409e+05 -4.4949611967e+03
7.9325712325e+03 8.0239585091e+05 -1.9984461700e+04
-2.0808532978e+04 8.2131438778e+05 2.4793252323e+04
8.1173336614e+05 -8.1152445329e+05 -4.4947013122e+03
8.0540229228e+05 -3.6132145105e+03 -5.2554697898e+03
8.1830851357e+05 -9.2614515688e+03 1.0065279359e+04
8.1173477598e+05 8.1173402304e+05 -6.7677936618e+02
-8.1170256248e+05 -8.1170295413e+05 -4.7610308759e+03
-8.0566095478e+05 -8.0566265178e+05 4.2002911230e+01
-8.0541366978e+05 -8.0541498054e+05 4.7668696481e+03
-8.1152579918e+05 8.1173544409e+05 -4.4949611967e+03
7.9325712325e+03 8.0239585091e+05 -1.9984461700e+04
-2.0808532978e+04 8.2131438778e+05 2.4793252323e+04
8.1173336614e+05 -8.1152445329e+05 -4.4947013122e+03
8.0540229228e+05 -3.6132145105e+03 -5.2554697898e+03
8.1830851357e+05 -9.2614515688e+03 1.0065279359e+04
8.1173477598e+05 8.1173402304e+05 -6.7677936618e+02
-8.1170256248e+05 -8.1170295413e+05 -4.7610308759e+03
-8.0566095478e+05 -8.0566265178e+05 4.2002911230e+01
-8.0541366978e+05 -8.0541498054e+05 4.7668696481e+03
-8.1152579918e+05 8.1173544409e+05 -4.4949611967e+03
7.9325712325e+03 8.0239585091e+05 -1.9984461700e+04
-2.0808532978e+04 8.2131438778e+05 2.4793252323e+04
8.1173336614e+05 -8.1152445329e+05 -4.4947013122e+03
8.0540229228e+05 -3.6132145105e+03 -5.2554697898e+03
8.1830851357e+05 -9.2614515688e+03 1.0065279359e+04
8.1173477598e+05 8.1173402304e+05 -6.7677936618e+02
-8.1170256248e+05 -8.1170295413e+05 -4.7610308759e+03
-8.0566095478e+05 -8.0566265178e+05 4.2002911230e+01
-8.0541366978e+05 -8.0541498054e+05 4.7668696481e+03
-8.1152579918e+05 8.1173544409e+05 -4.4949611967e+03
7.9325712325e+03 8.0239585091e+05 -1.9984461700e+04
-2.0808532978e+04 8.2131438778e+05 2.4793252323e+04
8.1173336614e+05 -8.1152445329e+05 -4.4947013122e+03
8.0540229228e+05 -3.6132145105e+03 -5.2554697898e+03
8.1830851357e+05 -9.2614515688e+03 1.0065279359e+04
8.1173477598e+05 8.1173402304e+05 -6.7677936618e+02
-8.1170256248e+05 -8.1170295413e+05 -4.7610308759e+03
-8.0566095478e+05 -8.0566265178e+05 4.2002911230e+01
-8.0541366978e+05 -8.0541498054e+05 4.7668696481e+03
-8.1152579918e+05 8.1173544409e+05 -4.4949611967e+03
7.9325712325e+03 8.0239585091e+05 -1.9984461700e+04
-2.0808532978e+04 8.2131438778e+05 2.4793252323e+04
8.1173336614e+05 -8.1152445329e+05 -4.4947013122e+03
8.0540229228e+05 -3.6132145105e+03 -5.2554697898e+03
8.1830851357e+05 -9.2614515688e+03 1.0065279359e+04
8.1173477598e+05 8.1173402304e+05 -6.7677936618e+02
-8.1170256248e+05 -8.1170295413e+05 -4.7610308759e+03
-8.0566095478e+05 -8.0566265178e+05 4.2002911230e+01
-8.0541366978e+05 -8.0541498054e+05 4.7668696481e+03
-8.1152579918e+05 8.1173544409e+05 -4.4949611967e+03
7.9325712325e+03 8.0239585091e+05 -1.9984461700e+04
-2.0808532978e+04 8.2131438778e+05 2.4793252323e+04
8.1173336614e+05 -8.1152445329e+05 -4.4947013122e+03
8.0540229228e+05 -3.6132145105e+03 -5.2554697898e+03
8.1830851357e+05 -9.2614515688e+03 1.0065279359e+04
8.1173477598e+05 8.1173402304e+05 -6.7677936618e+02
-8.1170256248e+05 -8.1170295413e+05 -4.7610308759e+03
-8.0566095478e+05 -8.0566265178e+05 4.2002911230e+01
-8.0541366978e+05 -8.0541498054e+05 4.7668696481e+03
-8.1152579918e+05 8.1173544409e+05 -4.4949611967e+03
7.9325712325e+03 8.0239585091e+05 -1.9984461700e+04
-2.0808532978e+04 8.2131438778e+05 2.4793252323e+04
8.1173336614e+05 -8.1152445329e+05 -4.4947013122e+03
8.0540229228e+05 -3.6132145105e+03 -5.2554697898e+03
8.1830851357e+05 -9.2614515688e+03 1.0065279359e+04
8.1173477598e+05 8.1173402304e+05 -6.7677936618e+02
-8.1170256248e+05 -8.1170295413e+05 -4.7610308759e+03
-8.0566095478e+05 -8.0566265178e+05 4.2002911230e+01
-8.0541366978e+05 -8.0541498054e+05 4.7668696481e+03
-8.1152579918e+05 8.1173544409e+05 -4.4949611967e+03
7.9325712325e+03 8.0239585091e+05 -1.9984461700e+04
-2.0808532978e+04 8.2131438778e+05 2.4793252323e+04
8.1173336614e+05 -8.1152445329e+05 -4.4947013122e+03
8.0540229228e+05 -3.6132145105e+03 -5.2554697898e+03
8.1830851357e+05 -9.2614515688e+03 1.0065279359e+04
8.1173477598e+05 8.1173402304e+05 -6.7677936618e+02
-8.1170256248e+05 -8.1170295413e+05 -4.7610308759e+03
-8.0566095478e+05 -8.0566265178e+05 4.2002911230e+01
-8.0541366978e+05 -8.0541498054e+05 4.7668696481e+03
-8.1152579918e+05 8.1173544409e+05 -4.4949611967e+03
7.9325712325e+03 8.0239585091e+05 -1.9984461700e+04
-2.0808532978e+04 8.2131438778e+05 2.4793252323e+04
8.1173336614e+05 -8.1152445329e+05 -4.4947013122e+03
8.0540229228e+05 -3.6132145105e+03 -5.2554697898e+03
8.1830851357e+05 -9.2614515688e+03 1.0065279359e+04
8.1173477598e+05 8.1173402304e+05 -6.7677936618e+02
-8.1170256248e+05 -8.1170295413e+05 -4.7610308759e+03
-8.0566095478e+05 -8.0566265178e+05 4.2002911230e+01
-8.0541366978e+05 -8.0541498054e+05 4.7668696481e+03
-8.1152579918e+05 8.1173544409e+05 -4.4949611967e+03
7.9325712325e+03 8.0239585091e+05 -1.9984461700e+04
-2.0808532978e+04 8.2131438778e+05 2.4793252323e+04
8.1173336614e+05 -8.1152445329e+05 -4.4947013122e+03
8.0540229228e+05 -3.6132145105e+03 -5.2554697898e+03
8.1830851357e+05 -9.2614515688e+03 1.0065279359e+04
8.1173477598e+05 8.1173402304e+05 -6.7677936618e+02
-8.1170256248e+05 -8.1170295413e+05 -4.7610308759e+03
-8.0566095478e+05 -8.0566265178e+05 4.2002911230e+01
-8.0541366978e+05 -8.0541498054e+05 4.7668696481e+03
-8.1152579918e+05 8.1173544409e+05 -4.4949611967e+03
7.9325712325e+03 8.0239585091e+05 -1.9984461700e+04
-2.0808532978e+04 8.2131438778e+05 2.4793252323e+04
8.1173336614e+05 -8.1152445329e+05 -4.4947013122e+03
8.0540229228e+05 -3.6132145105e+03 -5.2554697898e+03
8.1830851357e+05 -9.2614515688e+03 1.0065279359e+04
8.1173477598e+05 8.1173402304e+05 -6.7677936618e+02
-8.1170256248e+05 -8.1170295413e+05 -4.7610308759e+03
-8.0566095478e+05 -8.0566265178e+05 4.2002911230e+01
-8.0541366978e+05 -8.0541498054e+05 4.7668696481e+03
-8.1152579918e+05 8.1173544409e+05 -4.4949611967e+03
7.9325712325e+03 8.0239585091e+05 -1.9984461700e+04
-2.0808532978e+04 8.2131438778e+05 2.4793252323e+04
8.1173336614e+05 -8.1152445329e+05 -4.4947013122e+03
8.0540229228e+05 -3.6132145105e+03 -5.2554697898e+03
8.1830851357e+05 -9.2614515688e+03 1.0065279359e+04
8.1173477598e+05 8.1173402304e+05 -6.7677936618e+02
-8.1170256248e+05 -8.1170295413e+05 -4.7610308759e+03
-8.0566095478e+05 -8.0566265178e+05 4.2002911230e+01
-8.0541366978e+05 -8.0541498054e+05 4.7668696481e+03
-8.1152579918e+05 8.1173544409e+05 -4.4949611967e+03
7.9325712325e+03 8.0239585091e+05 -1.9984461700e+04
-2.0808532978e+04 8.2131438778e+05 2.4793252323e+04
8.1173336614e+05 -8.1152445329e+05 -4.4947013122e+03
8.0540229228e+05 -3.6132145105e+03 -5.2554697898e+03
8.1830851357e+05 -9.2614515688e+03 1.0065279359e+04
8.1173477598e+05 8.1173402304e+05 -6.7677936618e+02
-8.1170256248e+05 -8.1170295413e+05 -4.7610308759e+03
-8.0566095478e+05 -8.0566265178e+05 4.2002911230e+01
-8.0541366978e+05 -8.0541498054e+05 4.7668696481e+03
-8.1152579918e+05 8.1173544409e+05 -4.4949611967e+03
7.9325712325e+03 8.0239585091e+05 -1.9984461700e+04
-2.0808532978e+04 8.2131438778e+05 2.4793252323e+04
8.1173336614e+05 -8.1152445329e+05 -4.4947013122e+03
8.0540229228e+05 -3.6132145105e+03 -5.2554697898e+03
8.1830851357e+05 -9.2614515688e+03 1.0065279359e+04
8.1173477598e+05 8.1173402304e+05 -6.7677936618e+02
-8.1170256248e+05 -8.1170295413e+05 -4.7610308759e+03
-8.0566095478e+05 -8.0566265178e+05 4.2002911230e+01
-8.0541366978e+05 -8.0541498054e+05 4.7668696481e+03
-8.1152579918e+05 8.1173544409e+05 -4.4949611967e+03
7.9325712325e+03 8.0239585091e+05 -1.9984461700e+04
-2.0808532978e+04 8.2131438778e+05 2.4793252323e+04
8.1173336614e+05 -8.1152445329e+05 -4.4947013122e+03
8.0540229228e+05 -3.6132145105e+03 -5.2554697898e+03
8.1830851357e+05 -9.2614515688e+03 1.0065279359e+04
8.1173477598e+05 8.1173402304e+05 -6.7677936618e+02
-8.1170256248e+05 -8.1170295413e+05 -4.7610308759e+03
-8.0566095478e+05 -8.0566265178e+05 4.2002911230e+01
-8.0541366978e+05 -8.0541498054e+05 4.7668696481e+03
-8.1152579918e+05 8.1173544409e+05 -4.4949611967e+03
7.9325712325e+03 8.0239585091e+05 -1.9984461700e+04
-2.0808532978e+04 8.2131438778e+05 2.4793252323e+04
8.1173336614e+05 -8.1152445329e+05 -4.4947013122e+03
8.0540229228e+05 -3.6132145105e+03 -5.2554697898e+03
8.1830851357e+05 -9.2614515688e+03 1.0065279359e+04
8.1173477598e+05 8.1173402304e+05 -6.7677936618e+02
-8.1170256248e+05 -8.1170295413e+05 -4.7610308759e+03
-8.0566095478e+05 -8.0566265178e+05 4.2002911230e+01
-8.0541366978e+05 -8.0541498054e+05 4.7668696481e+03
-8.1152579918e+05 8.1173544409e+05 -4.4949611967e+03
7.9325712325e+03 8.0239585091e+05 -1.9984461700e+04
-2.0808532978e+04 8.2131438778e+05 2.4793252323e+04
8.1173336614e+05 -8.1152445329e+05 -4.4947013122e+03
8.0540229228e+05 -3.6132145105e+03 -5.2554697898e+03
8.1830851357e+05 -9.2614515688e+03 1.0065279359e+04
8.1173477598e+05 8.1173402304e+05 -6.7677936618e+02
-8.1170256248e+05 -8.1170295413e+05 -4.7610308759e+03
-8.0566095478e+05 -8.0566265178e+05 4.2002911230e+01
-8.0541366978e+05 -8.0541498054e+05 4.7668696481e+03
-8.1152579918e+05 8.1173544409e+05 -4.4949611967e+03
7.9325712325e+03 8.0239585091e+05 -1.9984461700e+04
-2.0808532978e+04 8.2131438778e+05 2.4793252323e+04
8.1173336614e+05 -8.1152445329e+05 -4.4947013122e+03
8.0540229228e+05 -3.6132145105e+03 -5.2554697898e+03
8.1830851357e+05 -9.2614515688e+03 1.0065279359e+04
8.1173477598e+05 8.1173402304e+05 -6.7677936618e+02
-8.1170256248e+05 -8.1170295413e+05 -4.7610308759e+03
-8.0566095478e+05 -8.0566265178e+05 4.2002911230e+01
-8.0541366978e+05 -8.0541498054e+05 4.7668696481e+03
-8.1152579918e+05 8.1173544409e+05 -4.4949611967e+03
7.9325712325e+03 8.0239585091e+05 -1.9984461700e+04
-2.0808532978e+04 8.2131438778e+05 2.4793252323e+04
8.1173336614e+05 -8.1152445329e+05 -4.4947013122e+03
8.0540229228e+05 -3.6132145105e+03 -5.2554697898e+03
8.1830851357e+05 -9.2614515688e+03 1.0065279359e+04
8.1173477598e+05 8.1173402304e+05 -6.7677936618e+02
-8.1170256248e+05 -8.1170295413e+05 -4.7610308759e+03
-8.0566095478e+05 -8.0566265178e+05 4.2002911230e+01
-8.0541366978e+05 -8.0541498054e+05 4.7668696481e+03
-8.1152579918e+05 8.1173544409e+05 -4.4949611967e+03
7.9325712325e+03 8.0239585091e+05 -1.9984461700e+04
-2.0808532978e+04 8.2131438778e+05 2.4793252323e+04
8.1173336614e+05 -8.1152445329e+05 -4.4947013122e+03
8.0540229228e+05 -3.6132145105e+03 -5.2554697898e+03
8.1830851357e+05 -9.2614515688e+03 1.0065279359e+04
8.1173477598e+05 8.1173402304e+05 -6.7677936618e+02
-8.1170256248e+05 -8.1170295413e+05 -4.7610308759e+03
-8.0566095478e+05 -8.0566265178e+05 4.2002911230e+01
-8.0541366978e+05 -8.0541498054e+05 4.7668696481e+03
-8.1152579918e+05 8.1173544409e+05 -4.4949611967e+03
7.9325712325e+03 8.0239585091e+05 -1.9984461700e+04
-2.0808532978e+04 8.2131438778e+05 2.4793252323e+04
8.1173336614e+05 -8.1152445329e+05 -4.4947013122e+03
8.0540229228e+05 -3.6132145105e+03 -5.2554697898e+03
8.1830851357e+05 -9.2614515688e+03 1.0065279359e+04
8.1173477598e+05 8.1173402304e+05 -6.7677936618e+02
-8.1170256248e+05 -8.1170295413e+05 -4.7610308759e+03
-8.0566095478e+05 -8.0566265178e+05 4.2002911230e+01
-8.0541366978e+05 -8.0541498054e+05 4.7668696481e+03
-8.1152579918e+05 8.1173544409e+05 -4.4949611967e+03
7.9325712325e+03 8.0239585091e+05 -1.9984461700e+04
-2.0808532978e+04 8.2131438778e+05 2.4793252323e+04
8.1173336614e+05 -8.1152445329e+05 -4.4947013122e+03
8.0540229228e+05 -3.6132145105e+03 -5.2554697898e+03
8.1830851357e+05 -9.2614515688e+03 1.0065279359e+04
8.1173477598e+05 8.1173402304e+05 -6.7677936618e+02
-8.1170256248e+05 -8.1170295413e+05 -4.7610308759e+03
-8.0566095478e+05 -8.0566265178e+05 4.2002911230e+01
-8.0541366978e+05 -8.0541498054e+05 4.7668696481e+03
-8.1152579918e+05 8.1173544409e+05 -4.4949611967e+03
7.9325712325e+03 8.0239585091e+05 -1.9984461700e+04
-2.0808532978e+04 8.2131438778e+05 2.4793252323e+04
8.1173336614e+05 -8.1152445329e+05 -4.4947013122e+03
8.0540229228e+05 -3.6132145105e+03 -5.2554697898e+03
8.1830851357e+05 -9.2614515688e+03 1.0065279359e+04
8.1173477598e+05 8.1173402304e+05 -6.7677936618e+02
-8.1170256248e+05 -8.1170295413e+05 -4.7610308759e+03
-8.0566095478e+05 -8.0566265178e+05 4.2002911230e+01
-8.0541366978e+05 -8.0541498054e+05 4.7668696481e+03
-8.1152579918e+05 8.1173544409e+05 -4.4949611967e+03
7.9325712325e+03 8.0239585091e+05 -1.9984461700e+04
-2.0808532978e+04 8.2131438778e+05 2.4793252323e+04
8.1173336614e+05 -8.1152445329e+05 -4.4947013122e+03
8.0540229228e+05 -3.6132145105e+03 -5.2554697898e+03
8.1830851357e+05 -9.2614515688e+03 1.0065279359e+04
8.1173477598e+05 8.1173402304e+05 -6.7677936618e+02
-8.1170256248e+05 -8.1170295413e+05 -4.7610308759e+03
-8.0566095478e+05 -8.0566265178e+05 4.2002911230e+01
-8.0541366978e+05 -8.0541498054e+05 4.7668696481e+03
-8.1152579918e+05 8.1173544409e+05 -4.4949611967e+03
7.9325712325e+03 8.0239585091e+05 -1.9984461700e+04
-2.0808532978e+04 8.2131438778e+05 2.4793252323e+04
8.1173336614e+05 -8.1152445329e+05 -4.4947013122e+03
8.0540229228e+05 -3.6132145105e+03 -5.2554697898e+03
8.1830851357e+05 -9.2614515688e+03 1.0065279359e+04
8.1173477598e+05 8.1173402304e+05 -6.7677936618e+02
-8.1170256248e+05 -8.1170295413e+05 -4.7610308759e+03
-8.0566095478e+05 -8.0566265178e+05 4.2002911230e+01
-8.0541366978e+05 -8.0541498054e+05 4.7668696481e+03
-8.1152579918e+05 8.1173544409e+05 -4.4949611967e+03
7.9325712325e+03 8.0239585091e+05 -1.9984461700e+04
-2.0808532978e+04 8.2131438778e+05 2.4793252323e+04
8.1173336614e+05 -8.1152445329e+05 -4.4947013122e+03
8.0540229228e+05 -3.6132145105e+03 -5.2554697898e+03
8.1830851357e+05 -9.2614515688e+03 1.0065279359e+04
8.1173477598e+05 8.1173402304e+05 -6.7677936618e+02
-8.1170256248e+05 -8.1170295413e+05 -4.7610308759e+03
-8.0566095478e+05 -8.0566265178e+05 4.2002911230e+01
-8.0541366978e+05 -8.0541498054e+05 4.7668696481e+03
-8.1152579918e+05 8.1173544409e+05 -4.4949611967e+03
7.9325712325e+03 8.0239585091e+05 -1.9984461700e+04
-2.0808532978e+04 8.2131438778e+05 2.4793252323e+04
8.1173336614e+05 -8.1152445329e+05 -4.4947013122e+03
8.0540229228e+05 -3.6132145105e+03 -5.2554697898e+03
8.1830851357e+05 -9.2614515688e+03 1.0065279359e+04
8.1173477598e+05 8.1173402304e+05 -6.7677936618e+02
-8.1170256248e+05 -8.1170295413e+05 -4.7610308759e+03
-8.0566095478e+05 -8.0566265178e+05 4.2002911230e+01
-8.0541366978e+05 -8.0541498054e+05 4.7668696481e+03
-8.1152579918e+05 8.1173544409e+05 -4.4949611967e+03
7.9325712325e+03 8.0239585091e+05 -1.9984461700e+04
-2.0808532978e+04 8.2131438778e+05 2.4793252323e+04
8.1173336614e+05 -8.1152445329e+05 -4.4947013122e+03
8.0540229228e+05 -3.6132145105e+03 -5.2554697898e+03
8.1830851357e+05 -9.2614515688e+03 1.0065279359e+04
8.1173477598e+05 8.1173402304e+05 -6.7677936618e+02
-8.1170256248e+05 -8.1170295413e+05 -4.7610308759e+03
-8.0566095478e+05 -8.0566265178e+05 4.2002911230e+01
-8.0541366978e+05 -8.0541498054e+05 4.7668696481e+03
-8.1152579918e+05 8.1173544409e+05 -4.4949611967e+03
7.9325712325e+03 8.0239585091e+05 -1.9984461700e+04
-2.0808532978e+04 8.2131438778e+05 2.4793252323e+04
8.1173336614e+05 -8.1152445329e+05 -4.4947013122e+03
8.0540229228e+05 -3.6132145105e+03 -5.2554697898e+03
8.1830851357e+05 -9.2614515688e+03 1.0065279359e+04
8.1173477598e+05 8.1173402304e+05 -6.7677936618e+02
-8.1170256248e+05 -8.1170295413e+05 -4.7610308759e+03
-8.0566095478e+05 -8.0566265178e+05 4.2002911230e+01
-8.0541366978e+05 -8.0541498054e+05 4.7668696481e+03
-8.1152579918e+05 8.1173544409e+05 -4.4949611967e+03
7.9325712325e+03 8.0239585091e+05 -1.9984461700e+04
-2.0808532978e+04 8.2131438778e+05 2.4793252323e+04
8.1173336614e+05 -8.1152445329e+05 -4.4947013122e+03
8.0540229228e+05 -3.6132145105e+03 -5.2554697898e+03
8.1830851357e+05 -9.2614515688e+03 1.0065279359e+04
8.1173477598e+05 8.1173402304e+05 -6.7677936618e+02
-8.1170256248e+05 -8.1170295413e+05 -4.7610308759e+03
-8.0566095478e+05 -8.0566265178e+05 4.2002911230e+01
-8.0541366978e+05 -8.0541498054e+05 4.7668696481e+03
-8.1152579918e+05 8.1173544409e+05 -4.4949611967e+03
7.9325712325e+03 8.0239585091e+05 -1.9984461700e+04
-2.0808532978e+04 8.2131438778e+05 2.4793252323e+04
8.1173336614e+05 -8.1152445329e+05 -4.4947013122e+03
8.0540229228e+05 -3.6132145105e+03 -5.2554697898e+03
8.1830851357e+05 -9.2614515688e+03 1.0065279359e+04
8.1173477598e+05 8.1173402304e+05 -6.7677936618e+02
-8.1170256248e+05 -8.1170295413e+05 -4.7610308759e+03
-8.0566095478e+05 -8.0566265178e+05 4.2002911230e+01
-8.0541366978e+05 -8.0541498054e+05 4.7668696481e+03
-8.1152579918e+05 8.1173544409e+05 -4.4949611967e+03
7.9325712325e+03 8.0239585091e+05 -1.9984461700e+04
-2.0808532978e+04 8.2131438778e+05 2.4793252323e+04
8.1173336614e+05 -8.1152445329e+05 -4.4947013122e+03
8.0540229228e+05 -3.6132145105e+03 -5.2554697898e+03
8.1830851357e+05 -9.2614515688e+03 1.0065279359e+04
8.1173477598e+05 8.1173402304e+05 -6.7677936618e+02
-8.1170256248e+05 -8.1170295413e+05 -4.7610308759e+03
-8.0566095478e+05 -8.0566265178e+05 4.2002911230e+01
-8.0541366978e+05 -8.0541498054e+05 4.7668696481e+03
-8.1152579918e+05 8.1173544409e+05 -4.4949611967e+03
7.9325712325e+03 8.0239585091e+05 -1.9984461700e+04
-2.0808532978e+04 8.2131438778e+05 2.4793252323e+04
8.1173336614e+05 -8.1152445329e+05 -4.4947013122e+03
8.0540229228e+05 -3.6132145105e+03 -5.2554697898e+03
8.1830851357e+05 -9.2614515688e+03 1.0065279359e+04
8.1173477598e+05 8.1173402304e+05 -6.7677936618e+02
-8.1170256248e+05 -8.1170295413e+05 -4.7610308759e+03
-8.0566095478e+05 -8.0566265178e+05 4.2002911230e+01
-8.0541366978e+05 -8.0541498054e+05 4.7668696481e+03
-8.1152579918e+05 8.1173544409e+05 -4.4949611967e+03
7.9325712325e+03 8.0239585091e+05 -1.9984461700e+04
-2.0808532978e+04 8.2131438778e+05 2.4793252323e+04
8.1173336614e+05 -8.1152445329e+05 -4.4947013122e+03
8.0540229228e+05 -3.6132145105e+03 -5.2554697898e+03
8.1830851357e+05 -9.2614515688e+03 1.0065279359e+04
8.1173477598e+05 8.1173402304e+05 -6.7677936618e+02
-8.1170256248e+05 -8.1170295413e+05 -4.7610308759e+03
-8.0566095478e+05 -8.0566265178e+05 4.2002911230e+01
-8.0541366978e+05 -8.0541498054e+05 4.7668696481e+03
-8.1152579918e+05 8.1173544409e+05 -4.4949611967e+03
7.9325712325e+03 8.0239585091e+05 -1.9984461700e+04
-2.0808532978e+04 8.2131438778e+05 2.4793252323e+04
8.1173336614e+05 -8.1152445329e+05 -4.4947013122e+03
8.0540229228e+05 -3.6132145105e+03 -5.2554697898e+03
8.1830851357e+05 -9.2614515688e+03 1.0065279359e+04
8.1173477598e+05 8.1173402304e+05 -6.7677936618e+02
-8.1170256248e+05 -8.1170295413e+05 -4.7610308759e+03
-8.0566095478e+05 -8.0566265178e+05 4.2002911230e+01
-8.0541366978e+05 -8.0541498054e+05 4.7668696481e+03
-8.1152579918e+05 8.1173544409e+05 -4.4949611967e+03
7.9325712325e+03 8.0239585091e+05 -1.9984461700e+04
-2.0808532978e+04 8.2131438778e+05 2.4793252323e+04
8.1173336614e+05 -8.1152445329e+05 -4.4947013122e+03
8.0540229228e+05 -3.6132145105e+03 -5.2554697898e+03
8.1830851357e+05 -9.2614515688e+03 1.0065279359e+04
8.1173477598e+05 8.1173402304e+05 -6.7677936618e+02
-8.1170256248e+05 -8.1170295413e+05 -4.7610308759e+03
-8.0566095478e+05 -8.0566265178e+05 4.2002911230e+01
-8.0541366978e+05 -8.0541498054e+05 4.7668696481e+03
-8.1152579918e+05 8.1173544409e+05 -4.4949611967e+03
7.9325712325e+03 8.0239585091e+05 -1.9984461700e+04
-2.0808532978e+04 8.2131438778e+05 2.4793252323e+04
8.1173336614e+05 -8.1152445329e+05 -4.4947013122e+03
8.0540229228e+05 -3.6132145105e+03 -5.2554697898e+03
8.1830851357e+05 -9.2614515688e+03 1.0065279359e+04
8.1173477598e+05 8.1173402304e+05 -6.7677936618e+02
-8.1170256248e+05 -8.1170295413e+05 -4.7610308759e+03
-8.0566095478e+05 -8.0566265178e+05 4.2002911230e+01
-8.0541366978e+05 -8.0541498054e+05 4.7668696481e+03
-8.1152579918e+05 8.1173544409e+05 -4.4949611967e+03
7.9325712325e+03 8.0239585091e+05 -1.9984461700e+04
-2.0808532978e+04 8.2131438778e+05 2.4793252323e+04
8.1173336614e+05 -8.1152445329e+05 -4.4947013122e+03
8.0540229228e+05 -3.6132145105e+03 -5.2554697898e+03
8.1830851357e+05 -9.2614515688e+03 1.0065279359e+04
8.1173477598e+05 8.1173402304e+05 -6.7677936618e+02
-8.1170256248e+05 -8.1170295413e+05 -4.7610308759e+03
-8.0566095478e+05 -8.0566265178e+05 4.2002911230e+01
-8.0541366978e+05 -8.0541498054e+05 4.7668696481e+03
-8.1152579918e+05 8.1173544409e+05 -4.4949611967e+03
7.9325712325e+03 8.0239585091e+05 -1.9984461700e+04
-2.0808532978e+04 8.2131438778e+05 2.4793252323e+04
8.1173336614e+05 -8.1152445329e+05 -4.4947013122e+03
8.0540229228e+05 -3.6132145105e+03 -5.2554697898e+03
8.1830851357e+05 -9.2614515688e+03 1.0065279359e+04
8.1173477598e+05 8.1173402304e+05 -6.7677936618e+02
-8.1170256248e+05 -8.1170295413e+05 -4.7610308759e+03
-8.0566095478e+05 -8.0566265178e+05 4.2002911230e+01
-8.0541366978e+05 -8.0541498054e+05 4.7668696481e+03
-8.1152579918e+05 8.1173544409e+05 -4.4949611967e+03
7.9325712325e+03 8.0239585091e+05 -1.9984461700e+04
-2.0808532978e+04 8.2131438778e+05 2.4793252323e+04
8.1173336614e+05 -8.1152445329e+05 -4.4947013122e+03
8.0540229228e+05 -3.6132145105e+03 -5.2554697898e+03
8.1830851357e+05 -9.2614515688e+03 1.0065279359e+04
8.1173477598e+05 8.1173402304e+05 -6.7677936618e+02
-8.1170256248e+05 -8.1170295413e+05 -4.7610308759e+03
-8.0566095478e+05 -8.0566265178e+05 4.2002911230e+01
-8.0541366978e+05 -8.0541498054e+05 4.7668696481e+03
-8.1152579918e+05 8.1173544409e+05 -4.4949611967e+03
7.9325712325e+03 8.0239585091e+05 -1.9984461700e+04
-2.0808532978e+04 8.2131438778e+05 2.4793252323e+04
8.1173336614e+05 -8.1152445329e+05 -4.4947013122e+03
8.0540229228e+05 -3.6132145105e+03 -5.2554697898e+03
8.1830851357e+05 -9.2614515688e+03 1.0065279359e+04
8.1173477598e+05 8.1173402304e+05 -6.7677936618e+02
-8.1170256248e+05 -8.1170295413e+05 -4.7610308759e+03
-8.0566095478e+05 -8.0566265178e+05 4.2002911230e+01
-8.0541366978e+05 -8.0541498054e+05 4.7668696481e+03
-8.1152579918e+05 8.1173544409e+05 -4.4949611967e+03
7.9325712325e+03 8.0239585091e+05 -1.9984461700e+04
-2.0808532978e+04 8.2131438778e+05 2.4793252323e+04
8.1173336614e+05 -8.1152445329e+05 -4.4947013122e+03
8.0540229228e+05 -3.6132145105e+03 -5.2554697898e+03
8.1830851357e+05 -9.2614515688e+03 1.0065279359e+04
8.1173477598e+05 8.1173402304e+05 -6.7677936618e+02
-8.1170256248e+05 -8.1170295413e+05 -4.7610308759e+03
-8.0566095478e+05 -8.0566265178e+05 4.2002911230e+01
-8.0541366978e+05 -8.0541498054e+05 4.7668696481e+03
-8.1152579918e+05 8.1173544409e+05 -4.4949611967e+03
7.9325712325e+03 8.0239585091e+05 -1.9984461700e+04
-2.0808532978e+04 8.2131438778e+05 2.4793252323e+04
8.1173336614e+05 -8.1152445329e+05 -4.4947013122e+03
8.0540229228e+05 -3.6132145105e+03 -5.2554697898e+03
8.1830851357e+05 -9.2614515688e+03 1.0065279359e+04
8.1173477598e+05 8.1173402304e+05 -6.7677936618e+02
