-3.7245890941e-02 -9.7360721273e-01 -1.1979940210e+00
3.7245890941e-02 9.7360721273e-01 1.1979940210e+00
-3.7366258690e-02 -9.7675362447e-01 -9.2396525066e-01
3.7366258690e-02 9.7675362447e-01 9.2396525066e-01
-3.7847749035e-02 -9.8933977721e-01 -5.1327452591e-01
3.7847749035e-02 9.8933977721e-01 5.1327452591e-01
-3.8795364126e-02 -1.0141104261e+00 -3.0232692073e-02
3.8795364126e-02 1.0141104261e+00 3.0232692073e-02
-4.0111787306e-02 -1.0485217147e+00 4.4687105441e-01
4.0111787306e-02 1.0485217147e+00 -4.4687105441e-01
-4.1518722600e-02 -1.0852989891e+00 8.4310044023e-01
4.1518722600e-02 1.0852989891e+00 -8.4310044023e-01
-4.2736484875e-02 -1.1171312827e+00 1.1247423126e+00
4.2736484875e-02 1.1171312827e+00 -1.1247423126e+00
-4.3939997518e-02 -1.1485910910e+00 9.5865495062e-01
4.3939997518e-02 1.1485910910e+00 -9.5865495062e-01
-4.5815022264e-02 -1.1976042189e+00 6.5627487203e-01
4.5815022264e-02 1.1976042189e+00 -6.5627487203e-01
-4.8360244502e-02 -1.2641363025e+00 3.0407892973e-01
4.8360244502e-02 1.2641363025e+00 -3.0407892973e-01
-5.1306502154e-02 -1.3411514477e+00 -5.2085937656e-02
5.1306502154e-02 1.3411514477e+00 5.2085937656e-02
-5.4218626966e-02 -1.4172743609e+00 -3.6442630615e-01
5.4218626966e-02 1.4172743609e+00 3.6442630615e-01
-5.6703078283e-02 -1.4822178932e+00 -6.0406844329e-01
5.6703078283e-02 1.4822178932e+00 6.0406844329e-01
-5.8557091412e-02 -1.5306817776e+00 -7.6681900840e-01
5.8557091412e-02 1.5306817776e+00 7.6681900840e-01
-5.9770302174e-02 -1.5623950947e+00 -8.6475754663e-01
5.9770302174e-02 1.5623950947e+00 8.6475754663e-01
-6.0758210286e-02 -1.5882190027e+00 -7.9941360829e-01
6.0758210286e-02 1.5882190027e+00 7.9941360829e-01
-6.1939152416e-02 -1.6190888181e+00 -7.2115672898e-01
6.1939152416e-02 1.6190888181e+00 7.2115672898e-01
-6.3248259372e-02 -1.6533088607e+00 -6.4227172758e-01
6.3248259372e-02 1.6533088607e+00 6.4227172758e-01
-6.4592445545e-02 -1.6884458737e+00 -5.6818167483e-01
6.4592445545e-02 1.6884458737e+00 5.6818167483e-01
-6.5870259016e-02 -1.7218479049e+00 -5.0341505721e-01
6.5870259016e-02 1.7218479049e+00 5.0341505721e-01
-6.6991110174e-02 -1.7511469428e+00 -4.5092119872e-01
6.6991110174e-02 1.7511469428e+00 4.5092119872e-01
-6.7889525455e-02 -1.7746315092e+00 -4.1186968985e-01
6.7889525455e-02 1.7746315092e+00 4.1186968985e-01
-6.8530915674e-02 -1.7913974430e+00 -3.8588670763e-01
6.8530915674e-02 1.7913974430e+00 3.8588670763e-01
-6.8909481953e-02 -1.8012931617e+00 -3.7153316739e-01
6.8909481953e-02 1.8012931617e+00 3.7153316739e-01
-6.9041378678e-02 -1.8047409408e+00 -3.6681751487e-01
6.9041378678e-02 1.8047409408e+00 3.6681751487e-01
-6.8956507228e-02 -1.8025224019e+00 -3.6961052489e-01
6.8956507228e-02 1.8025224019e+00 3.6961052489e-01
-6.8691232234e-02 -1.7955881163e+00 -3.7791684299e-01
6.8691232234e-02 1.7955881163e+00 3.7791684299e-01
-6.8283009548e-02 -1.7849171794e+00 -3.9001613569e-01
6.8283009548e-02 1.7849171794e+00 3.9001613569e-01
-6.7766993829e-02 -1.7714285337e+00 -4.0451023359e-01
6.7766993829e-02 1.7714285337e+00 4.0451023359e-01
-6.7174248603e-02 -1.7559341795e+00 -4.2031351847e-01
6.7174248603e-02 1.7559341795e+00 4.2031351847e-01
-6.6531072346e-02 -1.7391215587e+00 -4.3661510184e-01
6.6531072346e-02 1.7391215587e+00 4.3661510184e-01
-6.5859012919e-02 -1.7215539320e+00 -4.5283121704e-01
6.5859012919e-02 1.7215539320e+00 4.5283121704e-01
-6.5175254681e-02 -1.7036804986e+00 -4.6855812587e-01
6.5175254681e-02 1.7036804986e+00 4.6855812587e-01
-6.4493170327e-02 -1.6858508205e+00 -4.8353039965e-01
6.4493170327e-02 1.6858508205e+00 4.8353039965e-01
-6.3788209637e-02 -1.6985030609e+00 -4.9830694995e-01
6.3788209637e-02 1.6985030609e+00 4.9830694995e-01
-6.3021248924e-02 -1.7167846207e+00 -5.1368158301e-01
6.3021248924e-02 1.7167846207e+00 5.1368158301e-01
-6.2237719396e-02 -1.7342473752e+00 -5.2871831763e-01
6.2237719396e-02 1.7342473752e+00 5.2871831763e-01
-6.1537406163e-02 -1.7488437078e+00 -5.4159951355e-01
6.1537406163e-02 1.7488437078e+00 5.4159951355e-01
-6.1116704866e-02 -1.7570661146e+00 -5.4903620698e-01
6.1116704866e-02 1.7570661146e+00 5.4903620698e-01
-6.1341356528e-02 -1.7530934760e+00 -5.4529585605e-01
6.1341356528e-02 1.7530934760e+00 5.4529585605e-01
-6.2859453431e-02 -1.7276477859e+00 -5.2079288080e-01
6.2859453431e-02 1.7276477859e+00 5.2079288080e-01
-6.6747060211e-02 -1.6668974102e+00 -4.6048025232e-01
6.6747060211e-02 1.6668974102e+00 4.6048025232e-01
-7.4606473093e-02 -1.5526780336e+00 -3.4329470678e-01
7.4606473093e-02 1.5526780336e+00 3.4329470678e-01
-8.8368505550e-02 -1.3669319425e+00 -1.4596917394e-01
8.8368505550e-02 1.3669319425e+00 1.4596917394e-01
-1.0939131129e-01 -1.1035875730e+00 1.4420236445e-01
1.0939131129e-01 1.1035875730e+00 -1.4420236445e-01
-1.3686219571e-01 -7.8414827760e-01 5.0975171582e-01
1.3686219571e-01 7.8414827760e-01 -5.0975171582e-01
-1.6692370453e-01 -4.5925160892e-01 8.9615664017e-01
1.6692370453e-01 4.5925160892e-01 -8.9615664017e-01
-1.9432874538e-01 -1.8333450496e-01 1.2372263717e+00
1.9432874538e-01 1.8333450496e-01 -1.2372263717e+00
-2.1544746135e-01 1.5374185554e-02 1.4923768118e+00
2.1544746135e-01 -1.5374185554e-02 -1.4923768118e+00
-2.2951072811e-01 1.3950961328e-01 1.6577653501e+00
2.2951072811e-01 -1.3950961328e-01 -1.6577653501e+00
-2.3766512943e-01 2.0731495579e-01 1.7513600766e+00
2.3766512943e-01 -2.0731495579e-01 -1.7513600766e+00
-2.4160955951e-01 2.3834835351e-01 1.7956590228e+00
2.4160955951e-01 -2.3834835351e-01 -1.7956590228e+00
-2.4283835648e-01 2.4755290869e-01 1.8092036454e+00
2.4283835648e-01 -2.4755290869e-01 -1.8092036454e+00
-2.4243649244e-01 2.4474255959e-01 1.8048843821e+00
2.4243649244e-01 -2.4474255959e-01 -1.8048843821e+00
-2.4112134506e-01 2.3586756198e-01 1.7909269529e+00
2.4112134506e-01 -2.3586756198e-01 -1.7909269529e+00
-2.3965365555e-01 2.2635744498e-01 1.8041112766e+00
2.3965365555e-01 -2.2635744498e-01 -1.8041112766e+00
-2.3877807240e-01 2.2089870062e-01 1.8123012393e+00
2.3877807240e-01 -2.2089870062e-01 -1.8123012393e+00
-2.3911951807e-01 2.2290833501e-01 1.8094874662e+00
2.3911951807e-01 -2.2290833501e-01 -1.8094874662e+00
-2.4165685661e-01 2.3747628948e-01 1.7897457753e+00
2.4165685661e-01 -2.3747628948e-01 -1.7897457753e+00
-2.4782199437e-01 2.7169732275e-01 1.7455300640e+00
2.4782199437e-01 -2.7169732275e-01 -1.7455300640e+00
-2.5950007323e-01 3.3442858013e-01 1.6684480197e+00
2.5950007323e-01 -3.3442858013e-01 -1.6684480197e+00
-2.7875974003e-01 4.3469772682e-01 1.5514977028e+00
2.7875974003e-01 -4.3469772682e-01 -1.5514977028e+00
-3.0711872251e-01 5.7802128420e-01 1.3930744167e+00
3.0711872251e-01 -5.7802128420e-01 -1.3930744167e+00
-3.4439627372e-01 7.6122203280e-01 1.2014121949e+00
3.4439627372e-01 -7.6122203280e-01 -1.2014121949e+00
-3.8781309569e-01 9.6908416201e-01 9.9576944489e-01
3.8781309569e-01 -9.6908416201e-01 -9.9576944489e-01
-4.3237280574e-01 1.1772999417e+00 8.0104669979e-01
4.3237280574e-01 -1.1772999417e+00 -8.0104669979e-01
-4.7271627850e-01 1.3616442673e+00 6.3805668396e-01
4.7271627850e-01 -1.3616442673e+00 -6.3805668396e-01
-5.0515066464e-01 1.5068455933e+00 5.1660478167e-01
5.0515066464e-01 -1.5068455933e+00 -5.1660478167e-01
-5.2843594691e-01 1.6091625109e+00 4.3555843750e-01
5.2843594691e-01 -1.6091625109e+00 -4.3555843750e-01
-5.4325938468e-01 1.6732043146e+00 3.8745319586e-01
5.4325938468e-01 -1.6732043146e+00 -3.8745319586e-01
-5.5124987764e-01 1.7072018572e+00 3.6319407109e-01
5.5124987764e-01 -1.7072018572e+00 -3.6319407109e-01
-5.5420460754e-01 1.7196058666e+00 3.5475845999e-01
5.5420460754e-01 -1.7196058666e+00 -3.5475845999e-01
-5.5369311829e-01 1.7175017110e+00 3.5608123760e-01
5.5369311829e-01 -1.7175017110e+00 -3.5608123760e-01
-5.5093582112e-01 1.7062345406e+00 3.6297022143e-01
5.5093582112e-01 -1.7062345406e+00 -3.6297022143e-01
-5.4698278467e-01 1.7047729887e+00 3.7231553091e-01
5.4698278467e-01 -1.7047729887e+00 -3.7231553091e-01
-5.4393801750e-01 1.7162593705e+00 3.7914146432e-01
5.4393801750e-01 -1.7162593705e+00 -3.7914146432e-01
-5.4363141305e-01 1.7174130991e+00 3.7982758206e-01
5.4363141305e-01 -1.7174130991e+00 -3.7982758206e-01
-5.4874049474e-01 1.7011166176e+00 3.6963687539e-01
5.4874049474e-01 -1.7011166176e+00 -3.6963687539e-01
-5.6354670021e-01 1.6572281427e+00 3.4152050688e-01
5.6354670021e-01 -1.6572281427e+00 -3.4152050688e-01
-5.9430508550e-01 1.5727110033e+00 2.8593551703e-01
5.9430508550e-01 -1.5727110033e+00 -2.8593551703e-01
-6.4883750604e-01 1.4338769131e+00 1.9205743502e-01
6.4883750604e-01 -1.4338769131e+00 -1.9205743502e-01
-7.3423555486e-01 1.2324134087e+00 5.1810775562e-02
7.3423555486e-01 -1.2324134087e+00 -5.1810775562e-02
-8.5206035222e-01 9.7467111636e-01 -1.3311183987e-01
8.5206035222e-01 -9.7467111636e-01 1.3311183987e-01
-9.9336196293e-01 6.8766889310e-01 -3.4550719791e-01
9.9336196293e-01 -6.8766889310e-01 3.4550719791e-01
-1.1391779939e+00 4.1209152027e-01 -5.5595185498e-01
1.1391779939e+00 -4.1209152027e-01 5.5595185498e-01
-1.2688261647e+00 1.8346936785e-01 -7.3610568379e-01
1.2688261647e+00 -1.8346936785e-01 7.3610568379e-01
-1.3692781719e+00 1.7634689887e-02 -8.7089482478e-01
1.3692781719e+00 -1.7634689887e-02 8.7089482478e-01
-1.4378906367e+00 -8.8800116973e-02 -9.6006067009e-01
1.4378906367e+00 8.8800116973e-02 9.6006067009e-01
-1.4790175015e+00 -1.4897857496e-01 -1.0119719656e+00
1.4790175015e+00 1.4897857496e-01 1.0119719656e+00
-1.4994838238e+00 -1.7734182935e-01 -1.0371331256e+00
1.4994838238e+00 1.7734182935e-01 1.0371331256e+00
-1.5057665461e+00 -1.8564023903e-01 -1.0446837681e+00
1.5057665461e+00 1.8564023903e-01 1.0446837681e+00
-1.5029528706e+00 -1.8216380308e-01 -1.0414040552e+00
1.5029528706e+00 1.8216380308e-01 1.0414040552e+00
-1.4946710302e+00 -1.7231139380e-01 -1.0319117646e+00
1.4946710302e+00 1.7231139380e-01 1.0319117646e+00
-1.4833685254e+00 -1.5942466051e-01 -1.0191945330e+00
1.4833685254e+00 1.5942466051e-01 1.0191945330e+00
-1.4706370723e+00 -1.4549221200e-01 -1.0051170346e+00
1.4706370723e+00 1.4549221200e-01 1.0051170346e+00
-1.4574817036e+00 -1.3165039786e-01 -9.9080604834e-01
1.4574817036e+00 1.3165039786e-01 9.9080604834e-01
-1.4445173350e+00 -1.1851285670e-01 -9.7691635294e-01
1.4445173350e+00 1.1851285670e-01 9.7691635294e-01
-1.4321041825e+00 -1.0637903886e-01 -9.6380605552e-01
1.4321041825e+00 1.0637903886e-01 9.6380605552e-01
-1.4204383472e+00 -9.5363404836e-02 -9.5164950903e-01
1.4204383472e+00 9.5363404836e-02 9.5164950903e-01
-1.4096115077e+00 -8.5474492007e-02 -9.4050914595e-01
1.4096115077e+00 8.5474492007e-02 9.4050914595e-01
-1.3996499527e+00 -7.6662861409e-02 -9.3038085725e-01
1.3996499527e+00 7.6662861409e-02 9.3038085725e-01
-1.3905399923e+00 -6.8849891689e-02 -9.2122250814e-01
1.3905399923e+00 6.8849891689e-02 9.2122250814e-01
-1.3822444389e+00 -6.1944834199e-02 -9.1297174597e-01
1.3822444389e+00 6.1944834199e-02 9.1297174597e-01
-1.3747132456e+00 -5.5854692696e-02 -9.0555701530e-01
1.3747132456e+00 5.5854692696e-02 9.0555701530e-01
-1.3678903161e+00 -5.0489731946e-02 -8.9890426360e-01
1.3678903161e+00 5.0489731946e-02 8.9890426360e-01
-1.3617178069e+00 -4.5766339547e-02 -8.9294091488e-01
1.3617178069e+00 4.5766339547e-02 8.9294091488e-01
-1.3610875480e+00 -4.1529371935e-02 -8.8749607580e-01
1.3610875480e+00 4.1529371935e-02 8.8749607580e-01
-1.3666542724e+00 -3.7260915908e-02 -8.8191468082e-01
1.3666542724e+00 3.7260915908e-02 8.8191468082e-01
-1.3721983536e+00 -3.2882541150e-02 -8.7669042582e-01
1.3721983536e+00 3.2882541150e-02 8.7669042582e-01
-1.3780450974e+00 -2.8121697536e-02 -8.8299323153e-01
1.3780450974e+00 2.8121697536e-02 8.8299323153e-01
-1.3844594399e+00 -2.2732918536e-02 -8.8999474059e-01
1.3844594399e+00 2.2732918536e-02 8.8999474059e-01
-1.3914846611e+00 -1.6637768808e-02 -8.9776423596e-01
1.3914846611e+00 1.6637768808e-02 8.9776423596e-01
-1.3991613410e+00 -9.7523045749e-03 -9.0637212715e-01
1.3991613410e+00 9.7523045749e-03 9.0637212715e-01
-1.4075240184e+00 -1.9893830780e-03 -9.1588656380e-01
1.4075240184e+00 1.9893830780e-03 9.1588656380e-01
-1.4165961978e+00 6.7370350018e-03 -9.2636792936e-01
1.4165961978e+00 -6.7370350018e-03 9.2636792936e-01
-1.4263829548e+00 1.6504395827e-02 -9.3786010042e-01
1.4263829548e+00 -1.6504395827e-02 9.3786010042e-01
-1.4368600501e+00 2.7368998233e-02 -9.5037677824e-01
1.4368600501e+00 -2.7368998233e-02 9.5037677824e-01
-1.4479579695e+00 3.9345426650e-02 -9.6388031801e-01
1.4479579695e+00 -3.9345426650e-02 9.6388031801e-01
-1.4595386231e+00 5.2373353192e-02 -9.7824915869e-01
1.4595386231e+00 -5.2373353192e-02 9.7824915869e-01
-1.4713615086e+00 6.6264528656e-02 -9.9322801163e-01
1.4713615086e+00 -6.6264528656e-02 9.9322801163e-01
-1.4830350158e+00 8.0618969272e-02 -1.0083522327e+00
1.4830350158e+00 -8.0618969272e-02 1.0083522327e+00
-1.4939474630e+00 9.4694015376e-02 -1.0228343027e+00
1.4939474630e+00 -9.4694015376e-02 1.0228343027e+00
-1.5031722405e+00 1.0720345271e-01 -1.0353968033e+00
1.5031722405e+00 -1.0720345271e-01 1.0353968033e+00
-1.5093443053e+00 1.1601877375e-01 -1.0440354666e+00
1.5093443053e+00 -1.1601877375e-01 1.0440354666e+00
-1.5105163361e+00 1.1774939587e-01 -1.0457055659e+00
1.5105163361e+00 -1.1774939587e-01 1.0457055659e+00
-1.5040323542e+00 1.0721555251e-01 -1.0359634611e+00
1.5040323542e+00 -1.0721555251e-01 1.0359634611e+00
-1.4865202606e+00 7.6944231463e-02 -1.0086976861e+00
1.4865202606e+00 -7.6944231463e-02 1.0086976861e+00
-1.4542117041e+00 1.7086611757e-02 -9.5629407572e-01
1.4542117041e+00 -1.7086611757e-02 9.5629407572e-01
-1.4039002396e+00 -8.3409616671e-02 -8.7087407220e-01
1.4039002396e+00 8.3409616671e-02 8.7087407220e-01
-1.3347390979e+00 -2.3326391388e-01 -7.4731838196e-01
1.3347390979e+00 2.3326391388e-01 7.4731838196e-01
-1.2503891846e+00 -4.3278092697e-01 -5.8785230597e-01
1.2503891846e+00 4.3278092697e-01 5.8785230597e-01
-1.1598198931e+00 -6.6818295673e-01 -4.0553635123e-01
1.1598198931e+00 6.6818295673e-01 4.0553635123e-01
-1.0748872676e+00 -9.1236330402e-01 -2.2229389133e-01
1.0748872676e+00 9.1236330402e-01 2.2229389133e-01
-1.0054188682e+00 -1.1347438429e+00 -6.0545346198e-02
1.0054188682e+00 1.1347438429e+00 6.0545346198e-02
-9.5555280641e-01 -1.3136637509e+00 6.5666551283e-02
9.5555280641e-01 1.3136637509e+00 -6.5666551283e-02
-9.2388134134e-01 -1.4418991115e+00 1.5347464038e-01
9.2388134134e-01 1.4418991115e+00 -1.5347464038e-01
-9.0609568027e-01 -1.5237485483e+00 2.0793769879e-01
9.0609568027e-01 1.5237485483e+00 -2.0793769879e-01
-8.9752477371e-01 -1.5689265844e+00 2.3718760124e-01
8.9752477371e-01 1.5689265844e+00 -2.3718760124e-01
-8.9441765167e-01 -1.5878108536e+00 2.4910420741e-01
8.9441765167e-01 1.5878108536e+00 -2.4910420741e-01
-8.9420511416e-01 -1.5891522195e+00 2.4994533574e-01
8.9420511416e-01 1.5891522195e+00 -2.4994533574e-01
-8.9529961488e-01 -1.5795058727e+00 2.4417911055e-01
8.9529961488e-01 1.5795058727e+00 -2.4417911055e-01
-8.9643397980e-01 -1.5870772626e+00 2.3715902469e-01
8.9643397980e-01 1.5870772626e+00 -2.3715902469e-01
-8.9670156919e-01 -1.5902223531e+00 2.3522104664e-01
8.9670156919e-01 1.5902223531e+00 -2.3522104664e-01
-8.9606169143e-01 -1.5798031389e+00 2.4203482964e-01
8.9606169143e-01 1.5798031389e+00 -2.4203482964e-01
-8.9470600374e-01 -1.5494716978e+00 2.6267968796e-01
8.9470600374e-01 1.5494716978e+00 -2.6267968796e-01
-8.9321161168e-01 -1.4917558334e+00 3.0369548386e-01
8.9321161168e-01 1.4917558334e+00 -3.0369548386e-01
-8.9269782880e-01 -1.3993825611e+00 3.7233757361e-01
8.9269782880e-01 1.3993825611e+00 -3.7233757361e-01
-8.9483369407e-01 -1.2680181330e+00 4.7452838469e-01
8.9483369407e-01 1.2680181330e+00 -4.7452838469e-01
-9.0147744245e-01 -1.1000789650e+00 6.1141635012e-01
9.0147744245e-01 1.1000789650e+00 -6.1141635012e-01
-9.1385434812e-01 -9.0756179634e-01 7.7593565237e-01
9.1385434812e-01 9.0756179634e-01 -7.7593565237e-01
-9.3163767740e-01 -7.1070623929e-01 9.5234526423e-01
9.3163767740e-01 7.1070623929e-01 -9.5234526423e-01
-9.5270284221e-01 -5.3148507436e-01 1.1207317185e+00
9.5270284221e-01 5.3148507436e-01 -1.1207317185e+00
-9.7393928462e-01 -3.8572126322e-01 1.2642325502e+00
9.7393928462e-01 3.8572126322e-01 -1.2642325502e+00
-9.9253422597e-01 -2.7921238702e-01 1.3739993080e+00
9.9253422597e-01 2.7921238702e-01 -1.3739993080e+00
-1.0068101586e+00 -2.0923804816e-01 1.4494005622e+00
1.0068101586e+00 2.0923804816e-01 -1.4494005622e+00
-1.0163037331e+00 -1.6862741458e-01 1.4950891237e+00
1.0163037331e+00 1.6862741458e-01 -1.4950891237e+00
-1.0213904051e+00 -1.4932191441e-01 1.5177239842e+00
1.0213904051e+00 1.4932191441e-01 -1.5177239842e+00
-1.0228456247e+00 -1.4431535451e-01 1.5238111183e+00
1.0228456247e+00 1.4431535451e-01 -1.5238111183e+00
-1.0215331446e+00 -1.4826652405e-01 1.5187454014e+00
1.0215331446e+00 1.4826652405e-01 -1.5187454014e+00
-1.0182404393e+00 -1.5741337955e-01 1.5066124907e+00
1.0182404393e+00 1.5741337955e-01 -1.5066124907e+00
-1.0136165627e+00 -1.6924379688e-01 1.4903372384e+00
1.0136165627e+00 1.6924379688e-01 -1.4903372384e+00
-1.0081653643e+00 -1.8214857902e-01 1.4719337942e+00
1.0081653643e+00 1.8214857902e-01 -1.4719337942e+00
-1.0022471495e+00 -1.9517033704e-01 1.4662082153e+00
1.0022471495e+00 1.9517033704e-01 -1.4662082153e+00
-9.9594485012e-01 -2.0811058447e-01 1.4850335050e+00
9.9594485012e-01 2.0811058447e-01 -1.4850335050e+00
-9.8944347052e-01 -2.2061649571e-01 1.5027845148e+00
9.8944347052e-01 2.2061649571e-01 -1.5027845148e+00
-9.8310962802e-01 -2.3206908230e-01 1.5186309451e+00
9.8310962802e-01 2.3206908230e-01 -1.5186309451e+00
-9.7749947716e-01 -2.4163415326e-01 1.5315207111e+00
9.7749947716e-01 2.4163415326e-01 -1.5315207111e+00
-9.7341287868e-01 -2.4822573747e-01 1.5401659002e+00
9.7341287868e-01 2.4822573747e-01 -1.5401659002e+00
-9.7194323607e-01 -2.5048772939e-01 1.5430601344e+00
9.7194323607e-01 2.5048772939e-01 -1.5430601344e+00
-9.7450315054e-01 -2.4681727885e-01 1.5385525136e+00
9.7450315054e-01 2.4681727885e-01 -1.5385525136e+00
-9.8279226959e-01 -2.3546378992e-01 1.5250089454e+00
9.8279226959e-01 2.3546378992e-01 -1.5250089454e+00
-9.9866102214e-01 -2.1474178127e-01 1.5010866920e+00
9.9866102214e-01 2.1474178127e-01 -1.5010866920e+00
-1.0238248195e+00 -1.8338107720e-01 1.4661196533e+00
1.0238248195e+00 1.8338107720e-01 -1.4661196533e+00
-1.0594180607e+00 -1.4098761907e-01 1.4205500251e+00
1.0594180607e+00 1.4098761907e-01 -1.4205500251e+00
-1.1054614168e+00 -8.8499568883e-02 1.3662572020e+00
1.1054614168e+00 8.8499568883e-02 -1.3662572020e+00
-1.1604297331e+00 -2.8433451000e-02 1.3065794623e+00
1.1604297331e+00 2.8433451000e-02 -1.3065794623e+00
-1.2211716794e+00 3.5291463526e-02 1.2458797598e+00
1.2211716794e+00 -3.5291463526e-02 -1.2458797598e+00
-1.2833439643e+00 9.8013087088e-02 1.1887072101e+00
1.2833439643e+00 -9.8013087088e-02 -1.1887072101e+00
-1.3422754024e+00 1.5527643198e-01 1.1388476814e+00
1.3422754024e+00 -1.5527643198e-01 -1.1388476814e+00
-1.3939289717e+00 2.0369981804e-01 1.0986456679e+00
1.3939289717e+00 -2.0369981804e-01 -1.0986456679e+00
-1.4355850451e+00 2.4143742761e-01 1.0688247887e+00
1.4355850451e+00 -2.4143742761e-01 -1.0688247887e+00
-1.4660550534e+00 2.6815668225e-01 1.0487627806e+00
1.4660550534e+00 -2.6815668225e-01 -1.0487627806e+00
-1.4854841359e+00 2.8467597006e-01 1.0369959965e+00
1.4854841359e+00 -2.8467597006e-01 -1.0369959965e+00
-1.4949402991e+00 2.9248743664e-01 1.0317213991e+00
1.4949402991e+00 -2.9248743664e-01 -1.0317213991e+00
-1.4959816100e+00 2.9333580099e-01 1.0311639850e+00
1.4959816100e+00 -2.9333580099e-01 -1.0311639850e+00
-1.4903124975e+00 2.8892721455e-01 1.0337827928e+00
1.4903124975e+00 -2.8892721455e-01 -1.0337827928e+00
-1.4795606197e+00 2.8076865505e-01 1.0383484161e+00
1.4795606197e+00 -2.8076865505e-01 -1.0383484161e+00
-1.4651590581e+00 2.7010499516e-01 1.0439406491e+00
1.4651590581e+00 -2.7010499516e-01 -1.0439406491e+00
-1.4483026828e+00 2.5791618334e-01 1.0499070537e+00
1.4483026828e+00 -2.5791618334e-01 -1.0499070537e+00
-1.4299490470e+00 2.4494499812e-01 1.0558089824e+00
1.4299490470e+00 -2.4494499812e-01 -1.0558089824e+00
-1.4166202035e+00 2.3173322257e-01 1.0613705277e+00
1.4166202035e+00 -2.3173322257e-01 -1.0613705277e+00
-1.4355935880e+00 2.1844388815e-01 1.0665172995e+00
1.4355935880e+00 -2.1844388815e-01 -1.0665172995e+00
-1.4533489288e+00 2.0555470673e-01 1.0710830685e+00
1.4533489288e+00 -2.0555470673e-01 -1.0710830685e+00
-1.4684972133e+00 1.9414978273e-01 1.0747525700e+00
1.4684972133e+00 -1.9414978273e-01 -1.0747525700e+00
-1.4790532756e+00 1.8590463890e-01 1.0771450048e+00
1.4790532756e+00 -1.8590463890e-01 -1.0771450048e+00
-1.4822730691e+00 1.8330979505e-01 1.0778305281e+00
1.4822730691e+00 -1.8330979505e-01 -1.0778305281e+00
-1.4745278994e+00 1.8990620561e-01 1.0763776469e+00
1.4745278994e+00 -1.8990620561e-01 -1.0763776469e+00
-1.4513244498e+00 2.1043746884e-01 1.0724506131e+00
1.4513244498e+00 -2.1043746884e-01 -1.0724506131e+00
-1.4076652337e+00 2.5071455700e-01 1.0659720344e+00
1.4076652337e+00 -2.5071455700e-01 -1.0659720344e+00
-1.3390093159e+00 3.1686106139e-01 1.0573382051e+00
1.3390093159e+00 -3.1686106139e-01 -1.0573382051e+00
-1.2429973294e+00 4.1359835161e-01 1.0476067855e+00
1.2429973294e+00 -4.1359835161e-01 -1.0476067855e+00
-1.1216362724e+00 5.4162364646e-01 1.0384855543e+00
1.1216362724e+00 -5.4162364646e-01 -1.0384855543e+00
-9.8280774079e-01 6.9510428299e-01 1.0319397655e+00
9.8280774079e-01 -6.9510428299e-01 -1.0319397655e+00
-8.3949946816e-01 8.6125159382e-01 1.0294502069e+00
8.3949946816e-01 -8.6125159382e-01 -1.0294502069e+00
-7.0622189555e-01 1.0233488766e+00 1.0313277418e+00
7.0622189555e-01 -1.0233488766e+00 -1.0313277418e+00
-5.9437468667e-01 1.1660561069e+00 1.0365956348e+00
5.9437468667e-01 -1.1660561069e+00 -1.0365956348e+00
-5.0939860823e-01 1.2797641129e+00 1.0435221226e+00
5.0939860823e-01 -1.2797641129e+00 -1.0435221226e+00
-4.5094876789e-01 1.3617438950e+00 1.0503703337e+00
4.5094876789e-01 -1.3617438950e+00 -1.0503703337e+00
-4.1502144532e-01 1.4145190410e+00 1.0558989266e+00
4.1502144532e-01 -1.4145190410e+00 -1.0558989266e+00
-3.9628682562e-01 1.4433087637e+00 1.0594842327e+00
3.9628682562e-01 -1.4433087637e+00 -1.0594842327e+00
-3.8964998281e-01 1.4539501622e+00 1.0609991265e+00
3.8964998281e-01 -1.4539501622e+00 -1.0609991265e+00
-3.9094987488e-01 1.4517201273e+00 1.0606217572e+00
3.9094987488e-01 -1.4517201273e+00 -1.0606217572e+00
-3.9702707451e-01 1.4448482699e+00 1.0586942871e+00
3.9702707451e-01 -1.4448482699e+00 -1.0586942871e+00
-4.0190010995e-01 1.4534904544e+00 1.0569664639e+00
4.0190010995e-01 -1.4534904544e+00 -1.0569664639e+00
-4.0096111377e-01 1.4518696027e+00 1.0573713479e+00
4.0096111377e-01 -1.4518696027e+00 -1.0573713479e+00
-3.9102985589e-01 1.4348515099e+00 1.0618556527e+00
3.9102985589e-01 -1.4348515099e+00 -1.0618556527e+00
-3.6803717091e-01 1.3960911912e+00 1.0732734909e+00
3.6803717091e-01 -1.3960911912e+00 -1.0732734909e+00
-3.2735630034e-01 1.3287023278e+00 1.0954013825e+00
3.2735630034e-01 -1.3287023278e+00 -1.0954013825e+00
-2.6478862043e-01 1.2269450176e+00 1.1324909274e+00
2.6478862043e-01 -1.2269450176e+00 -1.1324909274e+00
-1.7837664319e-01 1.0890779954e+00 1.1880380331e+00
1.7837664319e-01 -1.0890779954e+00 -1.1880380331e+00
-7.0614646923e-02 9.2053379159e-01 1.2627921827e+00
7.0614646923e-02 -9.2053379159e-01 -1.2627921827e+00
5.0335253505e-02 7.3519847090e-01 1.3529052511e+00
-5.0335253505e-02 -7.3519847090e-01 -1.3529052511e+00
1.7205277951e-01 5.5254858611e-01 1.4498434702e+00
-1.7205277951e-01 -5.5254858611e-01 -1.4498434702e+00
2.8185934264e-01 3.9122687208e-01 1.5428894741e+00
-2.8185934264e-01 -3.9122687208e-01 -1.5428894741e+00
3.7098011336e-01 2.6305193793e-01 1.6228704780e+00
-3.7098011336e-01 -2.6305193793e-01 -1.6228704780e+00
4.3628221803e-01 1.7110374291e-01 1.6846661187e+00
-4.3628221803e-01 -1.7110374291e-01 -1.6846661187e+00
4.7928891026e-01 1.1180594822e-01 1.7273997793e+00
-4.7928891026e-01 -1.1180594822e-01 -1.7273997793e+00
5.0401171980e-01 7.8413680711e-02 1.7530920808e+00
-5.0401171980e-01 -7.8413680711e-02 -1.7530920808e+00
5.1506855704e-01 6.3774149618e-02 1.7650594985e+00
-5.1506855704e-01 -6.3774149618e-02 -1.7650594985e+00
5.1661095676e-01 6.1759463095e-02 1.7667734356e+00
-5.1661095676e-01 -6.1759463095e-02 -1.7667734356e+00
5.1193069164e-01 6.7691331944e-02 1.7612787447e+00
-5.1193069164e-01 -6.7691331944e-02 -1.7612787447e+00
5.0344902759e-01 7.8245231784e-02 1.7510038711e+00
-5.0344902759e-01 -7.8245231784e-02 -1.7510038711e+00
4.9286051530e-01 9.1173281925e-02 1.7377760328e+00
-4.9286051530e-01 -9.1173281925e-02 -1.7377760328e+00
4.8130786045e-01 1.0501493219e-01 1.7229169276e+00
-4.8130786045e-01 -1.0501493219e-01 -1.7229169276e+00
4.6953666963e-01 1.1885746100e-01 1.7073541720e+00
-4.6953666963e-01 -1.1885746100e-01 -1.7073541720e+00
4.5801617855e-01 1.3215715229e-01 1.6917212446e+00
-4.5801617855e-01 -1.3215715229e-01 -1.6917212446e+00
4.4702759520e-01 1.4461294997e-01 1.6764379201e+00
-4.4702759520e-01 -1.4461294997e-01 -1.6764379201e+00
4.3672645779e-01 1.5608002443e-01 1.6617714964e+00
-4.3672645779e-01 -1.5608002443e-01 -1.6617714964e+00
4.2718571750e-01 1.6651182798e-01 1.6478819645e+00
-4.2718571750e-01 -1.6651182798e-01 -1.6478819645e+00
4.1842510494e-01 1.7592178986e-01 1.6348547285e+00
-4.1842510494e-01 -1.7592178986e-01 -1.6348547285e+00
4.0991106313e-01 1.8490461160e-01 1.6437438261e+00
-4.0991106313e-01 -1.8490461160e-01 -1.6437438261e+00
4.0056929584e-01 1.9458932381e-01 1.6570100256e+00
-4.0056929584e-01 -1.9458932381e-01 -1.6570100256e+00
3.9033971946e-01 2.0501151418e-01 1.6708693728e+00
-3.9033971946e-01 -2.0501151418e-01 -1.6708693728e+00
3.7921410910e-01 2.1615224995e-01 1.6852333269e+00
-3.7921410910e-01 -2.1615224995e-01 -1.6852333269e+00
3.6721761102e-01 2.2796014204e-01 1.6999737671e+00
-3.6721761102e-01 -2.2796014204e-01 -1.6999737671e+00
3.5442393918e-01 2.4033882060e-01 1.7149132007e+00
-3.5442393918e-01 -2.4033882060e-01 -1.7149132007e+00
3.4097567328e-01 2.5313069325e-01 1.7298134617e+00
-3.4097567328e-01 -2.5313069325e-01 -1.7298134617e+00
3.2711086443e-01 2.6609629302e-01 1.7443632232e+00
-3.2711086443e-01 -2.6609629302e-01 -1.7443632232e+00
3.1319702586e-01 2.7888875363e-01 1.7581651792e+00
-3.1319702586e-01 -2.7888875363e-01 -1.7581651792e+00
2.9977297124e-01 2.9102359695e-01 1.7707246682e+00
-2.9977297124e-01 -2.9102359695e-01 -1.7707246682e+00
2.8759741253e-01 3.0184541848e-01 1.7814429512e+00
-2.8759741253e-01 -3.0184541848e-01 -1.7814429512e+00
2.7770004969e-01 3.1049569128e-01 1.7896204619e+00
-2.7770004969e-01 -3.1049569128e-01 -1.7896204619e+00
2.7142518308e-01 3.1589033751e-01 1.7944780329e+00
-2.7142518308e-01 -3.1589033751e-01 -1.7944780329e+00
2.7044889882e-01 3.1672226394e-01 1.7952067697e+00
-2.7044889882e-01 -3.1672226394e-01 -1.7952067697e+00
2.7673898687e-01 3.1151202571e-01 1.7910582217e+00
-2.7673898687e-01 -3.1151202571e-01 -1.7910582217e+00
2.9241547996e-01 2.9873598265e-01 1.7814824849e+00
-2.9241547996e-01 -2.9873598265e-01 -1.7814824849e+00
3.1946851683e-01 2.7705833268e-01 1.7663081948e+00
-3.1946851683e-01 -2.7705833268e-01 -1.7663081948e+00
3.5931553149e-01 2.4566971994e-01 1.7459317158e+00
-3.5931553149e-01 -2.4566971994e-01 -1.7459317158e+00
4.1224775864e-01 2.0468151823e-01 1.7214479123e+00
-4.1224775864e-01 -2.0468151823e-01 -1.7214479123e+00
4.7692121165e-01 1.5545059156e-01 1.6946322972e+00
-4.7692121165e-01 -1.5545059156e-01 -1.6946322972e+00
5.5013534570e-01 1.0065868013e-01 1.6677076087e+00
-5.5013534570e-01 -1.0065868013e-01 -1.6677076087e+00
6.2711761589e-01 4.4010809914e-02 1.6429156733e+00
-6.2711761589e-01 -4.4010809914e-02 -1.6429156733e+00
7.0233741544e-01 -1.0424866796e-02 1.6220318480e+00
-7.0233741544e-01 1.0424866796e-02 -1.6220318480e+00
7.7059424708e-01 -5.9017185292e-02 1.6060168535e+00
-7.7059424708e-01 5.9017185292e-02 -1.6060168535e+00
8.2796610706e-01 -9.9207729467e-02 1.5949380481e+00
-8.2796610706e-01 9.9207729467e-02 -1.5949380481e+00
8.7229594459e-01 -1.2977648245e-01 1.5881496861e+00
-8.7229594459e-01 1.2977648245e-01 -1.5881496861e+00
9.0315371676e-01 -1.5073095787e-01 1.5846078734e+00
-9.0315371676e-01 1.5073095787e-01 -1.5846078734e+00
9.2143774007e-01 -1.6296380141e-01 1.5831779740e+00
-9.2143774007e-01 1.6296380141e-01 -1.5831779740e+00
9.2885112519e-01 -1.6785510628e-01 1.5828485378e+00
-9.2885112519e-01 1.6785510628e-01 -1.5828485378e+00
9.2743193243e-01 -1.6693972956e-01 1.5828349672e+00
-9.2743193243e-01 1.6693972956e-01 -1.5828349672e+00
9.1921769792e-01 -1.6168489016e-01 1.5825982892e+00
-9.1921769792e-01 1.6168489016e-01 -1.5825982892e+00
9.0604957714e-01 -1.5337147579e-01 1.5818154193e+00
-9.0604957714e-01 1.5337147579e-01 -1.5818154193e+00
9.0462890751e-01 -1.4328409650e-01 1.5803680372e+00
-9.0462890751e-01 1.4328409650e-01 -1.5803680372e+00
9.1960546624e-01 -1.3375362579e-01 1.5785320448e+00
-9.1960546624e-01 1.3375362579e-01 -1.5785320448e+00
9.3243755752e-01 -1.2539724973e-01 1.5765106783e+00
-9.3243755752e-01 1.2539724973e-01 -1.5765106783e+00
9.4286094184e-01 -1.1844886941e-01 1.5744910012e+00
-9.4286094184e-01 1.1844886941e-01 -1.5744910012e+00
9.5069628873e-01 -1.1310051127e-01 1.5726782685e+00
-9.5069628873e-01 1.1310051127e-01 -1.5726782685e+00
9.5587966559e-01 -1.0947669736e-01 1.5712775385e+00
-9.5587966559e-01 1.0947669736e-01 -1.5712775385e+00
9.5848817759e-01 -1.0760917271e-01 1.5704694602e+00
-9.5848817759e-01 1.0760917271e-01 -1.5704694602e+00
9.5875511938e-01 -1.0741624466e-01 1.5703824957e+00
-9.5875511938e-01 1.0741624466e-01 -1.5703824957e+00
9.5706922601e-01 -1.0869159174e-01 1.5710655643e+00
-9.5706922601e-01 1.0869159174e-01 -1.5710655643e+00
9.5395444513e-01 -1.1110686718e-01 1.5724663663e+00
-9.5395444513e-01 1.1110686718e-01 -1.5724663663e+00
9.5003009639e-01 -1.1423047127e-01 1.5744207871e+00
-9.5003009639e-01 1.1423047127e-01 -1.5744207871e+00
9.4595564525e-01 -1.1756171181e-01 1.5766573546e+00
-9.4595564525e-01 1.1756171181e-01 -1.5766573546e+00
9.4236829200e-01 -1.2057601154e-01 1.5788178082e+00
-9.4236829200e-01 1.2057601154e-01 -1.5788178082e+00
9.3982372267e-01 -1.2277402196e-01 1.5804912039e+00
-9.3982372267e-01 1.2277402196e-01 -1.5804912039e+00
9.3874978855e-01 -1.2372649123e-01 1.5812557997e+00
-9.3874978855e-01 1.2372649123e-01 -1.5812557997e+00
9.3941971686e-01 -1.2310789512e-01 1.5807213498e+00
-9.3941971686e-01 1.2310789512e-01 -1.5807213498e+00
9.4194684313e-01 -1.2071471263e-01 1.5785648572e+00
-9.4194684313e-01 1.2071471263e-01 -1.5785648572e+00
9.4629837030e-01 -1.1646775582e-01 1.5745549641e+00
-9.4629837030e-01 1.1646775582e-01 -1.5745549641e+00
9.5232258758e-01 -1.1040100996e-01 1.5685631091e+00
-9.5232258758e-01 1.1040100996e-01 -1.5685631091e+00
9.5978286077e-01 -1.0264126979e-01 1.5605623386e+00
-9.5978286077e-01 1.0264126979e-01 -1.5605623386e+00
9.6839230596e-01 -9.3383307345e-02 1.5506165468e+00
-9.6839230596e-01 9.3383307345e-02 -1.5506165468e+00
9.7784470226e-01 -8.2864683861e-02 1.5388637088e+00
-9.7784470226e-01 8.2864683861e-02 -1.5388637088e+00
9.8783914474e-01 -7.1343124686e-02 1.5254965404e+00
-9.8783914474e-01 7.1343124686e-02 -1.5254965404e+00
9.9809764550e-01 -5.9078082053e-02 1.5107433160e+00
-9.9809764550e-01 5.9078082053e-02 -1.5107433160e+00
1.0083760973e+00 -4.6317020083e-02 1.4948506745e+00
-1.0083760973e+00 4.6317020083e-02 -1.4948506745e+00
1.0184696896e+00 -3.3286198139e-02 1.4780693811e+00
-1.0184696896e+00 3.3286198139e-02 -1.4780693811e+00
1.0282141138e+00 -2.0185300517e-02 1.4606433508e+00
-1.0282141138e+00 2.0185300517e-02 -1.4606433508e+00
1.0374838537e+00 -7.1850927610e-03 1.4428017860e+00
-1.0374838537e+00 7.1850927610e-03 -1.4428017860e+00
1.0461886689e+00 5.5727100563e-03 1.4247540329e+00
-1.0461886689e+00 -5.5727100563e-03 -1.4247540329e+00
1.0542716120e+00 1.7977977586e-02 1.4084914759e+00
-1.0542716120e+00 -1.7977977586e-02 -1.4084914759e+00
1.0621146229e+00 3.0616302957e-02 1.4268495780e+00
-1.0621146229e+00 -3.0616302957e-02 -1.4268495780e+00
1.0698161552e+00 4.3672664967e-02 1.4452836193e+00
-1.0698161552e+00 -4.3672664967e-02 -1.4452836193e+00
1.0769084594e+00 5.6355756280e-02 1.4626750650e+00
-1.0769084594e+00 -5.6355756280e-02 -1.4626750650e+00
1.0826682043e+00 6.7250183290e-02 1.4771733965e+00
-1.0826682043e+00 -6.7250183290e-02 -1.4771733965e+00
1.0860080998e+00 7.3940232778e-02 1.4858153950e+00
-1.0860080998e+00 -7.3940232778e-02 -1.4858153950e+00
1.0853479195e+00 7.2460918834e-02 1.4840082857e+00
-1.0853479195e+00 -7.2460918834e-02 -1.4840082857e+00
1.0785015853e+00 5.6584743238e-02 1.4649306380e+00
-1.0785015853e+00 -5.6584743238e-02 -1.4649306380e+00
1.0626853209e+00 1.7129116640e-02 1.4191067326e+00
-1.0626853209e+00 -1.7129116640e-02 -1.4191067326e+00
1.0348692706e+00 -5.8095341110e-02 1.3348399601e+00
-1.0348692706e+00 5.8095341110e-02 -1.3348399601e+00
9.9279463566e-01 -1.8235827539e-01 1.2007748013e+00
-9.9279463566e-01 1.8235827539e-01 -1.2007748013e+00
9.3677863293e-01 -3.6444627729e-01 1.0117946395e+00
-9.3677863293e-01 3.6444627729e-01 -1.0117946395e+00
8.7150682366e-01 -5.9991379321e-01 7.7691039903e-01
-8.7150682366e-01 5.9991379321e-01 -7.7691039903e-01
8.0579546999e-01 -8.6526028032e-01 5.2261496577e-01
-8.0579546999e-01 8.6526028032e-01 -5.2261496577e-01
7.4908145726e-01 -1.1238786768e+00 2.8448297341e-01
-7.4908145726e-01 1.1238786768e+00 -2.8448297341e-01
7.0698330277e-01 -1.3426353462e+00 9.0839971388e-02
-7.0698330277e-01 1.3426353462e+00 -9.0839971388e-02
6.7980921276e-01 -1.5050832479e+00 -4.7541238797e-02
-6.7980921276e-01 1.5050832479e+00 4.7541238797e-02
6.6442989259e-01 -1.6119595133e+00 -1.3527223651e-01
-6.6442989259e-01 1.6119595133e+00 1.3527223651e-01
6.5688788524e-01 -1.6736164603e+00 -1.8412127181e-01
-6.5688788524e-01 1.6736164603e+00 1.8412127181e-01
6.5390817553e-01 -1.7026554212e+00 -2.0636944666e-01
-6.5390817553e-01 1.7026554212e+00 2.0636944666e-01
6.5327362260e-01 -1.7100303004e+00 -2.1185777434e-01
-6.5327362260e-01 1.7100303004e+00 2.1185777434e-01
6.5365730443e-01 -1.7039366693e+00 -2.0750930912e-01
-6.5365730443e-01 1.7039366693e+00 2.0750930912e-01
6.5433636998e-01 -1.6900274469e+00 -1.9784427514e-01
-6.5433636998e-01 1.6900274469e+00 1.9784427514e-01
6.5495126776e-01 -1.6813626299e+00 -1.8573917358e-01
-6.5495126776e-01 1.6813626299e+00 1.8573917358e-01
6.5531342337e-01 -1.6979894366e+00 -1.7424791633e-01
-6.5531342337e-01 1.6979894366e+00 1.7424791633e-01
6.5542146794e-01 -1.7100296096e+00 -1.6559048398e-01
-6.5542146794e-01 1.7100296096e+00 1.6559048398e-01
6.5540793989e-01 -1.7144459328e+00 -1.6229907616e-01
-6.5540793989e-01 1.7144459328e+00 1.6229907616e-01
6.5558195727e-01 -1.7070761851e+00 -1.6812171951e-01
-6.5558195727e-01 1.7070761851e+00 1.6812171951e-01
6.5653143262e-01 -1.6825495063e+00 -1.8830683896e-01
-6.5653143262e-01 1.6825495063e+00 1.8830683896e-01
6.5923134170e-01 -1.6345842476e+00 -2.2961925775e-01
-6.5923134170e-01 1.6345842476e+00 2.2961925775e-01
6.6508911534e-01 -1.5570566914e+00 -2.9964977640e-01
-6.6508911534e-01 1.5570566914e+00 2.9964977640e-01
6.7579004400e-01 -1.4461947022e+00 -4.0485795686e-01
-6.7579004400e-01 1.4461947022e+00 4.0485795686e-01
6.9278696588e-01 -1.3036650078e+00 -5.4717950873e-01
-6.9278696588e-01 1.3036650078e+00 5.4717950873e-01
7.1645891103e-01 -1.1390158869e+00 -7.2038819586e-01
-7.1645891103e-01 1.1390158869e+00 7.2038819586e-01
7.4538477783e-01 -9.6893231529e-01 -9.0906281595e-01
-7.4538477783e-01 9.6893231529e-01 9.0906281595e-01
7.7642899703e-01 -8.1219831626e-01 -1.0924947591e+00
-7.7642899703e-01 8.1219831626e-01 1.0924947591e+00
8.0583091941e-01 -6.8304910118e-01 -1.2519727006e+00
-8.0583091941e-01 6.8304910118e-01 1.2519727006e+00
8.3057602347e-01 -5.8739510764e-01 -1.3765603807e+00
-8.3057602347e-01 5.8739510764e-01 1.3765603807e+00
8.4914359544e-01 -5.2359447921e-01 -1.4641557708e+00
-8.4914359544e-01 5.2359447921e-01 1.4641557708e+00
8.6141968885e-01 -4.8576196728e-01 -1.5188573777e+00
-8.6141968885e-01 4.8576196728e-01 1.5188573777e+00
8.6817393738e-01 -4.6693624329e-01 -1.5474844541e+00
-8.6817393738e-01 4.6693624329e-01 1.5474844541e+00
8.7053213187e-01 -4.6092439302e-01 -1.5570650164e+00
-8.7053213187e-01 4.6092439302e-01 1.5570650164e+00
8.6963090248e-01 -4.6295082765e-01 -1.5536038633e+00
-8.6963090248e-01 4.6295082765e-01 1.5536038633e+00
8.6645294105e-01 -4.6963641357e-01 -1.5417388231e+00
-8.6645294105e-01 4.6963641357e-01 1.5417388231e+00
8.6270370268e-01 -4.7695470304e-01 -1.5504752270e+00
-8.6270370268e-01 4.7695470304e-01 1.5504752270e+00
8.6098038350e-01 -4.8009422285e-01 -1.5561086342e+00
-8.6098038350e-01 4.8009422285e-01 1.5561086342e+00
8.6331865613e-01 -4.7623852486e-01 -1.5493271858e+00
-8.6331865613e-01 4.7623852486e-01 1.5493271858e+00
8.7280674684e-01 -4.6155160581e-01 -1.5238547243e+00
-8.7280674684e-01 4.6155160581e-01 1.5238547243e+00
8.9382113868e-01 -4.3114820743e-01 -1.4719723765e+00
-8.9382113868e-01 4.3114820743e-01 1.4719723765e+00
9.3186261105e-01 -3.7963673444e-01 -1.3855755502e+00
-9.3186261105e-01 3.7963673444e-01 1.3855755502e+00
9.9252052128e-01 -3.0261174668e-01 -1.2587182693e+00
-9.9252052128e-01 3.0261174668e-01 1.2587182693e+00
1.0791592447e+00 -1.9921078343e-01 -1.0916388250e+00
-1.0791592447e+00 1.9921078343e-01 1.0916388250e+00
1.1898168527e+00 -7.4775712979e-02 -8.9452179544e-01
-1.1898168527e+00 7.4775712979e-02 8.9452179544e-01
1.3153943172e+00 5.8644394512e-02 -6.8745229941e-01
-1.3153943172e+00 -5.8644394512e-02 6.8745229941e-01
1.4415616202e+00 1.8567698561e-01 -4.9437452278e-01
-1.4415616202e+00 -1.8567698561e-01 4.9437452278e-01
1.5540345835e+00 2.9334088543e-01 -3.3415911607e-01
-1.5540345835e+00 -2.9334088543e-01 3.3415911607e-01
1.6435310913e+00 3.7505904367e-01 -2.1510389627e-01
-1.6435310913e+00 -3.7505904367e-01 2.1510389627e-01
1.7072885681e+00 4.3077360281e-01 -1.3562575628e-01
-1.7072885681e+00 -4.3077360281e-01 1.3562575628e-01
1.7474584868e+00 4.6447657748e-01 -8.8537032269e-02
-1.7474584868e+00 -4.6447657748e-01 8.8537032269e-02
1.7685533857e+00 4.8152502798e-01 -6.5196337971e-02
-1.7685533857e+00 -4.8152502798e-01 6.5196337971e-02
1.7754933705e+00 4.8695227371e-01 -5.7904736625e-02
-1.7754933705e+00 -4.8695227371e-01 5.7904736625e-02
1.7725980297e+00 4.8478846928e-01 -6.0732517997e-02
-1.7725980297e+00 -4.8478846928e-01 6.0732517997e-02
1.7632639518e+00 4.7798277073e-01 -6.9486042324e-02
-1.7632639518e+00 -4.7798277073e-01 6.9486042324e-02
1.7499938861e+00 4.6857436837e-01 -8.1360866511e-02
-1.7499938861e+00 -4.6857436837e-01 8.1360866511e-02
1.7345552756e+00 4.5791779207e-01 -9.4559001402e-02
-1.7345552756e+00 -4.5791779207e-01 9.4559001402e-02
1.7181575109e+00 4.4688290096e-01 -1.0797174249e-01
-1.7181575109e+00 -4.4688290096e-01 1.0797174249e-01
1.7016051397e+00 4.3600870812e-01 -1.2094613824e-01
-1.7016051397e+00 -4.3600870812e-01 1.2094613824e-01
1.6854169169e+00 4.2561370404e-01 -1.3312316317e-01
-1.6854169169e+00 -4.2561370404e-01 1.3312316317e-01
1.6699134430e+00 4.1587202544e-01 -1.4432935425e-01
-1.6699134430e+00 -4.1587202544e-01 1.4432935425e-01
1.6567012636e+00 4.0685987242e-01 -1.5451136989e-01
-1.6567012636e+00 -4.0685987242e-01 1.5451136989e-01
1.6713220692e+00 3.9769993922e-01 -1.6467456739e-01
-1.6713220692e+00 -3.9769993922e-01 1.6467456739e-01
1.6865831110e+00 3.8767389466e-01 -1.7560371955e-01
-1.6865831110e+00 -3.8767389466e-01 1.7560371955e-01
1.7023455914e+00 3.7680298454e-01 -1.8724769471e-01
-1.7023455914e+00 -3.7680298454e-01 1.8724769471e-01
1.7184047305e+00 3.6516210777e-01 -1.9950099675e-01
-1.7184047305e+00 -3.6516210777e-01 1.9950099675e-01
1.7344705370e+00 3.5290537730e-01 -2.1218107177e-01
-1.7344705370e+00 -3.5290537730e-01 2.1218107177e-01
1.7501447267e+00 3.4030109114e-01 -2.2499810907e-01
-1.7501447267e+00 -3.4030109114e-01 2.2499810907e-01
1.7648943033e+00 3.2777847183e-01 -2.3751584292e-01
-1.7648943033e+00 -3.2777847183e-01 2.3751584292e-01
1.7780237426e+00 3.1598803558e-01 -2.4910258111e-01
-1.7780237426e+00 -3.1598803558e-01 2.4910258111e-01
1.7886503686e+00 3.0587549502e-01 -2.5887373242e-01
-1.7886503686e+00 -3.0587549502e-01 2.5887373242e-01
1.7956919781e+00 2.9876426473e-01 -2.6563161499e-01
-1.7956919781e+00 -2.9876426473e-01 2.6563161499e-01
1.7978824649e+00 2.9643181046e-01 -2.6781687066e-01
-1.7978824649e+00 -2.9643181046e-01 2.6781687066e-01
1.7938395506e+00 3.0114795894e-01 -2.6349982218e-01
-1.7938395506e+00 -3.0114795894e-01 2.6349982218e-01
1.7822153849e+00 3.1561855367e-01 -2.5045892857e-01
-1.7822153849e+00 -3.1561855367e-01 2.5045892857e-01
1.7619571261e+00 3.4275251739e-01 -2.2641001083e-01
-1.7619571261e+00 -3.4275251739e-01 2.2641001083e-01
1.7326757605e+00 3.8516717213e-01 -1.8944455433e-01
-1.7326757605e+00 -3.8516717213e-01 1.8944455433e-01
1.6950534625e+00 4.4440757021e-01 -1.3867550861e-01
-1.6950534625e+00 -4.4440757021e-01 1.3867550861e-01
1.6511233562e+00 5.2001900531e-01 -7.4950885796e-02
-1.6511233562e+00 -5.2001900531e-01 7.4950885796e-02
1.6041963009e+00 6.0884332586e-01 -1.3201610812e-03
-1.6041963009e+00 -6.0884332586e-01 1.3201610812e-03
1.5582940170e+00 7.0503277155e-01 7.7124222711e-02
-1.5582940170e+00 -7.0503277155e-01 -7.7124222711e-02
1.5172105152e+00 8.0105572612e-01 1.5418756852e-01
-1.5172105152e+00 -8.0105572612e-01 -1.5418756852e-01
1.4835999457e+00 8.8941391821e-01 2.2399769048e-01
-1.4835999457e+00 -8.8941391821e-01 -2.2399769048e-01
1.4585131247e+00 9.6431483554e-01 2.8228088055e-01
-1.4585131247e+00 -9.6431483554e-01 -2.8228088055e-01
1.4415223669e+00 1.0225920401e+00 3.2696424889e-01
-1.4415223669e+00 -1.0225920401e+00 -3.2696424889e-01
1.4312389658e+00 1.0636787223e+00 3.5802150462e-01
-1.4312389658e+00 -1.0636787223e+00 -3.5802150462e-01
1.4259037331e+00 1.0889380614e+00 3.7685565035e-01
-1.4259037331e+00 -1.0889380614e+00 -3.7685565035e-01
1.4238286900e+00 1.1008070917e+00 3.8559208189e-01
-1.4238286900e+00 -1.1008070917e+00 -3.8559208189e-01
1.4236289945e+00 1.1020754934e+00 3.8651991825e-01
-1.4236289945e+00 -1.1020754934e+00 -3.8651991825e-01
1.4242878318e+00 1.0954158698e+00 3.8175078040e-01
-1.4242878318e+00 -1.0954158698e+00 -3.8175078040e-01
1.4251253678e+00 1.0831452547e+00 3.7306235732e-01
-1.4251253678e+00 -1.0831452547e+00 -3.7306235732e-01
1.4257293103e+00 1.0671470680e+00 3.6186278966e-01
-1.4257293103e+00 -1.0671470680e+00 -3.6186278966e-01
1.4258810192e+00 1.0488842450e+00 3.4921914563e-01
-1.4258810192e+00 -1.0488842450e+00 -3.4921914563e-01
1.4255025539e+00 1.0656680023e+00 3.3619045937e-01
-1.4255025539e+00 -1.0656680023e+00 -3.3619045937e-01
1.4246239735e+00 1.0832270734e+00 3.2355814794e-01
-1.4246239735e+00 -1.0832270734e+00 -3.2355814794e-01
1.4233197298e+00 1.0992985519e+00 3.1162308447e-01
-1.4233197298e+00 -1.0992985519e+00 -3.1162308447e-01
1.4217019815e+00 1.1135258440e+00 3.0071214668e-01
-1.4217019815e+00 -1.1135258440e+00 -3.0071214668e-01
1.4199212327e+00 1.1255734604e+00 2.9116641311e-01
-1.4199212327e+00 -1.1255734604e+00 -2.9116641311e-01
1.4181624904e+00 1.1351547957e+00 2.8331934955e-01
-1.4181624904e+00 -1.1351547957e+00 -2.8331934955e-01
1.4166354462e+00 1.1420641585e+00 2.7746763878e-01
-1.4166354462e+00 -1.1420641585e+00 -2.7746763878e-01
1.4155576318e+00 1.1462099597e+00 2.7383598095e-01
-1.4155576318e+00 -1.1462099597e+00 -2.7383598095e-01
1.4151305691e+00 1.1476442034e+00 2.7253919146e-01
-1.4151305691e+00 -1.1476442034e+00 -2.7253919146e-01
1.4155106251e+00 1.1465820682e+00 2.7354710873e-01
-1.4155106251e+00 -1.1465820682e+00 -2.7354710873e-01
1.4167783368e+00 1.1434051504e+00 2.7665950627e-01
-1.4167783368e+00 -1.1434051504e+00 -2.7665950627e-01
1.4189118052e+00 1.1386435413e+00 2.8149847551e-01
-1.4189118052e+00 -1.1386435413e+00 -2.8149847551e-01
1.4217705346e+00 1.1329355572e+00 2.8752384261e-01
-1.4217705346e+00 -1.1329355572e+00 -2.8752384261e-01
1.4250950967e+00 1.1269690008e+00 2.9407298325e-01
-1.4250950967e+00 -1.1269690008e+00 -2.9407298325e-01
1.4285250469e+00 1.1214128277e+00 3.0042079445e-01
-1.4285250469e+00 -1.1214128277e+00 -3.0042079445e-01
1.4316333013e+00 1.1168511421e+00 3.0585035395e-01
-1.4316333013e+00 -1.1168511421e+00 -3.0585035395e-01
1.4339710891e+00 1.1137312151e+00 3.0972190028e-01
-1.4339710891e+00 -1.1137312151e+00 -3.0972190028e-01
1.4351151203e+00 1.1123336629e+00 3.1152835056e-01
-1.4351151203e+00 -1.1123336629e+00 -3.1152835056e-01
1.4347086016e+00 1.1127673577e+00 3.1092935956e-01
-1.4347086016e+00 -1.1127673577e+00 -3.1092935956e-01
1.4324899854e+00 1.1149861103e+00 3.0776138090e-01
-1.4324899854e+00 -1.1149861103e+00 -3.0776138090e-01
1.4283068134e+00 1.1188203822e+00 3.0202635965e-01
-1.4283068134e+00 -1.1188203822e+00 -3.0202635965e-01
1.4221154041e+00 1.1240159857e+00 2.9386510204e-01
-1.4221154041e+00 -1.1240159857e+00 -2.9386510204e-01
1.4139695115e+00 1.1302726137e+00 2.8352253618e-01
-1.4139695115e+00 -1.1302726137e+00 -2.8352253618e-01
1.4040020988e+00 1.1372771841e+00 2.7131137537e-01
-1.4040020988e+00 -1.1372771841e+00 -2.7131137537e-01
1.3924042315e+00 1.1447294178e+00 2.5757893035e-01
-1.3924042315e+00 -1.1447294178e+00 -2.5757893035e-01
1.3794042479e+00 1.1523591142e+00 2.4267979204e-01
-1.3794042479e+00 -1.1523591142e+00 -2.4267979204e-01
1.3652492703e+00 1.1599359436e+00 2.2695536353e-01
-1.3652492703e+00 -1.1599359436e+00 -2.2695536353e-01
1.3501901057e+00 1.1672732620e+00 2.1071999757e-01
-1.3501901057e+00 -1.1672732620e+00 -2.1071999757e-01
1.3344698075e+00 1.1742276193e+00 1.9425280215e-01
-1.3344698075e+00 -1.1742276193e+00 -1.9425280215e-01
1.3183156693e+00 1.1806954851e+00 1.7779390273e-01
-1.3183156693e+00 -1.1806954851e+00 -1.7779390273e-01
1.3019341559e+00 1.1866084261e+00 1.6154395138e-01
-1.3019341559e+00 -1.1866084261e+00 -1.6154395138e-01
1.2855081823e+00 1.1919276430e+00 1.4566582447e-01
-1.2855081823e+00 -1.1919276430e+00 -1.4566582447e-01
1.2691961666e+00 1.1966384800e+00 1.3028766092e-01
-1.2691961666e+00 -1.1966384800e+00 -1.3028766092e-01
1.2531323492e+00 1.2007452866e+00 1.1550660544e-01
-1.2531323492e+00 -1.2007452866e+00 -1.1550660544e-01
1.2374279660e+00 1.2042668352e+00 1.0139280881e-01
-1.2374279660e+00 -1.2042668352e+00 -1.0139280881e-01
1.2297330327e+00 1.2072400424e+00 8.7956650180e-02
-1.2297330327e+00 -1.2072400424e+00 -8.7956650180e-02
1.2453443114e+00 1.2099183773e+00 7.4074729665e-02
-1.2453443114e+00 -1.2099183773e+00 -7.4074729665e-02
1.2615808719e+00 1.2123663930e+00 5.9236440572e-02
-1.2615808719e+00 -1.2123663930e+00 -5.9236440572e-02
1.2782912133e+00 1.2145198012e+00 4.3531085717e-02
-1.2782912133e+00 -1.2145198012e+00 -4.3531085717e-02
1.2952599069e+00 1.2163141157e+00 2.7117585956e-02
-1.2952599069e+00 -1.2163141157e+00 -2.7117585956e-02
1.3121915367e+00 1.2176903092e+00 1.0248736517e-02
-1.3121915367e+00 -1.2176903092e+00 -1.0248736517e-02
1.3286925113e+00 1.2186035210e+00 -6.6985928518e-03
-1.3286925113e+00 -1.2186035210e+00 6.6985928518e-03
1.3442517896e+00 1.2190358343e+00 -2.3187244582e-02
-1.3442517896e+00 -1.2190358343e+00 2.3187244582e-02
1.3582228336e+00 1.2190141715e+00 -3.8478831863e-02
-1.3582228336e+00 -1.2190141715e+00 3.8478831863e-02
1.3698111422e+00 1.2186340481e+00 -5.1591946212e-02
-1.3698111422e+00 -1.2186340481e+00 5.1591946212e-02
1.3780746856e+00 1.2180889284e+00 -6.1267820827e-02
-1.3780746856e+00 -1.2180889284e+00 6.1267820827e-02
1.3819483276e+00 1.2177027120e+00 -6.5958489687e-02
-1.3819483276e+00 -1.2177027120e+00 6.5958489687e-02
1.3803069511e+00 1.2179588846e+00 -6.3861194010e-02
-1.3803069511e+00 -1.2179588846e+00 6.3861194010e-02
1.3720831048e+00 1.2195138930e+00 -5.3031071306e-02
-1.3720831048e+00 -1.2195138930e+00 5.3031071306e-02
1.3564490765e+00 1.2231755056e+00 -3.1605765508e-02
-1.3564490765e+00 -1.2231755056e+00 3.1605765508e-02
1.3330546561e+00 1.2298232343e+00 1.8404023527e-03
-1.3330546561e+00 -1.2298232343e+00 -1.8404023527e-03
1.3022775704e+00 1.2402546729e+00 4.7840561451e-02
-1.3022775704e+00 -1.2402546729e+00 -4.7840561451e-02
1.2654018527e+00 1.2549667461e+00 1.0558097460e-01
-1.2654018527e+00 -1.2549667461e+00 -1.0558097460e-01
1.2246166145e+00 1.2739237021e+00 1.7262724286e-01
-1.2246166145e+00 -1.2739237021e+00 -1.7262724286e-01
1.1827601036e+00 1.2964039739e+00 2.4502236166e-01
-1.1827601036e+00 -1.2964039739e+00 -2.4502236166e-01
1.1428343876e+00 1.3210189538e+00 3.1783928196e-01
-1.1428343876e+00 -1.3210189538e+00 -3.1783928196e-01
1.1074386332e+00 1.3459349899e+00 3.8606342022e-01
-1.1074386332e+00 -1.3459349899e+00 -3.8606342022e-01
1.0783257744e+00 1.3692318577e+00 4.4550218896e-01
-1.0783257744e+00 -1.3692318577e+00 -4.4550218896e-01
1.0562269183e+00 1.3892640015e+00 4.9340526098e-01
-1.0562269183e+00 -1.3892640015e+00 -4.9340526098e-01
1.0409531040e+00 1.4049026617e+00 5.2864051740e-01
-1.0409531040e+00 -1.4049026617e+00 -5.2864051740e-01
1.0316715838e+00 1.4156101797e+00 5.5148027782e-01
-1.0316715838e+00 -1.4156101797e+00 -5.5148027782e-01
1.0272230176e+00 1.4213741179e+00 5.6317658188e-01
-1.0272230176e+00 -1.4213741179e+00 -5.6317658188e-01
1.0263837338e+00 1.4225661930e+00 5.6550733033e-01
-1.0263837338e+00 -1.4225661930e+00 -5.6550733033e-01
1.0280355436e+00 1.4197873621e+00 5.6040702034e-01
-1.0280355436e+00 -1.4197873621e+00 -5.6040702034e-01
1.0312488081e+00 1.4137367704e+00 5.4972056564e-01
-1.0312488081e+00 -1.4137367704e+00 -5.4972056564e-01
1.0353033924e+00 1.4051184409e+00 5.3506974305e-01
-1.0353033924e+00 -1.4051184409e+00 -5.3506974305e-01
1.0396736218e+00 1.3945842820e+00 5.1780204382e-01
-1.0396736218e+00 -1.3945842820e+00 -5.1780204382e-01
1.0439593987e+00 1.3828126321e+00 5.2344991584e-01
-1.0439593987e+00 -1.3828126321e+00 -5.2344991584e-01
1.0478942898e+00 1.3704095592e+00 5.4200722174e-01
-1.0478942898e+00 -1.3704095592e+00 -5.4200722174e-01
1.0514607103e+00 1.3573993319e+00 5.6049188841e-01
-1.0514607103e+00 -1.3573993319e+00 -5.6049188841e-01
1.0546517686e+00 1.3437793003e+00 5.7889436099e-01
-1.0546517686e+00 -1.3437793003e+00 -5.7889436099e-01
1.0574588052e+00 1.3295565362e+00 5.9719284035e-01
-1.0574588052e+00 -1.3295565362e+00 -5.9719284035e-01
1.0598725033e+00 1.3147489978e+00 6.1535412925e-01
-1.0598725033e+00 -1.3147489978e+00 -6.1535412925e-01
1.0618840541e+00 1.2993860547e+00 6.3333517490e-01
-1.0618840541e+00 -1.2993860547e+00 -6.3333517490e-01
1.0634862724e+00 1.2835083772e+00 6.5108512341e-01
-1.0634862724e+00 -1.2835083772e+00 -6.5108512341e-01
1.0646745749e+00 1.2671672427e+00 6.6854768484e-01
-1.0646745749e+00 -1.2671672427e+00 -6.6854768484e-01
1.0654477626e+00 1.2504233525e+00 6.8566361361e-01
-1.0654477626e+00 -1.2504233525e+00 -6.8566361361e-01
1.0658085685e+00 1.2333452755e+00 7.0237313207e-01
-1.0658085685e+00 -1.2333452755e+00 -7.0237313207e-01
1.0657639620e+00 1.2160076462e+00 7.1861815903e-01
-1.0657639620e+00 -1.2160076462e+00 -7.1861815903e-01
1.0653252177e+00 1.1984892390e+00 7.3434424371e-01
-1.0653252177e+00 -1.1984892390e+00 -7.3434424371e-01
1.0645077751e+00 1.1808710296e+00 7.4950214462e-01
-1.0645077751e+00 -1.1808710296e+00 -7.4950214462e-01
1.0633282472e+00 1.1720653126e+00 7.6407768472e-01
-1.0633282472e+00 -1.1720653126e+00 -7.6407768472e-01
1.0617130551e+00 1.1901818350e+00 7.7888340524e-01
-1.0617130551e+00 -1.1901818350e+00 -7.7888340524e-01
1.0596243222e+00 1.2085962591e+00 7.9400675921e-01
-1.0596243222e+00 -1.2085962591e+00 -7.9400675921e-01
1.0571311487e+00 1.2265459069e+00 8.0882426521e-01
-1.0571311487e+00 -1.2265459069e+00 -8.0882426521e-01
1.0544350926e+00 1.2428244788e+00 8.2233447524e-01
-1.0544350926e+00 -1.2428244788e+00 -8.2233447524e-01
1.0519654324e+00 1.2555863632e+00 8.3298513363e-01
-1.0519654324e+00 -1.2555863632e+00 -8.3298513363e-01
1.0505250438e+00 1.2620945864e+00 8.3844671107e-01
-1.0505250438e+00 -1.2620945864e+00 -8.3844671107e-01
1.0514984567e+00 1.2584360877e+00 8.3534940014e-01
-1.0514984567e+00 -1.2584360877e+00 -8.3534940014e-01
1.0571122384e+00 1.2392941276e+00 8.1905727451e-01
-1.0571122384e+00 -1.2392941276e+00 -8.1905727451e-01
1.0706747655e+00 1.1979985805e+00 7.8366885814e-01
-1.0706747655e+00 -1.1979985805e+00 -7.8366885814e-01
1.0965903662e+00 1.1272662408e+00 7.2260884038e-01
-1.0965903662e+00 -1.1272662408e+00 -7.2260884038e-01
1.1397620520e+00 1.0211582245e+00 6.3029791505e-01
-1.1397620520e+00 -1.0211582245e+00 -6.3029791505e-01
1.2039615987e+00 8.7841669793e-01 5.0510082814e-01
-1.2039615987e+00 -8.7841669793e-01 -5.0510082814e-01
1.2892839162e+00 7.0602512817e-01 3.5260574680e-01
-1.2892839162e+00 -7.0602512817e-01 -3.5260574680e-01
1.3900679343e+00 5.2012371411e-01 1.8670386605e-01
-1.3900679343e+00 -5.2012371411e-01 -1.8670386605e-01
1.4954504270e+00 3.4181882259e-01 2.6134767230e-02
-1.4954504270e+00 -3.4181882259e-01 -2.6134767230e-02
1.5931137469e+00 1.8950020418e-01 -1.1230057924e-01
-1.5931137469e+00 -1.8950020418e-01 1.1230057924e-01
