0 -2.39419 0.456953 -3.53652
1 9.67858 -1.45434 -2.6914
2 -5.78471 0.176866 1.31035
3 6.37096 0.513931 -4.09837
4 -0.897141 3.9722 -0.490407
5 -1.53297 0.140724 -7.32395
6 6.10091 -7.59572 0.886173
7 1.74608 -1.16002 1.49157
8 4.61557 -8.39438 6.95176
9 8.34017 1.3946 0.441507
10 0.342494 0.783661 -3.61409
11 2.06829 2.28917 -1.30248
12 -1.26731 2.4232 4.55668
13 -4.08652 8.97551 7.09469
14 1.70793 -4.24217 -1.4077
15 7.48848 2.35233 5.11711
16 -7.07296 -6.42478 -1.70036
17 0.100865 10.9455 0.196261
18 -1.30446 -1.18051 0.614325
19 -0.0876968 -5.44163 -1.4782
20 2.9052 4.88626 -0.458098
21 -1.1393 -3.02878 5.13167
22 0.407391 -3.3934 -5.26243
23 -8.62458 8.96918 6.54626
24 -0.066644 -6.05459 -0.0283563
25 0.659958 2.51121 1.89543
26 -0.601482 4.3696 -3.68375
27 4.2921 8.61434 -7.41381
28 -0.840313 1.52408 3.77074
29 -2.30407 -4.99944 -7.14485
30 9.63816 -2.49815 -2.78601
31 6.73972 0.528482 -2.51773
32 -0.637155 -1.57883 0.967802
33 -8.6198 5.02753 1.51596
34 -5.82843 -0.430568 0.809558
35 -0.776106 1.52679 10.9664
36 -5.3574 -0.855146 5.97495
37 -0.318827 0.169572 2.36836
38 -0.821074 3.72416 -1.24055
39 -0.998915 -3.84302 -0.488151
40 -1.8754 6.22639 -3.76969
41 -2.20771 0.201039 -8.0132
42 -3.42642 -6.56736 -1.44966
43 1.34588 2.60062 0.785612
44 -6.35242 7.01032 2.18446
45 3.12094 -13.5833 1.30531
46 5.17829 -0.333438 -4.80281
47 -3.31396 -3.50836 6.10647
48 5.53327 6.67923 -2.99816
49 -2.44174 8.72199 0.958342
50 -1.29993 0.0897294 -3.729
51 3.8094 6.10224 -5.99798
52 -3.68992 -3.26318 -3.58157
53 6.27934 -10.0547 2.55367
54 -7.1933 0.489934 1.71292
55 -5.96613 0.6097 2.41767
56 0.356709 6.46325 -0.226779
57 -11.5387 -5.80964 2.37281
58 2.76588 1.17082 -1.65544
59 1.06342 -0.995282 4.40092
60 -0.759969 -0.280103 -0.951025
61 2.76561 3.39808 -0.444426
62 1.34547 -13.3799 10.7484
63 4.66055 -5.68852 -7.86723
