10
Lattice=8.0000000000e+00 0 0 0 8.0000000000e+00 0 0 0 8.0000000000e+00
0 1.2500000000e-01 1.2500000000e-01 1.8750000000e-01
1 1.2500000000e-01 1.2500000000e-01 5.6250000000e-01
2 1.2500000000e-01 1.2500000000e-01 9.3750000000e-01
3 1.2500000000e-01 3.7500000000e-01 1.8750000000e-01
4 1.2500000000e-01 3.7500000000e-01 5.6250000000e-01
5 1.2500000000e-01 3.7500000000e-01 9.3750000000e-01
6 3.7500000000e-01 1.2500000000e-01 1.8750000000e-01
7 3.7500000000e-01 1.2500000000e-01 5.6250000000e-01
8 3.7500000000e-01 1.2500000000e-01 9.3750000000e-01
9 3.7500000000e-01 3.7500000000e-01 1.8750000000e-01
10
Lattice=8.0000000000e+00 0 0 0 8.0000000000e+00 0 0 0 8.0000000000e+00
0 -7.9569006253e+03 -7.9569045418e+03 5.7719144599e-01
1 -7.8964567072e+03 -7.8964727805e+03 1.0505351798e+00
2 -7.8940395380e+03 -7.8940535422e+03 5.3819020844e-01
3 -7.9551329918e+03 7.9577294409e+03 3.2378880333e+00
4 6.5429925709e+00 7.9601380784e+03 3.7010255163e+00
5 9.4738997741e-01 7.9577143086e+03 5.8868807055e+00
6 7.9577086614e+03 -7.9551195329e+03 3.2404868781e+00
7 7.9601184669e+03 6.5394235790e+00 3.7111397152e+00
8 7.9577395916e+03 9.6391562748e-01 5.8869559791e+00
9 7.9577227598e+03 7.9577152304e+03 1.4197063382e+00
10
Lattice=8.0000000000e+00 0 0 0 8.0000000000e+00 0 0 0 8.0000000000e+00
0 -1.5913926250e+04 -1.5913934083e+04 9.6688268678e-01
1 -1.5793039005e+04 -1.5793071153e+04 1.5394846248e+00
2 -1.5788203486e+04 -1.5788231494e+04 1.3796635688e-01
3 -1.5910390984e+04 1.5915083882e+04 6.2882760666e+00
4 4.9609768921e+00 1.5919901165e+04 6.8395333565e+00
5 1.7697882046e+00 1.5915053609e+04 2.8362790872e+00
6 1.5915042323e+04 -1.5910364066e+04 6.2934737562e+00
7 1.5919861943e+04 4.9538380335e+00 6.8597605062e+00
8 1.5915104174e+04 1.8028403795e+00 2.8364308824e+00
9 1.5915070520e+04 1.5915055461e+04 2.6519126765e+00
10
Lattice=8.0000000000e+00 0 0 0 8.0000000000e+00 0 0 0 8.0000000000e+00
0 -2.3870951875e+04 -2.3870963624e+04 1.3565739276e+00
1 -2.3689621304e+04 -2.3689669525e+04 2.0284341363e+00
2 -2.3682367433e+04 -2.3682409444e+04 7.7377424388e+00
3 -2.3865648975e+04 2.3872438323e+04 1.3386640999e+00
4 3.3789606827e+00 2.3879664252e+04 1.9780411044e+00
5 2.5921869623e+00 2.3872392909e+04 7.7856775610e+00
6 2.3872375984e+04 -2.3865608599e+04 1.3464606343e+00
7 2.3879605419e+04 3.3682520730e+00 2.0083812275e+00
8 2.3872468757e+04 2.6417655464e+00 7.7859058554e+00
9 2.3872418279e+04 2.3872395691e+04 3.8841190147e+00
10
Lattice=8.0000000000e+00 0 0 0 8.0000000000e+00 0 0 0 8.0000000000e+00
0 -3.1827977500e+04 -3.1827993166e+04 1.7462651684e+00
1 -3.1586219651e+04 -3.1586284486e+04 2.4760386072e+00
2 -3.1576515331e+04 -3.1576570807e+04 7.3788635614e+00
3 -3.1820906967e+04 3.1829792764e+04 4.3890521332e+00
4 6.4778298441e+00 3.1767573825e+04 -2.7120781149e+01
5 -3.3266299651e+01 3.1901585723e+04 6.8972406036e+01
6 3.1829709646e+04 -3.1820853132e+04 4.3994475123e+00
7 3.1790058448e+04 7.8727729587e+00 3.3795187440e+00
8 3.1879123786e+04 5.3905838672e+00 6.5128640333e+00
9 3.1829766039e+04 3.1829735921e+04 5.1163253530e+00
10
Lattice=8.0000000000e+00 0 0 0 8.0000000000e+00 0 0 0 8.0000000000e+00
0 -3.9785003125e+04 -3.9785022707e+04 2.1359564092e+00
1 -3.9482829199e+04 -3.9482911003e+04 2.8960677196e+00
2 -3.9470652029e+04 -3.9470720612e+04 7.0475600424e+00
3 -3.9776164959e+04 3.9787147205e+04 7.4394401665e+00
4 5.8035421687e+00 3.9631532334e+04 -6.6965398154e+01
5 -8.1351629427e+01 3.9954729601e+04 1.5690492926e+02
6 3.9787043307e+04 -3.9776097665e+04 7.4524343904e+00
7 3.9684081371e+04 3.7406278533e+00 6.8248208460e+00
8 3.9902208922e+04 7.7606817903e-01 3.1656576255e+00
9 3.9787113799e+04 3.9787076152e+04 6.3485316912e+00
10
Lattice=8.0000000000e+00 0 0 0 8.0000000000e+00 0 0 0 8.0000000000e+00
0 -4.7742028750e+04 -4.7742052248e+04 2.5256476500e+00
1 -4.7379438747e+04 -4.7379537521e+04 3.3160968319e+00
2 -4.7364788727e+04 -4.7364870418e+04 6.7162565235e+00
3 -4.7731422951e+04 4.7744501646e+04 2.4898281998e+00
4 5.1292544933e+00 4.7495490843e+04 -1.0681001516e+02
5 -1.2943695920e+02 4.8007873479e+04 2.4483745249e+02
6 4.7744376968e+04 -4.7731342198e+04 2.5054212685e+00
7 4.7578104294e+04 7.6084827479e+00 2.2701229481e+00
8 4.7925294058e+04 4.1615524909e+00 7.8184512178e+00
9 4.7744461559e+04 4.7744416382e+04 7.5807380295e+00
10
Lattice=8.0000000000e+00 0 0 0 8.0000000000e+00 0 0 0 8.0000000000e+00
0 -5.5699054374e+04 -5.5699081789e+04 2.9153388908e+00
1 -5.5276048294e+04 -5.5276164039e+04 3.7361259442e+00
2 -5.5258925425e+04 -5.5259020223e+04 6.3849530047e+00
3 -5.5686680943e+04 5.5701856087e+04 5.5402162331e+00
4 4.4549668180e+00 5.5359449352e+04 -1.4665463216e+02
5 -1.7752228898e+02 5.6061017357e+04 3.3276997572e+02
6 5.5701710630e+04 -5.5686586730e+04 5.5584081466e+00
7 5.5472127217e+04 3.4763376425e+00 5.7154250502e+00
8 5.5948379193e+04 7.5470368027e+00 4.4712448100e+00
9 5.5701809319e+04 5.5701756613e+04 8.1294436774e-01
10
Lattice=8.0000000000e+00 0 0 0 8.0000000000e+00 0 0 0 8.0000000000e+00
0 -6.3656079999e+04 -6.3656111331e+04 3.3050301316e+00
1 -6.3172657842e+04 -6.3172790557e+04 4.1561550565e+00
2 -6.3153062123e+04 -6.3153170029e+04 6.0536494858e+00
3 -6.3641938934e+04 6.3659210528e+04 5.9060426645e-01
4 3.7806791426e+00 6.3223407861e+04 -1.8649924917e+02
5 -2.2560761876e+02 6.4114161234e+04 4.2070249894e+02
6 6.3659044291e+04 -6.3641831263e+04 6.1139502468e-01
7 6.3366150139e+04 7.3441925371e+00 1.1607271523e+00
8 6.3971464329e+04 2.9325211146e+00 1.1240384022e+00
9 6.3659157078e+04 6.3659096843e+04 2.0451507060e+00
10
Lattice=8.0000000000e+00 0 0 0 8.0000000000e+00 0 0 0 8.0000000000e+00
0 -7.1613105624e+04 -7.1613140872e+04 3.6947213724e+00
1 -7.1069267390e+04 -7.1069417075e+04 4.5761841688e+00
2 -7.1047198821e+04 -7.1047319834e+04 5.7223459669e+00
3 -7.1597196926e+04 7.1616564969e+04 3.6409922998e+00
4 3.1063914672e+00 7.1087366370e+04 -2.2634386617e+02
5 -2.7369294853e+02 7.2167305112e+04 5.0863502217e+02
6 7.1616377953e+04 -7.1597075796e+04 3.6643819028e+00
7 7.1260173062e+04 3.2120474317e+00 4.6060292543e+00
8 7.1994549465e+04 6.3180054264e+00 5.7768319945e+00
9 7.1616504838e+04 7.1616437073e+04 3.2773570442e+00
10
Lattice=8.0000000000e+00 0 0 0 8.0000000000e+00 0 0 0 8.0000000000e+00
0 -7.9570131249e+04 -7.9570170413e+04 4.0844126132e+00
1 -7.8965876938e+04 -7.8966043593e+04 4.9962132811e+00
2 -7.8941335518e+04 -7.8941469640e+04 5.3910424481e+00
3 -7.9552454918e+04 7.9573919409e+04 6.6913803331e+00
4 2.4321037918e+00 7.8951324879e+04 -2.6618848318e+02
5 -3.2177827831e+02 8.0220448990e+04 5.9656754540e+02
6 7.9573711614e+04 -7.9552320329e+04 6.7173687808e+00
7 7.9154195985e+04 7.0799023263e+00 5.1331356416e-02
8 8.0017634600e+04 1.7034897383e+00 2.4296255867e+00
9 7.9573852598e+04 7.9573777304e+04 4.5095633825e+00
10
Lattice=8.0000000000e+00 0 0 0 8.0000000000e+00 0 0 0 8.0000000000e+00
0 -8.7527156874e+04 -8.7527199955e+04 4.4741038540e+00
1 -8.6862486486e+04 -8.6862670111e+04 5.4162423934e+00
2 -8.6835472216e+04 -8.6835619445e+04 5.0597389292e+00
3 -8.7507712910e+04 8.7531273850e+04 1.7417683664e+00
4 1.7578161165e+00 8.6815283389e+04 -3.0603310018e+02
5 -3.6986360808e+02 8.8273592868e+04 6.8450006862e+02
6 8.7531045276e+04 -8.7507564862e+04 1.7703556589e+00
7 8.7048218908e+04 2.9477572209e+00 3.4966334585e+00
8 8.8040719736e+04 5.0889740501e+00 7.0824191790e+00
9 8.7531200358e+04 8.7531117534e+04 5.7417697207e+00
10
Lattice=8.0000000000e+00 0 0 0 8.0000000000e+00 0 0 0 8.0000000000e+00
0 -9.5484182499e+04 -9.5484229496e+04 4.8637950948e+00
1 -9.4759096034e+04 -9.4759296628e+04 5.8362715057e+00
2 -9.4729608914e+04 -9.4729769250e+04 4.7284354104e+00
3 -9.5462970901e+04 9.5488628291e+04 4.7921563997e+00
4 1.0835284411e+00 9.4679241898e+04 -3.4587771719e+02
5 -4.1794893786e+02 9.6326736746e+04 7.7243259185e+02
6 9.5488378937e+04 -9.5462809395e+04 4.8233425370e+00
7 9.4942241831e+04 6.8156121155e+00 6.9419355606e+00
8 9.6063804872e+04 4.7445836196e-01 3.7352127712e+00
9 9.5488548118e+04 9.5488457764e+04 6.9739760590e+00
10
Lattice=8.0000000000e+00 0 0 0 8.0000000000e+00 0 0 0 8.0000000000e+00
0 -1.0344120812e+05 -1.0344125904e+05 5.2534863356e+00
1 -1.0265570558e+05 -1.0265592315e+05 6.2563006180e+00
2 -1.0262374561e+05 -1.0262391906e+05 4.3971318915e+00
3 -1.0341822889e+05 1.0344598273e+05 7.8425444330e+00
4 4.0924076573e-01 1.0254320041e+05 -3.8572233419e+02
5 -4.6603426764e+02 1.0437988062e+05 8.6036511508e+02
6 1.0344571260e+05 -1.0341805393e+05 7.8763294151e+00
7 1.0283626475e+05 2.6834670101e+00 2.3872376626e+00
8 1.0408689001e+05 3.8599426738e+00 3.8800636343e-01
9 1.0344589588e+05 1.0344579799e+05 2.0618239722e-01
10
Lattice=8.0000000000e+00 0 0 0 8.0000000000e+00 0 0 0 8.0000000000e+00
0 -1.1139823375e+05 -1.1139828858e+05 5.6431775764e+00
1 -1.1055231513e+05 -1.1055254966e+05 6.6763297303e+00
2 -1.1051788231e+05 -1.1051806886e+05 4.0658283726e+00
3 -1.1137348689e+05 1.1140333717e+05 2.8929324663e+00
4 7.7349530904e+00 1.1040715892e+05 -4.2556695120e+02
5 -5.1411959741e+02 1.1243302450e+05 9.4829763830e+02
6 1.1140304626e+05 -1.1137329846e+05 2.9293162932e+00
7 1.1073028768e+05 6.5513219048e+00 5.8325397647e+00
8 1.1210997514e+05 7.2454269857e+00 5.0407999557e+00
9 1.1140324364e+05 1.1140313823e+05 1.4383887355e+00
10
Lattice=8.0000000000e+00 0 0 0 8.0000000000e+00 0 0 0 8.0000000000e+00
0 -1.1935525937e+05 -1.1935531812e+05 6.0328688172e+00
1 -1.1844892468e+05 -1.1844917618e+05 7.0963588426e+00
2 -1.1841201901e+05 -1.1841221867e+05 3.7345248538e+00
3 -1.1932874488e+05 1.1936069161e+05 5.9433204996e+00
4 7.0606654150e+00 1.1827111742e+05 -4.6541156820e+02
5 -5.6220492719e+02 1.2048616838e+05 1.0362301615e+03
6 1.1936037992e+05 -1.1932854299e+05 5.9823031713e+00
7 1.1862431060e+05 2.4191767994e+00 1.2778418668e+00
8 1.2013306028e+05 2.6309112975e+00 1.6935935479e+00
9 1.1936059140e+05 1.1936047846e+05 2.6705950737e+00
10
Lattice=8.0000000000e+00 0 0 0 8.0000000000e+00 0 0 0 8.0000000000e+00
0 -1.2731228500e+05 -1.2731234766e+05 6.4225600580e+00
1 -1.2634553422e+05 -1.2634580270e+05 7.5163879549e+00
2 -1.2630615571e+05 -1.2630636847e+05 3.4032213349e+00
3 -1.2728400287e+05 1.2731804606e+05 9.9370853290e-01
4 6.3863777396e+00 1.2613507593e+05 -5.0525618521e+02
5 -6.1029025697e+02 1.2853931226e+05 1.1241626848e+03
6 1.2731771358e+05 -1.2728378753e+05 1.0352900494e+00
7 1.2651833352e+05 6.2870316940e+00 4.7231439689e+00
8 1.2815614541e+05 6.0163956094e+00 6.3463871401e+00
9 1.2731793916e+05 1.2731781869e+05 3.9028014120e+00
10
Lattice=8.0000000000e+00 0 0 0 8.0000000000e+00 0 0 0 8.0000000000e+00
0 -1.3526931062e+05 -1.3526937720e+05 6.8122512988e+00
1 -1.3424214377e+05 -1.3424242922e+05 7.9364170672e+00
2 -1.3420029240e+05 -1.3420051828e+05 3.0719178161e+00
3 -1.3523926086e+05 1.3527540050e+05 4.0440965662e+00
4 5.7120900643e+00 1.3399903444e+05 -5.4510080221e+02
5 -6.5837558674e+02 1.3659245613e+05 1.2120952080e+03
6 1.3527504724e+05 -1.3523903206e+05 4.0882769274e+00
7 1.3441235644e+05 2.1548865886e+00 1.6844607095e-01
8 1.3617923055e+05 1.4018799212e+00 2.9991807324e+00
9 1.3527528692e+05 1.3527515892e+05 5.1350077502e+00
10
Lattice=8.0000000000e+00 0 0 0 8.0000000000e+00 0 0 0 8.0000000000e+00
0 -1.4322633625e+05 -1.4322640674e+05 7.2019425396e+00
1 -1.4213875332e+05 -1.4213905574e+05 3.5644617947e-01
2 -1.4209442910e+05 -1.4209466808e+05 2.7406142972e+00
3 -1.4319451885e+05 1.4323275494e+05 7.0944845995e+00
4 5.0378023889e+00 1.4186299295e+05 -5.8494541922e+02
5 -7.0646091652e+02 1.4464560001e+05 1.3000277312e+03
6 1.4323238091e+05 -1.4319427659e+05 7.1412638055e+00
7 1.4230637937e+05 6.0227414832e+00 3.6137481730e+00
8 1.4420231569e+05 4.7873642331e+00 7.6519743246e+00
9 1.4323263468e+05 1.4323249915e+05 6.3672140885e+00
10
Lattice=8.0000000000e+00 0 0 0 8.0000000000e+00 0 0 0 8.0000000000e+00
0 -1.5118336187e+05 -1.5118343628e+05 7.5916337804e+00
1 -1.5003536287e+05 -1.5003568225e+05 7.7647529177e-01
2 -1.4998856580e+05 -1.4998881789e+05 2.4093107783e+00
3 -1.5114977684e+05 1.5119010938e+05 2.1448726328e+00
4 4.3635147135e+00 1.4972695146e+05 -6.2479003622e+02
5 -7.5454624630e+02 1.5269874389e+05 1.3879602544e+03
6 1.5118971457e+05 -1.5114952113e+05 2.1942506836e+00
7 1.5020040229e+05 1.8905963778e+00 7.0590502751e+00
8 1.5222540082e+05 1.7284854490e-01 4.3047679169e+00
9 1.5118998244e+05 1.5118983938e+05 7.5994204267e+00
10
Lattice=8.0000000000e+00 0 0 0 8.0000000000e+00 0 0 0 8.0000000000e+00
0 -1.5914038750e+05 -1.5914046583e+05 7.9813250212e+00
1 -1.5793197242e+05 -1.5793230877e+05 1.1965044041e+00
2 -1.5788270250e+05 -1.5788296769e+05 2.0780072595e+00
3 -1.5910503484e+05 1.5914746382e+05 5.1952606661e+00
4 3.6892270381e+00 1.5759090997e+05 -6.6463465323e+02
5 -8.0263157607e+02 1.6075188777e+05 1.4758927777e+03
6 1.5914704823e+05 -1.5910476566e+05 5.2472375617e+00
7 1.5809442521e+05 5.7584512724e+00 2.5043523772e+00
8 1.6024848596e+05 3.5583328567e+00 9.5756150909e-01
9 1.5914733020e+05 1.5914717961e+05 8.3162676496e-01
10
Lattice=8.0000000000e+00 0 0 0 8.0000000000e+00 0 0 0 8.0000000000e+00
0 -1.6709741312e+05 -1.6709749537e+05 3.7101626197e-01
1 -1.6582858196e+05 -1.6582893529e+05 1.6165335164e+00
2 -1.6577683919e+05 -1.6577711750e+05 1.7467037406e+00
3 -1.6706029283e+05 1.6710481826e+05 2.4564869943e-01
4 3.0149393628e+00 1.6545486848e+05 -7.0447927023e+02
5 -8.5071690585e+02 1.6880503165e+05 1.5638253009e+03
6 1.6710438189e+05 -1.6706001019e+05 3.0022443978e-01
7 1.6598844814e+05 1.6263061670e+00 5.9496544793e+00
8 1.6827157109e+05 6.9438171686e+00 5.6103551013e+00
9 1.6710467796e+05 1.6710451984e+05 2.0638331032e+00
10
Lattice=8.0000000000e+00 0 0 0 8.0000000000e+00 0 0 0 8.0000000000e+00
0 -1.7505443875e+05 -1.7505452491e+05 7.6070750277e-01
1 -1.7372519151e+05 -1.7372556181e+05 2.0365626287e+00
2 -1.7367097589e+05 -1.7367126730e+05 1.4154002218e+00
3 -1.7501555082e+05 1.7506217270e+05 3.2960367327e+00
4 2.3406516874e+00 1.7331882699e+05 -7.4432388724e+02
5 -8.9880223562e+02 1.7685817552e+05 1.6517578241e+03
6 1.7506171555e+05 -1.7501525472e+05 3.3532113179e+00
7 1.7388247106e+05 5.4941610616e+00 1.3949565813e+00
8 1.7629465623e+05 2.3293014804e+00 2.2631486936e+00
9 1.7506202572e+05 1.7506186007e+05 3.2960394415e+00
10
Lattice=8.0000000000e+00 0 0 0 8.0000000000e+00 0 0 0 8.0000000000e+00
0 -1.8301146437e+05 -1.8301155445e+05 1.1503987436e+00
1 -1.8162180106e+05 -1.8162218832e+05 2.4565917410e+00
2 -1.8156511259e+05 -1.8156541711e+05 1.0840967029e+00
3 -1.8297080881e+05 1.8301952714e+05 6.3464247660e+00
4 1.6663640120e+00 1.8118278550e+05 -7.8416850424e+02
5 -9.4688756540e+02 1.8491131940e+05 1.7396903473e+03
6 1.8301904921e+05 -1.8297049926e+05 6.4061981960e+00
7 1.8177649398e+05 1.3620159563e+00 4.8402586834e+00
8 1.8431774136e+05 5.7147857923e+00 6.9159422858e+00
9 1.8301937348e+05 1.8301920030e+05 4.5282457797e+00
10
Lattice=8.0000000000e+00 0 0 0 8.0000000000e+00 0 0 0 8.0000000000e+00
0 -1.9096849000e+05 -1.9096858399e+05 1.5400899844e+00
1 -1.8951841061e+05 -1.8951881484e+05 2.8766208533e+00
2 -1.8945924929e+05 -1.8945956692e+05 7.5279318404e-01
3 -1.9092606680e+05 1.9097688158e+05 1.3968127993e+00
4 9.9207633666e-01 1.8904674401e+05 -8.2401312125e+02
5 -9.9497289518e+02 1.9296446328e+05 1.8276228706e+03
6 1.9097638287e+05 -1.9092574379e+05 1.4591850740e+00
7 1.8967051690e+05 5.2298708509e+00 2.8556078549e-01
8 1.9234082650e+05 1.1002701041e+00 3.5687358780e+00
9 1.9097672124e+05 1.9097654053e+05 5.7604521180e+00
10
Lattice=8.0000000000e+00 0 0 0 8.0000000000e+00 0 0 0 8.0000000000e+00
0 -1.9892551562e+05 -1.9892561353e+05 1.9297812252e+00
1 -1.9741502016e+05 -1.9741544136e+05 3.2966499656e+00
2 -1.9735338599e+05 -1.9735371672e+05 4.2148966518e-01
3 -1.9888132479e+05 1.9893423602e+05 4.4472008327e+00
4 3.1778866129e-01 1.9691070252e+05 -8.6385773825e+02
5 -1.0430582250e+03 2.0101760716e+05 1.9155553938e+03
6 1.9893371654e+05 -1.9888098832e+05 4.5121719521e+00
7 1.9756453983e+05 1.0977257455e+00 3.7308628876e+00
8 2.0036391164e+05 4.4857544160e+00 2.2152947027e-01
9 1.9893406900e+05 1.9893388076e+05 6.9926584562e+00
10
Lattice=8.0000000000e+00 0 0 0 8.0000000000e+00 0 0 0 8.0000000000e+00
0 -2.0688254125e+05 -2.0688264307e+05 2.3194724660e+00
1 -2.0531162970e+05 -2.0531206788e+05 3.7166790778e+00
2 -2.0524752268e+05 -2.0524786653e+05 9.0186146323e-02
3 -2.0683658279e+05 2.0689159046e+05 7.4975888660e+00
4 7.6435009859e+00 2.0477466103e+05 -9.0370235525e+02
5 -1.0911435547e+03 2.0907075104e+05 2.0034879170e+03
6 2.0689105020e+05 -2.0683623286e+05 7.5651588302e+00
7 2.0545856275e+05 4.9655806401e+00 7.1761649896e+00
8 2.0838699677e+05 7.8712387278e+00 4.8743230625e+00
9 2.0689141675e+05 2.0689122099e+05 2.2486479445e-01
10
Lattice=8.0000000000e+00 0 0 0 8.0000000000e+00 0 0 0 8.0000000000e+00
0 -2.1483956687e+05 -2.1483967262e+05 2.7091637068e+00
1 -2.1320823925e+05 -2.1320869440e+05 4.1367081901e+00
2 -2.1314165938e+05 -2.1314201633e+05 7.7588826275e+00
3 -2.1479184078e+05 2.1484894491e+05 2.5479768993e+00
4 6.9692133105e+00 2.1263861953e+05 -9.4354697226e+02
5 -1.1392288845e+03 2.1712389491e+05 2.0914204402e+03
6 2.1484838386e+05 -2.1479147739e+05 2.6181457083e+00
7 2.1335258567e+05 8.3343553469e-01 2.6214670917e+00
8 2.1641008191e+05 3.2567230397e+00 1.5271166547e+00
9 2.1484876451e+05 2.1484856122e+05 1.4570711327e+00
10
Lattice=8.0000000000e+00 0 0 0 8.0000000000e+00 0 0 0 8.0000000000e+00
0 -2.2279659250e+05 -2.2279670216e+05 3.0988549476e+00
1 -2.2110484880e+05 -2.2110532091e+05 4.5567373024e+00
2 -2.2103579608e+05 -2.2103616614e+05 7.4275791086e+00
3 -2.2274709877e+05 2.2280629935e+05 5.5983649326e+00
4 6.2949256352e+00 2.2050257804e+05 -9.8339158926e+02
5 -1.1873142143e+03 2.2517703879e+05 2.1793529635e+03
6 2.2280571752e+05 -2.2274672192e+05 5.6711325864e+00
7 2.2124660860e+05 4.7012904293e+00 6.0667691938e+00
8 2.2443316704e+05 6.6422073515e+00 6.1799102470e+00
9 2.2280611227e+05 2.2280590145e+05 2.6892774709e+00
10
Lattice=8.0000000000e+00 0 0 0 8.0000000000e+00 0 0 0 8.0000000000e+00
0 -2.3075361812e+05 -2.3075373170e+05 3.4885461884e+00
1 -2.2900145835e+05 -2.2900194743e+05 4.9767664147e+00
2 -2.2892993278e+05 -2.2893031594e+05 7.0962755897e+00
3 -2.3070235676e+05 2.3076365379e+05 6.4875296588e-01
4 5.6206379598e+00 2.2836653655e+05 -1.0232362063e+03
5 -1.2353995441e+03 2.3323018267e+05 2.2672854867e+03
6 2.3076305118e+05 -2.3070196645e+05 7.2411946446e-01
7 2.2914063152e+05 5.6914532391e-01 1.5120712959e+00
8 2.3245625218e+05 2.0276916634e+00 2.8327038392e+00
9 2.3076346003e+05 2.3076324168e+05 3.9214838092e+00
10
Lattice=8.0000000000e+00 0 0 0 8.0000000000e+00 0 0 0 8.0000000000e+00
0 -2.3871064375e+05 -2.3871076124e+05 3.8782374292e+00
1 -2.3689806789e+05 -2.3689857395e+05 5.3967955270e+00
2 -2.3682406948e+05 -2.3682446575e+05 6.7649720709e+00
3 -2.3865761475e+05 2.3872100823e+05 3.6991409992e+00
4 4.9463502844e+00 2.3623049506e+05 -1.0630808233e+03
5 -1.2834848738e+03 2.4128332655e+05 2.3552180099e+03
6 2.3872038484e+05 -2.3865721099e+05 3.7771063425e+00
7 2.3703465444e+05 4.4370002185e+00 4.9573733980e+00
8 2.4047933731e+05 5.4131759752e+00 7.4854974315e+00
9 2.3872080779e+05 2.3872058191e+05 5.1536901474e+00
10
Lattice=8.0000000000e+00 0 0 0 8.0000000000e+00 0 0 0 8.0000000000e+00
0 -2.4666766937e+05 -2.4666779078e+05 4.2679286700e+00
1 -2.4479467744e+05 -2.4479520047e+05 5.8168246393e+00
2 -2.4471820617e+05 -2.4471861555e+05 6.4336685520e+00
3 -2.4661287275e+05 2.4667836267e+05 6.7495290325e+00
4 4.2720626091e+00 2.4409445357e+05 -1.1029254403e+03
5 -1.3315702036e+03 2.4933647042e+05 2.4431505332e+03
6 2.4667771850e+05 -2.4661245552e+05 6.8300932206e+00
7 2.4492867736e+05 3.0485511313e-01 4.0267550003e-01
8 2.4850242245e+05 7.9866028708e-01 4.1382910237e+00
9 2.4667815555e+05 2.4667792214e+05 6.3858964857e+00
10
Lattice=8.0000000000e+00 0 0 0 8.0000000000e+00 0 0 0 8.0000000000e+00
0 -2.5462469500e+05 -2.5462482032e+05 4.6576199108e+00
1 -2.5269128699e+05 -2.5269182699e+05 6.2368537516e+00
2 -2.5261234287e+05 -2.5261276536e+05 6.1023650332e+00
3 -2.5456813074e+05 2.5463571711e+05 1.7999170658e+00
4 3.5977749337e+00 2.5195841208e+05 -1.1427700573e+03
5 -1.3796555334e+03 2.5738961430e+05 2.5310830564e+03
6 2.5463505217e+05 -2.5456770005e+05 1.8830800987e+00
7 2.5282270029e+05 4.1727100077e+00 3.8479776021e+00
8 2.5652550759e+05 4.1841445989e+00 7.9108461593e-01
9 2.5463550331e+05 2.5463526237e+05 7.6181028239e+00
10
Lattice=8.0000000000e+00 0 0 0 8.0000000000e+00 0 0 0 8.0000000000e+00
0 -2.6258172062e+05 -2.6258184986e+05 5.0473111516e+00
1 -2.6058789654e+05 -2.6058845350e+05 6.6568828639e+00
2 -2.6050647957e+05 -2.6050691516e+05 5.7710615143e+00
3 -2.6252338873e+05 2.6259307155e+05 4.8503050991e+00
4 2.9234872583e+00 2.5982237059e+05 -1.1826146743e+03
5 -1.4277408632e+03 2.6544275818e+05 2.6190155796e+03
6 2.6259238583e+05 -2.6252294459e+05 4.9360669768e+00
7 2.6071672321e+05 4.0564902353e-02 7.2932797042e+00
8 2.6454859272e+05 7.5696289108e+00 5.4438782082e+00
9 2.6259285107e+05 2.6259260260e+05 8.5030916218e-01
10
Lattice=8.0000000000e+00 0 0 0 8.0000000000e+00 0 0 0 8.0000000000e+00
0 -2.7053874625e+05 -2.7053887940e+05 5.4370023924e+00
1 -2.6848450609e+05 -2.6848508002e+05 7.0769119762e+00
2 -2.6840061627e+05 -2.6840106497e+05 5.4397579954e+00
3 -2.7047864672e+05 2.7055042599e+05 7.9006931324e+00
4 2.2491995830e+00 2.6768632910e+05 -1.2224592913e+03
5 -1.4758261929e+03 2.7349590206e+05 2.7069481028e+03
6 2.7054971949e+05 -2.7047818912e+05 7.9890538549e+00
7 2.6861074613e+05 3.9084197970e+00 2.7385818063e+00
8 2.7257167786e+05 2.9551132226e+00 2.0966718004e+00
9 2.7055019883e+05 2.7054994283e+05 2.0825155004e+00
10
Lattice=8.0000000000e+00 0 0 0 8.0000000000e+00 0 0 0 8.0000000000e+00
0 -2.7849577187e+05 -2.7849590895e+05 5.8266936332e+00
1 -2.7638111563e+05 -2.7638170654e+05 7.4969410885e+00
2 -2.7629475296e+05 -2.7629521478e+05 5.1084544766e+00
3 -2.7843390471e+05 2.7850778043e+05 2.9510811657e+00
4 1.5749119076e+00 2.7555028761e+05 -1.2623039083e+03
5 -1.5239115227e+03 2.8154904594e+05 2.7948806261e+03
6 2.7850705315e+05 -2.7843343365e+05 3.0420407330e+00
7 2.7650476906e+05 7.7762746916e+00 6.1838839083e+00
8 2.8059476299e+05 6.3405975345e+00 6.7494653926e+00
9 2.7850754659e+05 2.7850728306e+05 3.3147218387e+00
10
Lattice=8.0000000000e+00 0 0 0 8.0000000000e+00 0 0 0 8.0000000000e+00
0 -2.8645279749e+05 -2.8645293849e+05 6.2163848740e+00
1 -2.8427772518e+05 -2.8427833306e+05 7.9169702008e+00
2 -2.8418888966e+05 -2.8418936458e+05 4.7771509577e+00
3 -2.8638916270e+05 2.8646513487e+05 6.0014691990e+00
4 9.0062423222e-01 2.8341424612e+05 -1.3021485253e+03
5 -1.5719968525e+03 2.8960218981e+05 2.8828131493e+03
6 2.8646438681e+05 -2.8638867819e+05 6.0950276111e+00
7 2.8439879198e+05 3.6441295862e+00 1.6291860104e+00
8 2.8861784813e+05 1.7260818463e+00 3.4022589849e+00
9 2.8646489435e+05 2.8646462329e+05 4.5469281769e+00
10
Lattice=8.0000000000e+00 0 0 0 8.0000000000e+00 0 0 0 8.0000000000e+00
0 -2.9440982312e+05 -2.9440996803e+05 6.6060761148e+00
1 -2.9217433473e+05 -2.9217495957e+05 3.3699931312e-01
2 -2.9208302636e+05 -2.9208351439e+05 4.4458474389e+00
3 -2.9434442070e+05 2.9442248932e+05 1.0518572323e+00
4 2.2633655685e-01 2.9127820463e+05 -1.3419931423e+03
5 -1.6200821823e+03 2.9765533369e+05 2.9707456725e+03
6 2.9442172047e+05 -2.9434392272e+05 1.1480144891e+00
7 2.9229281490e+05 7.5119844808e+00 5.0744881125e+00
8 2.9664093326e+05 5.1115661582e+00 5.5052577118e-02
9 2.9442224211e+05 2.9442196352e+05 5.7791345152e+00
10
Lattice=8.0000000000e+00 0 0 0 8.0000000000e+00 0 0 0 8.0000000000e+00
0 -3.0236684874e+05 -3.0236699757e+05 6.9957673556e+00
1 -3.0007094428e+05 -3.0007158609e+05 7.5702842541e-01
2 -2.9997716306e+05 -2.9997766419e+05 4.1145439200e+00
3 -3.0229967869e+05 3.0237984376e+05 4.1022452656e+00
4 7.5520488815e+00 2.9914216313e+05 -1.3818377593e+03
5 -1.6681675120e+03 3.0570847757e+05 3.0586781957e+03
6 3.0237905413e+05 -3.0229916725e+05 4.2010013672e+00
7 3.0018683782e+05 3.3798393754e+00 5.1979021457e-01
8 3.0466401840e+05 4.9705047001e-01 4.7078461694e+00
9 3.0237958987e+05 3.0237930375e+05 7.0113408534e+00
10
Lattice=8.0000000000e+00 0 0 0 8.0000000000e+00 0 0 0 8.0000000000e+00
0 -3.1032387437e+05 -3.1032402711e+05 7.3854585963e+00
1 -3.0796755383e+05 -3.0796821261e+05 1.1770575377e+00
2 -3.0787129976e+05 -3.0787181400e+05 3.7832404011e+00
3 -3.1025493668e+05 3.1033719820e+05 7.1526332989e+00
4 6.8777612061e+00 3.0700612164e+05 -1.4216823763e+03
5 -1.7162528418e+03 3.1376162145e+05 3.1466107190e+03
6 3.1033638780e+05 -3.1025441178e+05 7.2539882453e+00
7 3.0808086075e+05 7.2476942700e+00 3.9650923166e+00
8 3.1268710354e+05 3.8825347819e+00 1.3606397616e+00
9 3.1033693763e+05 3.1033664398e+05 2.4354719167e-01
10
Lattice=8.0000000000e+00 0 0 0 8.0000000000e+00 0 0 0 8.0000000000e+00
0 -3.1828089999e+05 -3.1828105665e+05 7.7751498371e+00
1 -3.1586416337e+05 -3.1586483913e+05 1.5970866500e+00
2 -3.1576543645e+05 -3.1576596380e+05 3.4519368823e+00
3 -3.1821019467e+05 3.1829455264e+05 2.2030213322e+00
4 6.2034735307e+00 3.1487008015e+05 -1.4615269933e+03
5 -1.7643381716e+03 3.2181476533e+05 3.2345432422e+03
6 3.1829372146e+05 -3.1820965632e+05 2.3069751234e+00
7 3.1597488367e+05 3.1155491646e+00 7.4103944187e+00
8 3.2071018867e+05 7.2680190937e+00 6.0134333538e+00
9 3.1829428539e+05 3.1829398421e+05 1.4757535299e+00
10
Lattice=8.0000000000e+00 0 0 0 8.0000000000e+00 0 0 0 8.0000000000e+00
0 -3.2623792562e+05 -3.2623808619e+05 1.6484107795e-01
1 -3.2376077292e+05 -3.2376146565e+05 2.0171157623e+00
2 -3.2365957315e+05 -3.2366011361e+05 3.1206333634e+00
3 -3.2616545266e+05 3.2625190708e+05 5.2534093656e+00
4 5.5291858554e+00 3.2273403866e+05 -1.5013716103e+03
5 -1.8124235014e+03 3.2986790920e+05 3.3224757654e+03
6 3.2625105512e+05 -3.2616490085e+05 5.3599620015e+00
7 3.2386890659e+05 6.9834040592e+00 2.8556965208e+00
8 3.2873327381e+05 2.6535034056e+00 2.6662269461e+00
9 3.2625163315e+05 3.2625132444e+05 2.7079598682e+00
10
Lattice=8.0000000000e+00 0 0 0 8.0000000000e+00 0 0 0 8.0000000000e+00
0 -3.3419495124e+05 -3.3419511573e+05 5.5453231875e-01
1 -3.3165738247e+05 -3.3165809216e+05 2.4371448746e+00
2 -3.3155370985e+05 -3.3155426341e+05 2.7893298446e+00
3 -3.3412071066e+05 3.3420926152e+05 3.0379739886e-01
4 4.8548981800e+00 3.3059799717e+05 -1.5412162273e+03
5 -1.8605088312e+03 3.3792105308e+05 3.4104082886e+03
6 3.3420838878e+05 -3.3412014538e+05 4.1294887957e-01
7 3.3176292952e+05 2.8512589538e+00 6.3009986229e+00
8 3.3675635894e+05 6.0389877174e+00 7.3190205383e+00
9 3.3420898091e+05 3.3420866468e+05 3.9401662064e+00
10
Lattice=8.0000000000e+00 0 0 0 8.0000000000e+00 0 0 0 8.0000000000e+00
0 -3.4215197687e+05 -3.4215214528e+05 9.4422355955e-01
1 -3.3955399202e+05 -3.3955471868e+05 2.8571739869e+00
2 -3.3944784655e+05 -3.3944841322e+05 2.4580263257e+00
3 -3.4207596865e+05 3.4216661596e+05 3.3541854322e+00
4 4.1806105046e+00 3.3846195568e+05 -1.5810608443e+03
5 -1.9085941609e+03 3.4597419696e+05 3.4983408119e+03
6 3.4216572244e+05 -3.4207538992e+05 3.4659357577e+00
7 3.3965695244e+05 6.7191138485e+00 1.7463007250e+00
8 3.4477944408e+05 1.4244720293e+00 3.9718141305e+00
9 3.4216632867e+05 3.4216600491e+05 5.1723725447e+00
10
Lattice=8.0000000000e+00 0 0 0 8.0000000000e+00 0 0 0 8.0000000000e+00
0 -3.5010900249e+05 -3.5010917482e+05 1.3339148003e+00
1 -3.4745060156e+05 -3.4745134520e+05 3.2772030992e+00
2 -3.4734198325e+05 -3.4734256302e+05 2.1267228068e+00
3 -3.5003122664e+05 3.5012397040e+05 6.4045734655e+00
4 3.5063228293e+00 3.4632591419e+05 -1.6209054613e+03
5 -1.9566794907e+03 3.5402734084e+05 3.5862733351e+03
6 3.5012305610e+05 -3.5003063445e+05 6.5189226357e+00
7 3.4755097536e+05 2.5869687431e+00 5.1916028270e+00
8 3.5280252921e+05 4.8099563411e+00 6.2460772278e-01
9 3.5012367643e+05 3.5012334514e+05 6.4045788829e+00
10
Lattice=8.0000000000e+00 0 0 0 8.0000000000e+00 0 0 0 8.0000000000e+00
0 -3.5806602812e+05 -3.5806620436e+05 1.7236060411e+00
1 -3.5534721111e+05 -3.5534797172e+05 3.6972322115e+00
2 -3.5523611994e+05 -3.5523671283e+05 1.7954192880e+00
3 -3.5798648463e+05 3.5808132484e+05 1.4549614988e+00
4 2.8320351539e+00 3.5418987270e+05 -1.6607500783e+03
5 -2.0047648205e+03 3.6208048471e+05 3.6742058583e+03
6 3.5808038976e+05 -3.5798587898e+05 1.5719095138e+00
7 3.5544499828e+05 6.4548236377e+00 6.3690492910e-01
8 3.6082561435e+05 1.9544065295e-01 5.2774013150e+00
9 3.5808102419e+05 3.5808068537e+05 7.6367852212e+00
10
Lattice=8.0000000000e+00 0 0 0 8.0000000000e+00 0 0 0 8.0000000000e+00
0 -3.6602305374e+05 -3.6602323390e+05 2.1132972819e+00
1 -3.6324382066e+05 -3.6324459823e+05 4.1172613238e+00
2 -3.6313025664e+05 -3.6313086264e+05 1.4641157691e+00
3 -3.6594174262e+05 3.6603867928e+05 4.5053495321e+00
4 2.1577474785e+00 3.6205383121e+05 -1.7005946954e+03
5 -2.0528501503e+03 3.7013362859e+05 3.7621383816e+03
6 3.6603772343e+05 -3.6594112351e+05 4.6248963919e+00
7 3.6333902121e+05 2.3226785323e+00 4.0822070312e+00
8 3.6884869949e+05 3.5809249648e+00 1.9301949072e+00
9 3.6603837195e+05 3.6603802560e+05 8.6899155941e-01
10
Lattice=8.0000000000e+00 0 0 0 8.0000000000e+00 0 0 0 8.0000000000e+00
0 -3.7398007937e+05 -3.7398026344e+05 2.5029885227e+00
1 -3.7114043021e+05 -3.7114122475e+05 4.5372904361e+00
2 -3.7102439334e+05 -3.7102501244e+05 1.1328122503e+00
3 -3.7389700061e+05 3.7399603372e+05 7.5557375654e+00
4 1.4834598031e+00 3.6991778972e+05 -1.7404393124e+03
5 -2.1009354800e+03 3.7818677247e+05 3.8500709048e+03
6 3.7399505709e+05 -3.7389636805e+05 7.6778832700e+00
7 3.7123304413e+05 6.1905334269e+00 7.5275091333e+00
8 3.7687178462e+05 6.9664092766e+00 6.5829884995e+00
9 3.7399571971e+05 3.7399536583e+05 2.1011978977e+00
10
Lattice=8.0000000000e+00 0 0 0 8.0000000000e+00 0 0 0 8.0000000000e+00
0 -3.8193710499e+05 -3.8193729298e+05 2.8926797635e+00
1 -3.7903703976e+05 -3.7903785127e+05 4.9573195484e+00
2 -3.7891853004e+05 -3.7891916225e+05 8.0150873140e-01
3 -3.8185225861e+05 3.8195338817e+05 2.6061255987e+00
4 8.0917212777e-01 3.7778174823e+05 -1.7802839294e+03
5 -2.1490208098e+03 3.8623991635e+05 3.9380034280e+03
6 3.8195239075e+05 -3.8185161258e+05 2.7308701481e+00
7 3.7912706705e+05 2.0583883215e+00 2.9728112353e+00
8 3.8489486976e+05 2.3518935885e+00 3.2357820917e+00
9 3.8195306747e+05 3.8195270606e+05 3.3334042359e+00
10
Lattice=8.0000000000e+00 0 0 0 8.0000000000e+00 0 0 0 8.0000000000e+00
0 -3.8989413062e+05 -3.8989432252e+05 3.2823710043e+00
1 -3.8693364930e+05 -3.8693447779e+05 5.3773486607e+00
2 -3.8681266673e+05 -3.8681331205e+05 4.7020521254e-01
3 -3.8980751660e+05 3.8991074261e+05 5.6565136320e+00
4 1.3488445240e-01 3.8564570673e+05 -1.8201285464e+03
5 -2.1971061396e+03 3.9429306023e+05 4.0259359512e+03
6 3.8990972441e+05 -3.8980685711e+05 5.7838570262e+00
7 3.8702108998e+05 5.9262432161e+00 6.4181133374e+00
8 3.9291795489e+05 5.7373779003e+00 7.8885756840e+00
9 3.8991041523e+05 3.8991004629e+05 4.5656105741e+00
10
Lattice=8.0000000000e+00 0 0 0 8.0000000000e+00 0 0 0 8.0000000000e+00
0 -3.9785115624e+05 -3.9785135206e+05 3.6720622451e+00
1 -3.9483025885e+05 -3.9483110431e+05 5.7973777730e+00
2 -3.9470680343e+05 -3.9470746186e+05 1.3890169368e-01
3 -3.9776277459e+05 3.9786809705e+05 7.0690166531e-01
4 7.4605967770e+00 3.9350966524e+05 -1.8599731634e+03
5 -2.2451914694e+03 4.0234620410e+05 4.1138684745e+03
6 3.9786705807e+05 -3.9776210165e+05 8.3684390425e-01
7 3.9491511290e+05 1.7940981107e+00 1.8634154395e+00
8 4.0094104003e+05 1.1228622122e+00 4.5413692762e+00
9 3.9786776299e+05 3.9786738652e+05 5.7978169124e+00
10
Lattice=8.0000000000e+00 0 0 0 8.0000000000e+00 0 0 0 8.0000000000e+00
0 -4.0580818187e+05 -4.0580838161e+05 4.0617534859e+00
1 -4.0272686840e+05 -4.0272773082e+05 6.2174068853e+00
2 -4.0260094013e+05 -4.0260161166e+05 7.8075981748e+00
3 -4.0571803258e+05 4.0582545149e+05 3.7572896986e+00
4 6.7863091017e+00 4.0137362375e+05 -1.8998177804e+03
5 -2.2932767991e+03 4.1039934798e+05 4.2018009977e+03
6 4.0582439173e+05 -4.0571734618e+05 3.8898307823e+00
7 4.0280913582e+05 5.6619530053e+00 5.3087175416e+00
8 4.0896412516e+05 4.5083465240e+00 1.1941628684e+00
9 4.0582511075e+05 4.0582472675e+05 7.0300232506e+00
10
Lattice=8.0000000000e+00 0 0 0 8.0000000000e+00 0 0 0 8.0000000000e+00
0 -4.1376520749e+05 -4.1376541115e+05 4.4514447267e+00
1 -4.1062347795e+05 -4.1062435734e+05 6.6374359976e+00
2 -4.1049507683e+05 -4.1049576147e+05 7.4762946560e+00
3 -4.1367329057e+05 4.1378280593e+05 6.8076777319e+00
4 6.1120214263e+00 4.0923758226e+05 -1.9396623974e+03
5 -2.3413621289e+03 4.1845249186e+05 4.2897335209e+03
6 4.1378172539e+05 -4.1367259071e+05 6.9428176604e+00
7 4.1070315874e+05 1.5298078999e+00 7.5401964364e-01
8 4.1698721030e+05 7.8938308359e+00 5.8469564607e+00
9 4.1378245851e+05 4.1378206698e+05 2.6222958889e-01
10
Lattice=8.0000000000e+00 0 0 0 8.0000000000e+00 0 0 0 8.0000000000e+00
0 -4.2172223312e+05 -4.2172244069e+05 4.8411359675e+00
1 -4.1852008749e+05 -4.1852098386e+05 7.0574651099e+00
2 -4.1838921353e+05 -4.1838991127e+05 7.1449911371e+00
3 -4.2162854856e+05 4.2174016037e+05 1.8580657652e+00
4 5.4377337509e+00 4.1710154077e+05 -1.9795070144e+03
5 -2.3894474587e+03 4.2650563574e+05 4.3776660441e+03
6 4.2173905905e+05 -4.2162783524e+05 1.9958045385e+00
7 4.1859718167e+05 5.3976627946e+00 4.1993217457e+00
8 4.2501029544e+05 3.2793151477e+00 2.4997500529e+00
9 4.2173980627e+05 4.2173940721e+05 1.4944359271e+00
10
Lattice=8.0000000000e+00 0 0 0 8.0000000000e+00 0 0 0 8.0000000000e+00
0 -4.2967925874e+05 -4.2967947023e+05 5.2308272083e+00
1 -4.2641669704e+05 -4.2641761038e+05 7.4774942222e+00
2 -4.2628335022e+05 -4.2628406108e+05 6.8136876182e+00
3 -4.2958380656e+05 4.2969751481e+05 4.9084537985e+00
4 4.7634460756e+00 4.2496549928e+05 -2.0193516314e+03
5 -2.4375327885e+03 4.3455877962e+05 4.4655985674e+03
6 4.2969639272e+05 -4.2958307978e+05 5.0487914166e+00
7 4.2649120459e+05 1.2655176892e+00 7.6446238478e+00
8 4.3303338057e+05 6.6647994596e+00 7.1525436451e+00
9 4.2969715403e+05 4.2969674744e+05 2.7266422654e+00
10
Lattice=8.0000000000e+00 0 0 0 8.0000000000e+00 0 0 0 8.0000000000e+00
0 -4.3763628437e+05 -4.3763649977e+05 5.6205184491e+00
1 -4.3431330659e+05 -4.3431423690e+05 7.8975233345e+00
2 -4.3417748692e+05 -4.3417821088e+05 6.4823840994e+00
3 -4.3753906455e+05 4.3765486925e+05 7.9588418318e+00
4 4.0891584002e+00 4.3282945779e+05 -2.0591962484e+03
5 -2.4856181182e+03 4.4261192349e+05 4.5535310906e+03
6 4.3765372638e+05 -4.3753832431e+05 1.0177829467e-01
7 4.3438522751e+05 5.1333725838e+00 3.0899259499e+00
8 4.4105646571e+05 2.0502837714e+00 3.8053372374e+00
9 4.3765450179e+05 4.3765408767e+05 3.9588486036e+00
10
Lattice=8.0000000000e+00 0 0 0 8.0000000000e+00 0 0 0 8.0000000000e+00
0 -4.4559330999e+05 -4.4559352931e+05 6.0102096899e+00
1 -4.4220991614e+05 -4.4221086341e+05 3.1755244676e-01
2 -4.4207162362e+05 -4.4207236069e+05 6.1510805805e+00
3 -4.4549432254e+05 4.4561222369e+05 3.0092298651e+00
4 3.4148707248e+00 4.4069341630e+05 -2.0990408654e+03
5 -2.5337034480e+03 4.5066506737e+05 4.6414636138e+03
6 4.4561106004e+05 -4.4549356884e+05 3.1547651728e+00
7 4.4227925044e+05 1.0012274784e+00 6.5352280519e+00
8 4.4907955084e+05 5.4357680833e+00 4.5813082962e-01
9 4.4561184955e+05 4.4561142790e+05 5.1910549419e+00
10
Lattice=8.0000000000e+00 0 0 0 8.0000000000e+00 0 0 0 8.0000000000e+00
0 -4.5355033562e+05 -4.5355055885e+05 6.3999009307e+00
1 -4.5010652569e+05 -4.5010748993e+05 7.3758155906e-01
2 -4.4996576032e+05 -4.4996651049e+05 5.8197770617e+00
3 -4.5344958053e+05 4.5356957813e+05 6.0596178985e+00
4 2.7405830494e+00 4.4855737481e+05 -2.1388854824e+03
5 -2.5817887778e+03 4.5871821125e+05 4.7293961370e+03
6 4.5356839370e+05 -4.5344881338e+05 6.2077520508e+00
7 4.5017327336e+05 4.8690823730e+00 1.9805301540e+00
8 4.5710263598e+05 8.2125239513e-01 5.1109244219e+00
9 4.5356919731e+05 4.5356876813e+05 6.4232612801e+00
10
Lattice=8.0000000000e+00 0 0 0 8.0000000000e+00 0 0 0 8.0000000000e+00
0 -4.6150736124e+05 -4.6150758839e+05 6.7895921715e+00
1 -4.5800313523e+05 -4.5800411645e+05 1.1576106714e+00
2 -4.5785989702e+05 -4.5786066030e+05 5.4884735428e+00
3 -4.6140483852e+05 4.6152693257e+05 1.1100059318e+00
4 2.0662953741e+00 4.5642133332e+05 -2.1787300994e+03
5 -2.6298741076e+03 4.6677135513e+05 4.8173286603e+03
6 4.6152572736e+05 -4.6140405791e+05 1.2607389289e+00
7 4.5806729628e+05 7.3693726761e-01 5.4258322561e+00
8 4.6512572111e+05 4.2067367070e+00 1.7637180141e+00
9 4.6152654507e+05 4.6152610836e+05 7.6554676184e+00
10
Lattice=8.0000000000e+00 0 0 0 8.0000000000e+00 0 0 0 8.0000000000e+00
0 -4.6946438687e+05 -4.6946461794e+05 7.1792834123e+00
1 -4.6589974478e+05 -4.6590074297e+05 1.5776397837e+00
2 -4.6575403371e+05 -4.6575481011e+05 5.1571700239e+00
3 -4.6936009652e+05 4.6948428702e+05 4.1603939651e+00
4 1.3920076987e+00 4.6428529183e+05 -2.2185747164e+03
5 -2.6779594373e+03 4.7482449900e+05 4.9052611835e+03
6 4.6948306102e+05 -4.6935930244e+05 4.3137258070e+00
7 4.6596131920e+05 4.6047921622e+00 8.7113435818e-01
8 4.7314880625e+05 7.5922210188e+00 6.4165116063e+00
9 4.6948389283e+05 4.6948344859e+05 8.8767395663e-01
10
Lattice=8.0000000000e+00 0 0 0 8.0000000000e+00 0 0 0 8.0000000000e+00
0 -4.7742141249e+05 -4.7742164748e+05 7.5689746531e+00
1 -4.7379635433e+05 -4.7379736948e+05 1.9976688960e+00
2 -4.7364817041e+05 -4.7364895991e+05 4.8258665051e+00
3 -4.7731535451e+05 4.7744164146e+05 7.2107819984e+00
4 7.1772002333e-01 4.7214925033e+05 -2.2584193334e+03
5 -2.7260447671e+03 4.8287764288e+05 4.9931937067e+03
6 4.7744039468e+05 -4.7731454698e+05 7.3667126851e+00
7 4.7385534213e+05 4.7264705683e-01 4.3164364603e+00
8 4.8117189139e+05 2.9777053307e+00 3.0693051986e+00
9 4.7744124059e+05 4.7744078882e+05 2.1198802949e+00
10
Lattice=8.0000000000e+00 0 0 0 8.0000000000e+00 0 0 0 8.0000000000e+00
0 -4.8537843812e+05 -4.8537867702e+05 7.9586658939e+00
1 -4.8169296388e+05 -4.8169399600e+05 2.4176980082e+00
2 -4.8154230711e+05 -4.8154310972e+05 4.4945629862e+00
3 -4.8527061250e+05 4.8539899590e+05 2.2611700317e+00
4 4.3432347959e-02 4.8001320884e+05 -2.2982639504e+03
5 -2.7741300969e+03 4.9093078676e+05 5.0811262300e+03
6 4.8539772835e+05 -4.8526979151e+05 2.4196995632e+00
7 4.8174936505e+05 4.3405019514e+00 7.7617385623e+00
8 4.8919497652e+05 6.3631896425e+00 7.7220987908e+00
9 4.8539858835e+05 4.8539812905e+05 3.3520866331e+00
10
Lattice=8.0000000000e+00 0 0 0 8.0000000000e+00 0 0 0 8.0000000000e+00
0 -4.9333546374e+05 -4.9333570656e+05 3.4835713473e-01
1 -4.8958957343e+05 -4.8959062252e+05 2.8377271205e+00
2 -4.8943644381e+05 -4.8943725952e+05 4.1632594674e+00
3 -4.9322587049e+05 4.9335635034e+05 5.3115580650e+00
4 7.3691446726e+00 4.8787716735e+05 -2.3381085674e+03
5 -2.8222154267e+03 4.9898393064e+05 5.1690587532e+03
6 4.9335506201e+05 -4.9322503604e+05 5.4726864413e+00
7 4.8964338797e+05 2.0835684605e-01 3.2070406644e+00
8 4.9721806166e+05 1.7486739544e+00 4.3748923830e+00
9 4.9335593611e+05 4.9335546928e+05 4.5842929714e+00
10
Lattice=8.0000000000e+00 0 0 0 8.0000000000e+00 0 0 0 8.0000000000e+00
0 -5.0129248937e+05 -5.0129273610e+05 7.3804837553e-01
1 -4.9748618297e+05 -4.9748724904e+05 3.2577562328e+00
2 -4.9733058050e+05 -4.9733140933e+05 3.8319559485e+00
3 -5.0118112848e+05 5.0131370478e+05 3.6194609829e-01
4 6.6948569972e+00 4.9574112586e+05 -2.3779531844e+03
5 -2.8703007565e+03 5.0703707452e+05 5.2569912764e+03
6 5.0131239567e+05 -5.0118028057e+05 5.2567331935e-01
7 4.9753741090e+05 4.0762117407e+00 6.6523427665e+00
8 5.0524114679e+05 5.1341582662e+00 1.0276859753e+00
9 5.0131328387e+05 5.0131280951e+05 5.8164993096e+00
10
Lattice=8.0000000000e+00 0 0 0 8.0000000000e+00 0 0 0 8.0000000000e+00
0 -5.0924951499e+05 -5.0924976564e+05 1.1277396163e+00
1 -5.0538279252e+05 -5.0538387556e+05 3.6777853451e+00
2 -5.0522471720e+05 -5.0522555913e+05 3.5006524296e+00
3 -5.0913638647e+05 5.0927105922e+05 3.4123341316e+00
4 6.0205693218e+00 5.0360508437e+05 -2.4177978014e+03
5 -2.9183860862e+03 5.1509021839e+05 5.3449237996e+03
6 5.0926972933e+05 -5.0913552511e+05 3.5786601974e+00
7 5.0543143382e+05 7.9440666353e+00 2.0976448686e+00
8 5.1326423193e+05 5.1964257806e-01 5.6804795675e+00
9 5.0927063163e+05 5.0927014974e+05 7.0487056479e+00
10
Lattice=8.0000000000e+00 0 0 0 8.0000000000e+00 0 0 0 8.0000000000e+00
0 -5.1720654062e+05 -5.1720679518e+05 1.5174308571e+00
1 -5.1327940207e+05 -5.1328050207e+05 4.0978144574e+00
2 -5.1311885390e+05 -5.1311970894e+05 3.1693489108e+00
3 -5.1709164447e+05 5.1722841366e+05 6.4627221649e+00
4 5.3462816465e+00 5.1146904288e+05 -2.4576424184e+03
5 -2.9664714160e+03 5.2314336227e+05 5.4328563229e+03
6 5.1722706299e+05 -5.1709076964e+05 6.6316470755e+00
7 5.1332545674e+05 3.8119215299e+00 5.5429469706e+00
8 5.2128731706e+05 3.9051268899e+00 2.3332731598e+00
9 5.1722797939e+05 5.1722748997e+05 2.8091198612e-01
10
Lattice=8.0000000000e+00 0 0 0 8.0000000000e+00 0 0 0 8.0000000000e+00
0 -5.2516356624e+05 -5.2516382472e+05 1.9071220979e+00
1 -5.2117601162e+05 -5.2117712859e+05 4.5178435697e+00
2 -5.2101299060e+05 -5.2101385874e+05 2.8380453919e+00
3 -5.2504690246e+05 5.2518576810e+05 1.5131101982e+00
4 4.6719939711e+00 5.1933300139e+05 -2.4974870354e+03
5 -3.0145567458e+03 5.3119650615e+05 5.5207888461e+03
6 5.2518439665e+05 -5.2504601417e+05 1.6846339536e+00
7 5.2121947966e+05 7.6797764245e+00 9.8824907272e-01
8 5.2931040220e+05 7.2906112018e+00 6.9860667520e+00
9 5.2518532715e+05 5.2518483020e+05 1.5131183244e+00
10
Lattice=8.0000000000e+00 0 0 0 8.0000000000e+00 0 0 0 8.0000000000e+00
0 -5.3312059186e+05 -5.3312085427e+05 2.2968133387e+00
1 -5.2907262116e+05 -5.2907375511e+05 4.9378726820e+00
2 -5.2890712730e+05 -5.2890800855e+05 2.5067418731e+00
3 -5.3300216045e+05 5.3314312254e+05 4.5634982315e+00
4 3.9977062957e+00 5.2719695990e+05 -2.5373316525e+03
5 -3.0626420756e+03 5.3924965003e+05 5.6087213693e+03
6 5.3314173031e+05 -5.3300125871e+05 4.7376208317e+00
7 5.2911350259e+05 3.5476313191e+00 4.4335511748e+00
8 5.3733348734e+05 2.6760955136e+00 3.6388603442e+00
9 5.3314267491e+05 5.3314217043e+05 2.7453246626e+00
10
Lattice=8.0000000000e+00 0 0 0 8.0000000000e+00 0 0 0 8.0000000000e+00
0 -5.4107761749e+05 -5.4107788381e+05 2.6865045795e+00
1 -5.3696923071e+05 -5.3697038163e+05 5.3579017943e+00
2 -5.3680126399e+05 -5.3680215835e+05 2.1754383542e+00
3 -5.4095741844e+05 5.4110047698e+05 7.6138862648e+00
4 3.3234186204e+00 5.3506091841e+05 -2.5771762695e+03
5 -3.1107274053e+03 5.4730279390e+05 5.6966538925e+03
6 5.4109906398e+05 -5.4095650324e+05 7.7906077098e+00
7 5.3700752551e+05 7.4154862137e+00 7.8788532769e+00
8 5.4535657247e+05 6.0615798255e+00 2.9165393646e-01
9 5.4110002267e+05 5.4109951066e+05 3.9775310009e+00
10
Lattice=8.0000000000e+00 0 0 0 8.0000000000e+00 0 0 0 8.0000000000e+00
0 -5.4903464311e+05 -5.4903491335e+05 3.0761958203e+00
1 -5.4486584026e+05 -5.4486700815e+05 5.7779309066e+00
2 -5.4469540069e+05 -5.4469630816e+05 1.8441348353e+00
3 -5.4891267643e+05 5.4905783143e+05 2.6642742981e+00
4 2.6491309450e+00 5.4292487692e+05 -2.6170208865e+03
5 -3.1588127351e+03 5.5535593778e+05 5.7845864158e+03
6 5.4905639764e+05 -5.4891174777e+05 2.8435945879e+00
7 5.4490154843e+05 3.2833411083e+00 3.3241553789e+00
8 5.5337965761e+05 1.4470641373e+00 4.9444475287e+00
9 5.4905737043e+05 5.4905685090e+05 5.2097373391e+00
10
Lattice=8.0000000000e+00 0 0 0 8.0000000000e+00 0 0 0 8.0000000000e+00
0 -5.5699166874e+05 -5.5699194289e+05 3.4658870611e+00
1 -5.5276244981e+05 -5.5276363466e+05 6.1979600189e+00
2 -5.5258953739e+05 -5.5259045797e+05 1.5128313165e+00
3 -5.5686793443e+05 5.5701518587e+05 5.7146623314e+00
4 1.9748432696e+00 5.5078883543e+05 -2.6568655035e+03
5 -3.2068980649e+03 5.6340908166e+05 5.8725189390e+03
6 5.5701373130e+05 -5.5686699230e+05 5.8965814659e+00
7 5.5279557136e+05 7.1511960029e+00 6.7694574810e+00
8 5.6140274274e+05 4.8325484492e+00 1.5972411209e+00
9 5.5701471819e+05 5.5701419113e+05 6.4419436774e+00
10
Lattice=8.0000000000e+00 0 0 0 8.0000000000e+00 0 0 0 8.0000000000e+00
0 -5.6494869436e+05 -5.6494897243e+05 3.8555783019e+00
1 -5.6065905936e+05 -5.6066026118e+05 6.6179891312e+00
2 -5.6048367409e+05 -5.6048460777e+05 1.1815277976e+00
3 -5.6482319242e+05 5.6497254031e+05 7.6505036474e-01
4 1.3005555943e+00 5.5865279394e+05 -2.6967101205e+03
5 -3.2549833947e+03 5.7146222554e+05 5.9604514622e+03
6 5.6497106496e+05 -5.6482223684e+05 9.4956834403e-01
7 5.6068959428e+05 3.0190508975e+00 2.2147595831e+00
8 5.6942582788e+05 2.1803276100e-01 6.2500347132e+00
9 5.6497206595e+05 5.6497153136e+05 7.6741500156e+00
10
Lattice=8.0000000000e+00 0 0 0 8.0000000000e+00 0 0 0 8.0000000000e+00
0 -5.7290571999e+05 -5.7290600197e+05 4.2452695427e+00
1 -5.6855566890e+05 -5.6855688770e+05 7.0380182435e+00
2 -5.6837781078e+05 -5.6837875758e+05 8.5022427875e-01
3 -5.7277845041e+05 5.7292989475e+05 3.8154383980e+00
4 6.2626791889e-01 5.6651675244e+05 -2.7365547375e+03
5 -3.3030687244e+03 5.7951536942e+05 6.0483839854e+03
6 5.7292839862e+05 -5.7277748137e+05 4.0025552221e+00
7 5.6858361720e+05 6.8869057922e+00 5.6600616852e+00
8 5.7744891301e+05 3.6035170728e+00 2.9028283054e+00
9 5.7292941371e+05 5.7292887159e+05 9.0635635385e-01
10
Lattice=8.0000000000e+00 0 0 0 8.0000000000e+00 0 0 0 8.0000000000e+00
0 -5.8086274561e+05 -5.8086303151e+05 4.6349607835e+00
1 -5.7645227845e+05 -5.7645351422e+05 7.4580473558e+00
2 -5.7627194748e+05 -5.7627290738e+05 5.1892075989e-01
3 -5.8073370840e+05 5.8088724919e+05 6.8658264313e+00
4 7.9519802435e+00 5.7438071095e+05 -2.7763993545e+03
5 -3.3511540542e+03 5.8756851329e+05 6.1363165087e+03
6 5.8088573228e+05 -5.8073272590e+05 7.0555421002e+00
7 5.7647764012e+05 2.7547606868e+00 1.1053637873e+00
8 5.8547199815e+05 6.9890013847e+00 7.5556218976e+00
9 5.8088676147e+05 5.8088621182e+05 2.1385626921e+00
10
Lattice=8.0000000000e+00 0 0 0 8.0000000000e+00 0 0 0 8.0000000000e+00
0 -5.8881977124e+05 -5.8882006106e+05 5.0246520243e+00
1 -5.8434888800e+05 -5.8435014073e+05 7.8780764681e+00
2 -5.8416608418e+05 -5.8416705719e+05 1.8761724103e-01
3 -5.8868896639e+05 5.8884460363e+05 1.9162144647e+00
4 7.2776925681e+00 5.8224466946e+05 -2.8162439715e+03
5 -3.3992393840e+03 5.9562165717e+05 6.2242490319e+03
6 5.8884306594e+05 -5.8868797044e+05 2.1085289783e+00
7 5.8437166305e+05 6.6226155814e+00 4.5506658893e+00
8 5.9349508329e+05 2.3744856965e+00 4.2084154899e+00
9 5.8884410923e+05 5.8884355205e+05 3.3707690303e+00
10
Lattice=8.0000000000e+00 0 0 0 8.0000000000e+00 0 0 0 8.0000000000e+00
0 -5.9677679686e+05 -5.9677709060e+05 5.4143432651e+00
1 -5.9224549755e+05 -5.9224676725e+05 2.9810558041e-01
2 -5.9206022088e+05 -5.9206120699e+05 7.8563137222e+00
3 -5.9664422438e+05 5.9680195807e+05 4.9666024980e+00
4 6.6034048928e+00 5.9010862797e+05 -2.8560885885e+03
5 -3.4473247138e+03 6.0367480105e+05 6.3121815551e+03
6 5.9680039961e+05 -5.9664321497e+05 5.1615158564e+00
7 5.9226568597e+05 2.4904704760e+00 7.9959679914e+00
8 6.0151816842e+05 5.7599700084e+00 8.6120908212e-01
9 5.9680145699e+05 5.9680089228e+05 4.6029753686e+00
10
Lattice=8.0000000000e+00 0 0 0 8.0000000000e+00 0 0 0 8.0000000000e+00
0 -6.0473382249e+05 -6.0473412014e+05 5.8040345059e+00
1 -6.0014210710e+05 -6.0014339377e+05 7.1813469270e-01
2 -5.9995435758e+05 -5.9995535680e+05 7.5250102033e+00
3 -6.0459948238e+05 6.0475931251e+05 1.6990531268e-02
4 5.9291172174e+00 5.9797258648e+05 -2.8959332055e+03
5 -3.4954100435e+03 6.1172794493e+05 6.4001140784e+03
6 6.0475773327e+05 -6.0459845950e+05 2.1450273445e-01
7 6.0015970889e+05 6.3583253706e+00 3.4412700935e+00
8 6.0954125356e+05 1.1454543202e+00 5.5140026744e+00
9 6.0475880475e+05 6.0475823251e+05 5.8351817068e+00
10
Lattice=8.0000000000e+00 0 0 0 8.0000000000e+00 0 0 0 8.0000000000e+00
0 -6.1269084811e+05 -6.1269114968e+05 6.1937257467e+00
1 -6.0803871664e+05 -6.0804002029e+05 1.1381638050e+00
2 -6.0784849427e+05 -6.0784950660e+05 7.1937066844e+00
3 -6.1255474037e+05 6.1271666695e+05 3.0673785646e+00
4 5.2548295420e+00 6.0583654499e+05 -2.9357778225e+03
5 -3.5434953733e+03 6.1978108881e+05 6.4880466016e+03
6 6.1271506693e+05 -6.1255370403e+05 3.2674896125e+00
7 6.0805373182e+05 2.2261802652e+00 6.8865721956e+00
8 6.1756433869e+05 4.5309386321e+00 2.1667962666e+00
9 6.1271615251e+05 6.1271557274e+05 7.0673880451e+00
10
Lattice=8.0000000000e+00 0 0 0 8.0000000000e+00 0 0 0 8.0000000000e+00
0 -6.2064787374e+05 -6.2064817922e+05 6.5834169875e+00
1 -6.1593532619e+05 -6.1593664681e+05 1.5581929173e+00
2 -6.1574263097e+05 -6.1574365641e+05 6.8624031656e+00
3 -6.2050999836e+05 6.2067402139e+05 6.1177665979e+00
4 4.5805418667e+00 6.1370050350e+05 -2.9756224395e+03
5 -3.5915807031e+03 6.2783423268e+05 6.5759791248e+03
6 6.2067240059e+05 -6.2050894857e+05 6.3204764906e+00
7 6.1594775474e+05 6.0940351598e+00 2.3318742976e+00
8 6.2558742383e+05 7.9164229439e+00 6.8195898588e+00
9 6.2067350026e+05 6.2067291297e+05 2.9959438334e-01
10
Lattice=8.0000000000e+00 0 0 0 8.0000000000e+00 0 0 0 8.0000000000e+00
0 -6.2860489936e+05 -6.2860520876e+05 6.9731082283e+00
1 -6.2383193574e+05 -6.2383327332e+05 1.9782220296e+00
2 -6.2363676767e+05 -6.2363780621e+05 6.5310996467e+00
3 -6.2846525635e+05 6.2863137583e+05 1.1681546312e+00
4 3.9062541913e+00 6.2156446201e+05 -3.0154670565e+03
5 -3.6396660329e+03 6.3588737656e+05 6.6639116480e+03
6 6.2862973425e+05 -6.2846419310e+05 1.3734633687e+00
7 6.2384177766e+05 1.9618900544e+00 5.7771763997e+00
8 6.3361050896e+05 3.3019072558e+00 3.4723834511e+00
9 6.2863084802e+05 6.2863025320e+05 1.5318007216e+00
10
Lattice=8.0000000000e+00 0 0 0 8.0000000000e+00 0 0 0 8.0000000000e+00
0 -6.3656192499e+05 -6.3656223830e+05 7.3627994691e+00
1 -6.3172854529e+05 -6.3172989984e+05 2.3982511419e+00
2 -6.3153090437e+05 -6.3153195602e+05 6.1997961279e+00
3 -6.3642051434e+05 6.3658873028e+05 4.2185426645e+00
4 3.2319665159e+00 6.2942842052e+05 -3.0553116735e+03
5 -3.6877513626e+03 6.4394052044e+05 6.7518441713e+03
6 6.3658706791e+05 -6.3641943763e+05 4.4264502468e+00
7 6.3173580058e+05 5.8297449490e+00 1.2224785018e+00
8 6.4163359410e+05 6.6873915676e+00 1.2517704331e-01
9 6.3658819578e+05 6.3658759343e+05 2.7640070598e+00
10
Lattice=8.0000000000e+00 0 0 0 8.0000000000e+00 0 0 0 8.0000000000e+00
0 -6.4451895061e+05 -6.4451926784e+05 7.7524907099e+00
1 -6.3962515483e+05 -6.3962652636e+05 2.8182802542e+00
2 -6.3942504107e+05 -6.3942610583e+05 5.8684926090e+00
3 -6.4437577233e+05 6.4454608472e+05 7.2689306978e+00
4 2.5576788406e+00 6.3729237903e+05 -3.0951562905e+03
5 -3.7358366924e+03 6.5199366432e+05 6.8397766945e+03
6 6.4454440157e+05 -6.4437468217e+05 7.4794371249e+00
7 6.3962982351e+05 1.6975998436e+00 4.6677806039e+00
8 6.4965667924e+05 2.0728758795e+00 4.7779706355e+00
9 6.4454554354e+05 6.4454493366e+05 3.9962133981e+00
10
Lattice=8.0000000000e+00 0 0 0 8.0000000000e+00 0 0 0 8.0000000000e+00
0 -6.5247597624e+05 -6.5247629739e+05 1.4218195071e-01
1 -6.4752176438e+05 -6.4752315288e+05 3.2383093665e+00
2 -6.4731917776e+05 -6.4732025563e+05 5.5371890901e+00
3 -6.5233103033e+05 6.5250343916e+05 2.3193187311e+00
4 1.8833911652e+00 6.4515633754e+05 -3.1350009075e+03
5 -3.7839220222e+03 6.6004680819e+05 6.9277092177e+03
6 6.5250173524e+05 -6.5232992670e+05 2.5324240030e+00
7 6.4752384643e+05 5.5654547383e+00 1.1308270594e-01
8 6.5767976437e+05 5.4583601913e+00 1.4307642278e+00
9 6.5250289130e+05 6.5250227389e+05 5.2284197363e+00
10
Lattice=8.0000000000e+00 0 0 0 8.0000000000e+00 0 0 0 8.0000000000e+00
0 -6.6043300186e+05 -6.6043332693e+05 5.3187319151e-01
1 -6.5541837393e+05 -6.5541977939e+05 3.6583384788e+00
2 -6.5521331446e+05 -6.5521440544e+05 5.2058855713e+00
3 -6.6028628832e+05 6.6046079360e+05 5.3697067644e+00
4 1.2091034898e+00 6.5302029604e+05 -3.1748455245e+03
5 -3.8320073520e+03 6.6809995207e+05 7.0156417409e+03
6 6.6045906890e+05 -6.6028517123e+05 5.5854108810e+00
7 6.5541786935e+05 1.4333096329e+00 3.5583848080e+00
8 6.6570284951e+05 8.4384450318e-01 6.0835578200e+00
9 6.6046023906e+05 6.6045961412e+05 6.4606260746e+00
10
Lattice=8.0000000000e+00 0 0 0 8.0000000000e+00 0 0 0 8.0000000000e+00
0 -6.6839002749e+05 -6.6839035647e+05 9.2156443231e-01
1 -6.6331498348e+05 -6.6331640591e+05 4.0783675911e+00
2 -6.6310745116e+05 -6.6310855524e+05 4.8745820524e+00
3 -6.6824154631e+05 6.6841814804e+05 4.2009479772e-01
4 5.3481581444e-01 6.6088425455e+05 -3.2146901415e+03
5 -3.8800926818e+03 6.7615309595e+05 7.1035742642e+03
6 6.6841640256e+05 -6.6824041577e+05 6.3839775913e-01
7 6.6331189228e+05 5.3011645275e+00 7.0036869101e+00
8 6.7372593464e+05 4.2293288150e+00 2.7363514123e+00
9 6.6841758682e+05 6.6841695435e+05 7.6928324128e+00
10
Lattice=8.0000000000e+00 0 0 0 8.0000000000e+00 0 0 0 8.0000000000e+00
0 -6.7634705311e+05 -6.7634738601e+05 1.3112556731e+00
1 -6.7121159303e+05 -6.7121303243e+05 4.4983967034e+00
2 -6.7100158786e+05 -6.7100270505e+05 4.5432785336e+00
3 -6.7619680430e+05 6.7637550248e+05 3.4704828310e+00
4 7.8605281391e+00 6.6874821306e+05 -3.2545347585e+03
5 -3.9281780115e+03 6.8420623983e+05 7.1915067874e+03
6 6.7637373622e+05 -6.7619566030e+05 3.6913846372e+00
7 6.7120591520e+05 1.1690194221e+00 2.4489890122e+00
8 6.8174901978e+05 7.6148131269e+00 7.3891450045e+00
9 6.7637493458e+05 6.7637429458e+05 9.2503875108e-01
10
Lattice=8.0000000000e+00 0 0 0 8.0000000000e+00 0 0 0 8.0000000000e+00
0 -6.8430407874e+05 -6.8430441555e+05 1.7009469139e+00
1 -6.7910820257e+05 -6.7910965895e+05 4.9184258157e+00
2 -6.7889572455e+05 -6.7889685485e+05 4.2119750147e+00
3 -6.8415206229e+05 6.8433285692e+05 6.5208708643e+00
4 7.1862404637e+00 6.7661217157e+05 -3.2943793755e+03
5 -3.9762633413e+03 6.9225938371e+05 7.2794393106e+03
6 6.8433106988e+05 -6.8415090483e+05 6.7443715153e+00
7 6.7909993812e+05 5.0368743167e+00 5.8942911143e+00
8 6.8977210491e+05 3.0002974387e+00 4.0419385967e+00
9 6.8433228234e+05 6.8433163481e+05 2.1572450893e+00
10
Lattice=8.0000000000e+00 0 0 0 8.0000000000e+00 0 0 0 8.0000000000e+00
0 -6.9226110436e+05 -6.9226144509e+05 2.0906381547e+00
1 -6.8700481212e+05 -6.8700628547e+05 5.3384549280e+00
2 -6.8678986125e+05 -6.8679100466e+05 3.8806714958e+00
3 -6.9210732029e+05 6.9229021136e+05 1.5712588976e+00
4 6.5119527883e+00 6.8447613008e+05 -3.3342239925e+03
5 -4.0243486711e+03 7.0031252758e+05 7.3673718338e+03
6 6.9228840354e+05 -6.9210614936e+05 1.7973583934e+00
7 6.8699396104e+05 9.0472921131e-01 1.3395932163e+00
8 6.9779519005e+05 6.3857817506e+00 6.9473218896e-01
9 6.9228963010e+05 6.9228897504e+05 3.3894514276e+00
10
Lattice=8.0000000000e+00 0 0 0 8.0000000000e+00 0 0 0 8.0000000000e+00
0 -7.0021812999e+05 -7.0021847463e+05 2.4803293955e+00
1 -6.9490142167e+05 -6.9490291198e+05 5.7584840403e+00
2 -6.9468399795e+05 -6.9468515446e+05 3.5493679770e+00
3 -7.0006257828e+05 7.0024756580e+05 4.6216469309e+00
4 5.8376651130e+00 6.9234008859e+05 -3.3740686096e+03
5 -4.0724340009e+03 7.0836567146e+05 7.4553043571e+03
6 7.0024573720e+05 -7.0006139390e+05 4.8503452715e+00
7 6.9488798397e+05 4.7725841059e+00 4.7848953184e+00
8 7.0581827519e+05 1.7712660624e+00 5.3475257812e+00
9 7.0024697786e+05 7.0024631527e+05 4.6216577658e+00
10
Lattice=8.0000000000e+00 0 0 0 8.0000000000e+00 0 0 0 8.0000000000e+00
0 -7.0817515561e+05 -7.0817550417e+05 2.8700206363e+00
1 -7.0279803122e+05 -7.0279953850e+05 6.1785131526e+00
2 -7.0257813465e+05 -7.0257930427e+05 3.2180644581e+00
3 -7.0801783627e+05 7.0820492024e+05 7.6720349642e+00
4 5.1633774376e+00 7.0020404710e+05 -3.4139132266e+03
5 -4.1205193306e+03 7.1641881534e+05 7.5432368803e+03
6 7.0820307087e+05 -7.0801663843e+05 7.9033321496e+00
7 7.0278200689e+05 6.4043900053e-01 2.3019742048e-01
8 7.1384136032e+05 5.1567503743e+00 2.0003193734e+00
9 7.0820432562e+05 7.0820365550e+05 5.8538641041e+00
10
Lattice=8.0000000000e+00 0 0 0 8.0000000000e+00 0 0 0 8.0000000000e+00
0 -7.1613218124e+05 -7.1613253372e+05 3.2597118771e+00
1 -7.1069464076e+05 -7.1069616502e+05 6.5985422649e+00
2 -7.1047227135e+05 -7.1047345407e+05 2.8867609393e+00
3 -7.1597309426e+05 7.1616227469e+05 2.7224229976e+00
4 4.4890897622e+00 7.0806800561e+05 -3.4537578436e+03
5 -4.1686046604e+03 7.2447195922e+05 7.6311694035e+03
6 7.1616040453e+05 -7.1597188296e+05 2.9563190276e+00
7 7.1067602981e+05 4.5082938951e+00 3.6754995226e+00
8 7.2186444546e+05 5.4223468611e-01 6.6531129657e+00
9 7.1616167338e+05 7.1616099573e+05 7.0860704423e+00
10
Lattice=8.0000000000e+00 0 0 0 8.0000000000e+00 0 0 0 8.0000000000e+00
0 -7.2408920686e+05 -7.2408956326e+05 3.6494031179e+00
1 -7.1859125031e+05 -7.1859279154e+05 7.0185713772e+00
2 -7.1836640804e+05 -7.1836760388e+05 2.5554574204e+00
3 -7.2392835225e+05 7.2411962913e+05 5.7728110309e+00
4 3.8148020868e+00 7.1593196412e+05 -3.4936024606e+03
5 -4.2166899902e+03 7.3252510310e+05 7.7191019268e+03
6 7.2411773819e+05 -7.2392712750e+05 6.0093059057e+00
7 7.1857005274e+05 3.7614878975e-01 7.1208016246e+00
8 7.2988753059e+05 3.9277189980e+00 3.3059065579e+00
9 7.2411902114e+05 7.2411833596e+05 3.1827678056e-01
10
Lattice=8.0000000000e+00 0 0 0 8.0000000000e+00 0 0 0 8.0000000000e+00
0 -7.3204623249e+05 -7.3204659280e+05 4.0390943587e+00
1 -7.2648785986e+05 -7.2648941806e+05 7.4386004895e+00
2 -7.2626054474e+05 -7.2626175368e+05 2.2241539015e+00
3 -7.3188361024e+05 7.3207698357e+05 8.2319906417e-01
4 3.1405144115e+00 7.2379592263e+05 -3.5334470776e+03
5 -4.2647753200e+03 7.4057824697e+05 7.8070344500e+03
6 7.3207507185e+05 -7.3188237203e+05 1.0622927838e+00
7 7.2646407566e+05 4.2440036844e+00 2.5661037267e+00
8 7.3791061573e+05 7.3132033098e+00 7.9587001501e+00
9 7.3207636890e+05 7.3207567619e+05 1.5504831188e+00
10
Lattice=8.0000000000e+00 0 0 0 8.0000000000e+00 0 0 0 8.0000000000e+00
0 -7.4000325811e+05 -7.4000362234e+05 4.4287855995e+00
1 -7.3438446941e+05 -7.3438604457e+05 7.8586296018e+00
2 -7.3415468144e+05 -7.3415590349e+05 1.8928503827e+00
3 -7.3983886824e+05 7.4003433801e+05 3.8735870975e+00
4 2.4662267361e+00 7.3165988114e+05 -3.5732916946e+03
5 -4.3128606497e+03 7.4863139085e+05 7.8949669732e+03
6 7.4003240551e+05 -7.3983761656e+05 4.1152796619e+00
7 7.3435809858e+05 1.1185857897e-01 6.0114058288e+00
8 7.4593370086e+05 2.6986876217e+00 4.6114937424e+00
9 7.4003371666e+05 7.4003301642e+05 2.7826894571e+00
10
Lattice=8.0000000000e+00 0 0 0 8.0000000000e+00 0 0 0 8.0000000000e+00
0 -7.4796028374e+05 -7.4796065188e+05 4.8184768403e+00
1 -7.4228107896e+05 -7.4228267109e+05 2.7865871405e-01
2 -7.4204881814e+05 -7.4205005330e+05 1.5615468638e+00
3 -7.4779412623e+05 7.4799169245e+05 6.9239751308e+00
4 1.7919390607e+00 7.3952383964e+05 -3.6131363116e+03
5 -4.3609459795e+03 7.5668453473e+05 7.9828994964e+03
6 7.4798973917e+05 -7.4779286109e+05 7.1682665400e+00
7 7.4225212150e+05 3.9797134736e+00 1.4567079309e+00
8 7.5395678600e+05 6.0841719335e+00 1.2642873346e+00
9 7.4799106442e+05 7.4799035665e+05 4.0148957953e+00
10
Lattice=8.0000000000e+00 0 0 0 8.0000000000e+00 0 0 0 8.0000000000e+00
0 -7.5591730936e+05 -7.5591768142e+05 5.2081680811e+00
1 -7.5017768850e+05 -7.5017929761e+05 6.9868782635e-01
2 -7.4994295484e+05 -7.4994420310e+05 1.2302433450e+00
3 -7.5574938422e+05 7.5594904689e+05 1.9743631641e+00
4 1.1176513854e+00 7.4738779815e+05 -3.6529809286e+03
5 -4.4090313093e+03 7.6473767861e+05 8.0708320197e+03
6 7.5594707283e+05 -7.5574810563e+05 2.2212534181e+00
7 7.5014614443e+05 7.8475683682e+00 4.9020100329e+00
8 7.6197987114e+05 1.4696562454e+00 5.9170809269e+00
9 7.5594841218e+05 7.5594769688e+05 5.2471021336e+00
10
Lattice=8.0000000000e+00 0 0 0 8.0000000000e+00 0 0 0 8.0000000000e+00
0 -7.6387433499e+05 -7.6387471096e+05 5.5978593219e+00
1 -7.5807429805e+05 -7.5807592413e+05 1.1187169386e+00
2 -7.5783709153e+05 -7.5783835291e+05 8.9893982610e-01
3 -7.6370464221e+05 7.6390640133e+05 5.0247511974e+00
4 4.4336371000e-01 7.5525175666e+05 -3.6928255456e+03
5 -4.4571166391e+03 7.7279082248e+05 8.1587645429e+03
6 7.6390440650e+05 -7.6370335016e+05 5.2742402962e+00
7 7.5804016735e+05 3.7154232628e+00 3.4731213502e-01
8 7.7000295627e+05 4.8551405572e+00 2.5698745191e+00
9 7.6390575994e+05 7.6390503711e+05 6.4793084718e+00
10
Lattice=8.0000000000e+00 0 0 0 8.0000000000e+00 0 0 0 8.0000000000e+00
0 -7.7183136061e+05 -7.7183174050e+05 5.9875505627e+00
1 -7.6597090760e+05 -7.6597255064e+05 1.5387460509e+00
2 -7.6573122823e+05 -7.6573250271e+05 5.6763630724e-01
3 -7.7165990020e+05 7.7186375577e+05 7.5139230698e-02
4 7.7690760346e+00 7.6311571517e+05 -3.7326701626e+03
5 -4.5052019688e+03 7.8084396636e+05 8.2466970661e+03
6 7.7186174016e+05 -7.7165859469e+05 3.2722717424e-01
7 7.6593419027e+05 7.5832781574e+00 3.7926142371e+00
8 7.7802604141e+05 2.4062486905e-01 7.2226681113e+00
9 7.7186310770e+05 7.7186237735e+05 7.7115148101e+00
10
Lattice=8.0000000000e+00 0 0 0 8.0000000000e+00 0 0 0 8.0000000000e+00
0 -7.7978838624e+05 -7.7978877005e+05 6.3772418035e+00
1 -7.7386751715e+05 -7.7386917716e+05 1.9587751632e+00
2 -7.7362536493e+05 -7.7362665252e+05 2.3633278838e-01
3 -7.7961515820e+05 7.7982111021e+05 3.1255272640e+00
4 7.0947883593e+00 7.7097967368e+05 -3.7725147796e+03
5 -4.5532872986e+03 7.8889711024e+05 8.3346295893e+03
6 7.7981907382e+05 -7.7961383923e+05 3.3802140523e+00
7 7.7382821319e+05 3.4511330520e+00 7.2379163392e+00
8 7.8604912654e+05 3.6261091809e+00 3.8754617036e+00
9 7.7982045546e+05 7.7981971758e+05 9.4372114830e-01
10
Lattice=8.0000000000e+00 0 0 0 8.0000000000e+00 0 0 0 8.0000000000e+00
0 -7.8774541186e+05 -7.8774579959e+05 6.7669330443e+00
1 -7.8176412670e+05 -7.8176580368e+05 2.3788042755e+00
2 -7.8151950163e+05 -7.8152080232e+05 7.9050292695e+00
3 -7.8757041619e+05 7.8777846465e+05 6.1759152973e+00
4 6.4205006839e+00 7.7884363219e+05 -3.8123593966e+03
5 -4.6013726284e+03 7.9695025412e+05 8.4225621126e+03
6 7.8777640748e+05 -7.8756908376e+05 6.4332009304e+00
7 7.8172223612e+05 7.3189879466e+00 2.6832184412e+00
8 7.9407221168e+05 7.0115934927e+00 5.2825529581e-01
9 7.8777780322e+05 7.8777705781e+05 2.1759274865e+00
