10
Lattice=8.0000000000e+00 0 0 0 8.0000000000e+00 0 0 0 8.0000000000e+00
0 4.0000000000e-01 4.0000000000e+00 4.0000000000e+00
1 1.2000000000e+00 4.0000000000e+00 4.0000000000e+00
2 2.0000000000e+00 4.0000000000e+00 4.0000000000e+00
3 2.8000000000e+00 4.0000000000e+00 4.0000000000e+00
4 3.6000000000e+00 4.0000000000e+00 4.0000000000e+00
5 4.4000000000e+00 4.0000000000e+00 4.0000000000e+00
6 5.2000000000e+00 4.0000000000e+00 4.0000000000e+00
7 6.0000000000e+00 4.0000000000e+00 4.0000000000e+00
8 6.8000000000e+00 4.0000000000e+00 4.0000000000e+00
9 7.6000000000e+00 4.0000000000e+00 4.0000000000e+00
10
Lattice=8.0000000000e+00 0 0 0 8.0000000000e+00 0 0 0 8.0000000000e+00
0 4.0937828822e-01 3.9799508433e+00 4.0154406188e+00
1 1.2042118919e+00 4.0062607042e+00 3.9882782801e+00
2 2.0050705778e+00 3.9887480404e+00 3.9794593402e+00
3 2.7981623978e+00 4.0036597167e+00 4.0207677932e+00
4 3.5830836919e+00 4.0071123237e+00 3.9901525174e+00
5 4.3913723269e+00 3.9949405888e+00 3.9831335580e+00
6 5.2030470707e+00 3.9942166158e+00 4.0089477000e+00
7 6.0002393748e+00 4.0187699473e+00 4.0077457127e+00
8 6.8028186475e+00 4.0021504498e+00 3.9940200179e+00
9 7.6026157324e+00 4.0041907701e+00 4.0120544616e+00
10
Lattice=8.0000000000e+00 0 0 0 8.0000000000e+00 0 0 0 8.0000000000e+00
0 4.0838242820e-01 3.9551220988e+00 4.0338696655e+00
1 1.2118030966e+00 4.0169133749e+00 3.9747552043e+00
2 2.0024956186e+00 3.9740915840e+00 3.9534698208e+00
3 2.7878230533e+00 4.0085662548e+00 4.0497110589e+00
4 3.5902945896e+00 4.0156766400e+00 3.9772889901e+00
5 4.3874090623e+00 3.9888932539e+00 3.9636537197e+00
6 5.1926079903e+00 3.9860285595e+00 4.0200358001e+00
7 6.0042929202e+00 4.0414439555e+00 4.0166602250e+00
8 6.8038516110e+00 4.0025191545e+00 3.9850716714e+00
9 7.6110396299e+00 4.0107451241e+00 4.0254838441e+00
10
Lattice=8.0000000000e+00 0 0 0 8.0000000000e+00 0 0 0 8.0000000000e+00
0 4.1381527985e-01 3.9196738143e+00 4.0581127332e+00
1 1.2031483565e+00 4.0376038832e+00 3.9585793219e+00
2 2.0004841770e+00 3.9510257650e+00 3.9148498533e+00
3 2.7901856690e+00 4.0165498057e+00 4.0952604824e+00
4 3.5915797253e+00 4.0274935661e+00 3.9594218206e+00
5 4.3930517708e+00 3.9804655316e+00 3.9379913523e+00
6 5.1877820891e+00 3.9733958407e+00 4.0362424221e+00
7 5.9978386286e+00 4.0718353599e+00 4.0281727859e+00
8 6.8098136333e+00 3.9985999978e+00 3.9698554144e+00
9 7.6123006705e+00 4.0233564357e+00 4.0415138140e+00
10
Lattice=8.0000000000e+00 0 0 0 8.0000000000e+00 0 0 0 8.0000000000e+00
0 4.1703599188e-01 3.8654943096e+00 4.0922931092e+00
1 1.1917957536e+00 4.0760755075e+00 3.9375621423e+00
2 2.0091290051e+00 3.9157235831e+00 3.8593306666e+00
3 2.7922676666e+00 4.0284973231e+00 4.1642033788e+00
4 3.5815682624e+00 4.0442525944e+00 3.9331904615e+00
5 4.3977877018e+00 3.9685749173e+00 3.9014942335e+00
6 5.1970014963e+00 3.9529043068e+00 4.0620286993e+00
7 5.9924042462e+00 4.1145013184e+00 4.0431005266e+00
8 6.8062039170e+00 3.9874481667e+00 3.9446164296e+00
9 7.6148059592e+00 4.0465279731e+00 4.0621803527e+00
10
Lattice=8.0000000000e+00 0 0 0 8.0000000000e+00 0 0 0 8.0000000000e+00
0 4.1820248222e-01 3.7869823464e+00 4.1381505527e+00
1 1.1913487400e+00 4.1354553652e+00 3.9103725711e+00
2 2.0266191786e+00 3.8685632668e+00 3.7884753702e+00
3 2.7782317344e+00 4.0438202043e+00 4.2583711859e+00
4 3.5658039675e+00 4.0668160920e+00 3.8954240310e+00
5 4.3991336835e+00 3.9529186674e+00 3.8517807926e+00
6 5.2049757169e+00 3.9194951482e+00 4.1004004699e+00
7 5.9997241401e+00 4.1761117210e+00 4.0621283397e+00
8 6.7949408206e+00 3.9653760651e+00 3.9063595689e+00
9 7.6210195361e+00 4.0844611237e+00 4.0885371182e+00
10
Lattice=8.0000000000e+00 0 0 0 8.0000000000e+00 0 0 0 8.0000000000e+00
0 4.2874913020e-01 3.6901389612e+00 4.1910698828e+00
1 1.1928646343e+00 4.2081742140e+00 3.8802597424e+00
2 2.0499740303e+00 3.8136039389e+00 3.7084083812e+00
3 2.7530586325e+00 4.0610430820e+00 4.3692358209e+00
4 3.5367647148e+00 4.0948182149e+00 3.8495978983e+00
5 4.4022054534e+00 3.9338243486e+00 3.7899256281e+00
6 5.2086883950e+00 3.8726993033e+00 4.1508247643e+00
7 6.0092803822e+00 4.2592404443e+00 4.0864064027e+00
8 6.7904535949e+00 3.9297216743e+00 3.8547859470e+00
9 7.6279610323e+00 4.1367358185e+00 4.1194855324e+00
10
Lattice=8.0000000000e+00 0 0 0 8.0000000000e+00 0 0 0 8.0000000000e+00
0 4.4516146901e-01 3.5858387134e+00 4.2462560635e+00
1 1.1931158824e+00 4.2855131599e+00 3.8496822098e+00
2 2.0761814897e+00 3.7556811292e+00 3.6253703133e+00
3 2.7235927729e+00 4.0787575119e+00 4.4861958940e+00
4 3.4954366019e+00 4.1264516699e+00 3.8009237280e+00
5 4.4075290939e+00 3.9125339681e+00 3.7197025769e+00
6 5.2135119393e+00 3.8176770835e+00 4.2095154542e+00
7 6.0161310068e+00 4.3566264066e+00 4.1146227574e+00
8 6.7912596305e+00 3.8838409872e+00 3.7942221170e+00
9 7.6380801134e+00 4.1970793704e+00 4.1535088859e+00
10
Lattice=8.0000000000e+00 0 0 0 8.0000000000e+00 0 0 0 8.0000000000e+00
0 4.6310007929e-01 3.4800410882e+00 4.3017523676e+00
1 1.1927722960e+00 4.3635644731e+00 3.8192086976e+00
2 2.1032357927e+00 3.6972609896e+00 3.5420453034e+00
3 2.6929965730e+00 4.0964494448e+00 4.6042212210e+00
4 3.4478947066e+00 4.1597731627e+00 3.7518813219e+00
5 4.4144284605e+00 3.8902307398e+00 3.6455529847e+00
6 5.2201407606e+00 3.7595409925e+00 4.2719376824e+00
7 6.0223361387e+00 4.4590909878e+00 4.1441752209e+00
8 6.7927131638e+00 3.8339771424e+00 3.7303077539e+00
9 7.6503820288e+00 4.2600709791e+00 4.1889174467e+00
10
Lattice=8.0000000000e+00 0 0 0 8.0000000000e+00 0 0 0 8.0000000000e+00
0 4.8121787350e-01 3.3743677008e+00 4.3571488276e+00
1 1.1923465205e+00 4.4413959456e+00 3.7888336437e+00
2 2.1304279577e+00 3.6390091347e+00 3.4589570931e+00
3 2.6622622783e+00 4.1140797618e+00 4.7220304564e+00
4 3.3980533887e+00 4.1936313917e+00 3.7030623972e+00
5 4.4222330256e+00 3.8675467369e+00 3.5702440415e+00
6 5.2275645722e+00 3.7007933197e+00 4.3353589230e+00
7 6.0285793886e+00 4.5623431778e+00 4.1738974523e+00
8 6.7939851178e+00 3.7834098049e+00 3.6658268263e+00
9 7.6633298771e+00 4.3234230262e+00 4.2246403388e+00
10
Lattice=8.0000000000e+00 0 0 0 8.0000000000e+00 0 0 0 8.0000000000e+00
0 4.9927930176e-01 3.2689991907e+00 4.4124326165e+00
1 1.1919608650e+00 4.5189460412e+00 3.7585112901e+00
2 2.1576392130e+00 3.5810060937e+00 3.3760917615e+00
3 2.6315770917e+00 4.1316815368e+00 4.8395065206e+00
4 3.3475409052e+00 4.2275296626e+00 3.6544510857e+00
5 4.4303895255e+00 3.8447624868e+00 3.4948536613e+00
6 5.2351902436e+00 3.6421606059e+00 4.3987807522e+00
7 6.0348657805e+00 4.6653406638e+00 4.2035578705e+00
8 6.7952037471e+00 3.7330058262e+00 3.6015084980e+00
9 7.6763533266e+00 4.3865678923e+00 4.2603059436e+00
10
Lattice=8.0000000000e+00 0 0 0 8.0000000000e+00 0 0 0 8.0000000000e+00
0 5.1728193907e-01 3.1638497635e+00 4.4676416089e+00
1 1.1916084590e+00 4.5962963590e+00 3.7282232598e+00
2 2.1848966208e+00 3.5232206250e+00 3.2933835755e+00
3 2.6009384923e+00 4.1492741678e+00 4.9567448995e+00
4 3.2968998520e+00 4.2612902463e+00 3.6059408954e+00
5 4.4385872112e+00 3.8219926720e+00 3.4196538088e+00
6 5.2428319998e+00 3.5837353020e+00 4.4619865953e+00
7 6.0411756074e+00 4.7680173699e+00 4.2331555766e+00
8 6.7964430391e+00 3.6828448941e+00 3.5374213582e+00
9 7.6893367792e+00 4.4494786005e+00 4.2958484220e+00
10
Lattice=8.0000000000e+00 0 0 0 8.0000000000e+00 0 0 0 8.0000000000e+00
0 5.3524921737e-01 3.0588336245e+00 4.5228045524e+00
1 1.1912636003e+00 4.6735183387e+00 3.6979653003e+00
2 2.2122359028e+00 3.4656200468e+00 3.2107889735e+00
3 2.5703236087e+00 4.1668647885e+00 5.0738357533e+00
4 3.2462696969e+00 4.2948612335e+00 3.5574539396e+00
5 4.4467012811e+00 3.7992761783e+00 3.3446550394e+00
6 5.2504556856e+00 3.5254685118e+00 4.5249918799e+00
7 6.0475111064e+00 4.8704700800e+00 4.2627149930e+00
8 6.7977093940e+00 3.6328581245e+00 3.4735066443e+00
9 7.7022805069e+00 4.5122290734e+00 4.3312829241e+00
10
Lattice=8.0000000000e+00 0 0 0 8.0000000000e+00 0 0 0 8.0000000000e+00
0 5.5319776892e-01 2.9538964942e+00 4.5779388366e+00
1 1.1909077408e+00 4.7506577311e+00 3.6677371234e+00
2 2.2396756268e+00 3.4081839630e+00 3.1282837457e+00
3 2.5397176826e+00 4.1844553267e+00 5.1908373699e+00
4 3.1956628274e+00 4.3282358669e+00 3.5089468609e+00
5 4.4547017031e+00 3.7766190647e+00 3.2698106114e+00
6 5.2580644528e+00 3.4673048016e+00 4.5878521901e+00
7 6.0538787965e+00 4.9727819530e+00 4.2922531986e+00
8 6.7989925922e+00 3.5829795072e+00 3.4097059713e+00
9 7.7152008090e+00 4.5748852918e+00 4.3666340922e+00
10
Lattice=8.0000000000e+00 0 0 0 8.0000000000e+00 0 0 0 8.0000000000e+00
0 5.7113690887e-01 2.8490070894e+00 4.6330547290e+00
1 1.1905314605e+00 4.8277417146e+00 3.6375387898e+00
2 2.2672182997e+00 3.3508995018e+00 3.0458540027e+00
3 2.5091135071e+00 4.2020459481e+00 5.3077843375e+00
4 3.1450619685e+00 4.3614234159e+00 3.4603988649e+00
5 4.4625960264e+00 3.7540149027e+00 3.1950744532e+00
6 5.2656656891e+00 3.4092053493e+00 4.6506148583e+00
7 6.0602831177e+00 5.0750052462e+00 4.3217799275e+00
8 6.8002831566e+00 3.5331657292e+00 3.3459792289e+00
9 7.7281098656e+00 4.6374911028e+00 4.4019208081e+00
10
Lattice=8.0000000000e+00 0 0 0 8.0000000000e+00 0 0 0 8.0000000000e+00
0 5.8907151383e-01 2.7441475522e+00 4.6881584487e+00
1 1.1901319440e+00 4.9047861348e+00 3.6073698143e+00
2 2.2948556479e+00 3.2937556694e+00 2.9634902501e+00
3 2.4785080494e+00 4.2196363667e+00 5.4246969349e+00
4 3.0944503896e+00 4.3944398398e+00 3.4118023182e+00
5 4.4704026029e+00 3.7314538261e+00 3.1204122627e+00
6 5.2732644465e+00 3.3511458958e+00 4.7133127794e+00
7 6.0667259376e+00 5.1771704747e+00 4.3513005752e+00
8 6.8015750489e+00 3.4833909285e+00 3.2823009606e+00
9 7.7410144194e+00 4.7000733120e+00 4.4371556558e+00
10
Lattice=8.0000000000e+00 0 0 0 8.0000000000e+00 0 0 0 8.0000000000e+00
0 6.0700405996e-01 2.6393074714e+00 4.7432539002e+00
1 1.1897105288e+00 4.9818001703e+00 3.5772290873e+00
2 2.3225735478e+00 3.2367399932e+00 2.8811843143e+00
3 2.4479002603e+00 4.2372262854e+00 5.5415872231e+00
4 3.0438184592e+00 4.4273049820e+00 3.3631572377e+00
5 4.4781400978e+00 3.7089261659e+00 3.0458004965e+00
6 5.2808633649e+00 3.2931117218e+00 4.7759675106e+00
7 6.0732073029e+00 5.2792953016e+00 4.3808181870e+00
8 6.8028648768e+00 3.4336400295e+00 3.2186551349e+00
9 7.7539175015e+00 4.7626478790e+00 4.4723469085e+00
10
Lattice=8.0000000000e+00 0 0 0 8.0000000000e+00 0 0 0 8.0000000000e+00
0 6.2493576493e-01 2.5344805684e+00 4.7983436165e+00
1 1.1892709928e+00 5.0587890483e+00 3.5471149750e+00
2 2.3503559769e+00 3.1798375625e+00 2.7989281343e+00
3 2.4172899560e+00 4.2548155139e+00 5.6584625519e+00
4 2.9931625649e+00 4.4600412017e+00 3.3144680631e+00
5 4.4858241985e+00 3.6864236499e+00 2.9712233772e+00
6 5.2884635774e+00 3.2350938807e+00 4.8385930131e+00
7 6.0797261511e+00 5.3813901243e+00 4.4103345318e+00
8 6.8041508400e+00 3.3839042310e+00 3.1550314850e+00
9 7.7668199775e+00 4.8252242194e+00 4.5075002520e+00
10
Lattice=8.0000000000e+00 0 0 0 8.0000000000e+00 0 0 0 8.0000000000e+00
0 6.4286719419e-01 2.4296629070e+00 4.8534292862e+00
1 1.1888184460e+00 5.1357555842e+00 3.5170254346e+00
2 2.3781878215e+00 3.1230317599e+00 2.7167136397e+00
3 2.3866772950e+00 4.2724039753e+00 5.7753275237e+00
4 2.9424823374e+00 4.4926719057e+00 3.2657415470e+00
5 4.4934671242e+00 3.6639395979e+00 2.8966703452e+00
6 5.2960654253e+00 3.1770868521e+00 4.9011983914e+00
7 6.0862807939e+00 5.4834612498e+00 4.4398506634e+00
8 6.8054320102e+00 3.3341783332e+00 3.0914232724e+00
9 7.7797215522e+00 4.8878078349e+00 4.5426198965e+00
10
Lattice=8.0000000000e+00 0 0 0 8.0000000000e+00 0 0 0 8.0000000000e+00
0 6.6079858026e-01 2.3248519212e+00 4.9085120582e+00
1 1.1883586229e+00 5.2127010566e+00 3.4869581112e+00
2 2.4060564689e+00 3.0663057330e+00 2.6345331087e+00
3 2.3560625455e+00 4.2899916796e+00 5.8921851009e+00
4 2.8917783326e+00 4.5252199652e+00 3.2169852807e+00
5 4.5010780636e+00 3.6414687495e+00 2.8221342706e+00
6 5.3036688825e+00 3.1190871574e+00 4.9637896708e+00
7 6.0928692174e+00 5.5855126577e+00 4.4693672197e+00
8 6.8067079159e+00 3.2844592150e+00 3.0278259590e+00
9 7.7926213705e+00 4.9504018649e+00 4.5777092203e+00
10
Lattice=8.0000000000e+00 0 0 0 8.0000000000e+00 0 0 0 8.0000000000e+00
0 6.7872999117e-01 2.2200458756e+00 4.9635927278e+00
1 1.1878974249e+00 5.2896257134e+00 3.4569104203e+00
2 2.4339523364e+00 3.0096437980e+00 2.5523795872e+00
3 2.3254459874e+00 4.3075786924e+00 6.0090372414e+00
4 2.8410507205e+00 4.5577064149e+00 3.1682067152e+00
5 4.5086638113e+00 3.6190069996e+00 2.7476102749e+00
6 5.3112737781e+00 3.0610925529e+00 5.0263709083e+00
7 6.0994892642e+00 5.6875469808e+00 4.4988845865e+00
8 6.8079783192e+00 3.2347449723e+00 2.9642364161e+00
9 7.8055183668e+00 5.0130080000e+00 4.6127711222e+00
10
Lattice=8.0000000000e+00 0 0 0 8.0000000000e+00 0 0 0 8.0000000000e+00
0 6.9666141909e-01 2.1152435587e+00 5.0186718534e+00
1 1.1874406162e+00 5.3665290757e+00 3.4268796201e+00
2 2.4618686808e+00 2.9530323532e+00 2.4702471587e+00
3 2.2948278764e+00 4.3251651091e+00 6.1258852725e+00
4 2.7902988256e+00 4.5901496913e+00 3.1194126080e+00
5 4.5162293556e+00 3.5965511418e+00 2.6730949686e+00
6 5.3188799038e+00 3.0031015568e+00 5.0889448838e+00
7 6.1061387430e+00 5.7895660589e+00 4.5284029927e+00
8 6.8092431139e+00 3.1850344257e+00 2.9006524402e+00
9 7.8184114655e+00 5.0756270288e+00 4.6478082020e+00
10
Lattice=8.0000000000e+00 0 0 0 8.0000000000e+00 0 0 0 8.0000000000e+00
0 7.1459282623e-01 2.0104441010e+00 5.0737498319e+00
1 1.1869936162e+00 5.4434101314e+00 3.3968628759e+00
2 2.4898010609e+00 2.8964602394e+00 2.3881310215e+00
3 2.2642084333e+00 4.3427510362e+00 6.2427301159e+00
4 2.7395210911e+00 4.6225654049e+00 3.0706087967e+00
5 4.5237783502e+00 3.5740986548e+00 2.5985859581e+00
6 5.3264870610e+00 2.9451131672e+00 5.1515135340e+00
7 6.1128154952e+00 5.8915712557e+00 4.5579225662e+00
8 6.8105023751e+00 3.1353268384e+00 2.8370724512e+00
9 7.8312996906e+00 5.1382591710e+00 4.6828228486e+00
10
Lattice=8.0000000000e+00 0 0 0 8.0000000000e+00 0 0 0 8.0000000000e+00
0 7.3252416754e-01 1.9056468591e+00 5.1288269486e+00
1 1.1865613529e+00 5.5202674731e+00 3.3668573200e+00
2 2.5177467257e+00 2.8399186829e+00 2.3060274138e+00
3 2.2335878449e+00 4.3603365787e+00 6.3595724332e+00
4 2.6887155948e+00 4.6549664955e+00 3.0218001847e+00
5 4.5313134734e+00 3.5516475342e+00 2.5240815260e+00
6 5.3340950776e+00 2.8871266916e+00 5.2140782294e+00
7 6.1195174355e+00 5.9935636494e+00 4.5874433685e+00
8 6.8117561061e+00 3.0856217494e+00 2.7734952982e+00
9 7.8441822214e+00 5.2009042860e+00 4.7178172775e+00
10
Lattice=8.0000000000e+00 0 0 0 8.0000000000e+00 0 0 0 8.0000000000e+00
0 7.5045539599e-01 1.8008513067e+00 5.1839034099e+00
1 1.1861481585e+00 5.5970994081e+00 3.3368601055e+00
2 2.5457040754e+00 2.7834010123e+00 2.2239333619e+00
3 2.2029662703e+00 4.3779218258e+00 6.4764128196e+00
4 2.6378803066e+00 4.6873635832e+00 2.9729908369e+00
5 4.5388366932e+00 3.5291961655e+00 2.4495804188e+00
6 5.3417038120e+00 2.8291416415e+00 5.2766399538e+00
7 6.1262425800e+00 6.0955441801e+00 4.6169654185e+00
8 6.8130042945e+00 3.0359188703e+00 2.7099201303e+00
9 7.8570584134e+00 5.2635620066e+00 4.7527935448e+00
10
Lattice=8.0000000000e+00 0 0 0 8.0000000000e+00 0 0 0 8.0000000000e+00
0 7.6838646515e-01 1.6960570700e+00 5.2389793658e+00
1 1.1857576948e+00 5.6739040582e+00 3.3068684572e+00
2 2.5736722471e+00 2.7269022880e+00 2.1418466899e+00
3 2.1723438507e+00 4.3955068396e+00 6.5932517261e+00
4 2.5870133309e+00 4.7197653676e+00 2.9241841115e+00
5 4.5463494588e+00 3.5067432295e+00 2.3750816598e+00
6 5.3493131501e+00 2.7711576653e+00 5.3391994221e+00
7 6.1329890614e+00 6.1975136329e+00 4.6464887071e+00
8 6.8142469421e+00 2.9862180227e+00 2.6463463101e+00
9 7.8699277989e+00 5.3262318263e+00 4.7877535505e+00
10
Lattice=8.0000000000e+00 0 0 0 8.0000000000e+00 0 0 0 8.0000000000e+00
0 7.8631733569e-01 1.5912638216e+00 5.2940549244e+00
1 1.1853929046e+00 5.7506795023e+00 3.2768797191e+00
2 2.6016508247e+00 2.6704189202e+00 2.0597658200e+00
3 2.1417207176e+00 4.4130916612e+00 6.7100894755e+00
4 2.5361131123e+00 4.7521789900e+00 2.8753827868e+00
5 4.5538528367e+00 3.4842876341e+00 2.3005845198e+00
6 5.3569230010e+00 2.7131745059e+00 5.4017571605e+00
7 6.1397551300e+00 6.2994727064e+00 4.6760132063e+00
8 6.8154840620e+00 2.9365191004e+00 2.5827733478e+00
9 7.8827900754e+00 5.3889131578e+00 4.8226990398e+00
10
Lattice=8.0000000000e+00 0 0 0 8.0000000000e+00 0 0 0 8.0000000000e+00
0 8.0424797562e-01 1.4864712674e+00 5.3491301538e+00
1 1.1850559834e+00 5.8274238526e+00 3.2468914062e+00
2 2.6296396450e+00 2.6139483462e+00 1.9776895902e+00
3 2.1110969634e+00 4.4306763114e+00 6.8269263267e+00
4 2.4851785711e+00 4.7846103248e+00 2.8265891656e+00
5 4.5613476205e+00 3.4618284604e+00 2.2260884619e+00
6 5.3645332929e+00 2.6551919719e+00 5.4643135603e+00
7 6.1465391812e+00 6.4014220470e+00 4.7055388765e+00
8 6.8167156797e+00 2.8868220460e+00 2.5192008546e+00
9 7.8956450872e+00 5.4516053722e+00 4.8576316043e+00
10
Lattice=8.0000000000e+00 0 0 0 8.0000000000e+00 0 0 0 8.0000000000e+00
0 8.2217835461e-01 1.3816791575e+00 5.4042050955e+00
1 1.1847483783e+00 5.9041352564e+00 3.2169012353e+00
2 2.6576386741e+00 2.5574887701e+00 1.8956171453e+00
3 2.0804726677e+00 4.4482607915e+00 6.9437626366e+00
4 2.4342091777e+00 4.8170641915e+00 2.7778050057e+00
5 4.5688344068e+00 3.4393649245e+00 2.1515930655e+00
6 5.3721439684e+00 2.5972099192e+00 5.5268689153e+00
7 6.1533397356e+00 6.5033622619e+00 4.7350656719e+00
8 6.8179418311e+00 2.8371268344e+00 2.4556285421e+00
9 7.9084928057e+00 5.5143078930e+00 4.8925526870e+00
10
Lattice=8.0000000000e+00 0 0 0 8.0000000000e+00 0 0 0 8.0000000000e+00
0 8.4010843140e-01 1.2768871787e+00 5.4592797669e+00
1 1.1844708086e+00 5.9808120602e+00 3.1869071552e+00
2 2.6856479304e+00 2.5010389597e+00 1.8135478528e+00
3 2.0498479461e+00 4.4658450861e+00 7.0605987414e+00
4 2.3832049772e+00 4.8495444973e+00 2.7290317178e+00
5 4.5763136498e+00 3.4168963500e+00 2.0770979960e+00
6 5.3797549821e+00 2.5392282183e+00 5.5894234481e+00
7 6.1601553973e+00 6.6052939508e+00 4.7645935440e+00
8 6.8191625608e+00 2.7874334616e+00 2.3920561847e+00
9 7.9213333163e+00 5.5770202373e+00 4.9274635931e+00
10
Lattice=8.0000000000e+00 0 0 0 8.0000000000e+00 0 0 0 8.0000000000e+00
0 8.5803815497e-01 1.1720951670e+00 5.5143541652e+00
1 1.1842233071e+00 6.0574528929e+00 3.1569073735e+00
2 2.7136674402e+00 2.4445980926e+00 1.7314812429e+00
3 2.0192229139e+00 4.4834291594e+00 7.1774348613e+00
4 2.3321665832e+00 4.8820543360e+00 2.6802705017e+00
5 4.5837857012e+00 3.3944221483e+00 2.0026029831e+00
6 5.3873663024e+00 2.4812466219e+00 5.6519773233e+00
7 6.1669848815e+00 6.7072178364e+00 4.7941224490e+00
8 6.8203779215e+00 2.7377419380e+00 2.3284836037e+00
9 7.9341667939e+00 5.6397418075e+00 4.9623654964e+00
10
Lattice=8.0000000000e+00 0 0 0 8.0000000000e+00 0 0 0 8.0000000000e+00
0 8.7596746371e-01 1.0673029564e+00 5.5694282705e+00
1 1.1840052844e+00 6.1340567311e+00 3.1269002923e+00
2 2.7416972103e+00 2.3881656563e+00 1.6494169564e+00
3 1.9885976873e+00 4.5010129589e+00 7.2942713241e+00
4 2.2810951369e+00 4.9145960515e+00 2.6315222292e+00
5 4.5912508404e+00 3.3719418042e+00 1.9281078050e+00
6 5.3949779115e+00 2.4232650164e+00 5.7145306658e+00
7 6.1738270101e+00 6.8091345190e+00 4.8236523524e+00
8 6.8215879739e+00 2.6880522618e+00 2.2649106566e+00
9 7.9469934816e+00 5.7024720445e+00 4.9972594477e+00
10
Lattice=8.0000000000e+00 0 0 0 8.0000000000e+00 0 0 0 8.0000000000e+00
0 8.9389627941e-01 9.6251036508e-01 5.6245020516e+00
1 1.1838156112e+00 6.2106229453e+00 3.0968846378e+00
2 2.7697372176e+00 2.3317413577e+00 1.5673546709e+00
3 1.9579723829e+00 4.5185964260e+00 7.4111084582e+00
4 2.2299922420e+00 4.9471712805e+00 2.5827874479e+00
5 4.5987092959e+00 3.3494548651e+00 1.8536122781e+00
6 5.4025897947e+00 2.3652833213e+00 5.7770836117e+00
7 6.1806807141e+00 6.9110445827e+00 4.8531832217e+00
8 6.8227927847e+00 2.6383644120e+00 2.2013372345e+00
9 7.9598136775e+00 5.7652104443e+00 5.0321463875e+00
10
Lattice=8.0000000000e+00 0 0 0 8.0000000000e+00 0 0 0 8.0000000000e+00
0 9.1182450381e-01 8.5771717472e-01 5.6795755155e+00
1 1.1836527083e+00 6.2871513380e+00 3.0668594802e+00
2 2.7977874004e+00 2.2753250557e+00 1.4852941138e+00
3 1.9273471244e+00 4.5361794977e+00 7.5279465910e+00
4 2.1788598809e+00 4.9797810022e+00 2.5340663745e+00
5 4.6061612624e+00 3.3269609338e+00 1.7791162317e+00
6 5.4102019395e+00 2.3073014482e+00 5.8396362481e+00
7 6.1875450276e+00 7.0129485611e+00 4.8827150336e+00
8 6.8239924278e+00 2.5886784193e+00 2.1377632517e+00
9 7.9726277250e+00 5.8279565692e+00 5.0670271598e+00
10
Lattice=8.0000000000e+00 0 0 0 8.0000000000e+00 0 0 0 8.0000000000e+00
0 9.2975201137e-01 7.5292312496e-01 5.7346485867e+00
1 1.1835146489e+00 6.3636422104e+00 3.0368241716e+00
2 2.8258476514e+00 2.2189166559e+00 1.4032351345e+00
3 1.8967220430e+00 4.5537621218e+00 7.6447861307e+00
4 2.1277002935e+00 5.0124255667e+00 2.4853588786e+00
5 4.6136069170e+00 3.3044596570e+00 1.7046193910e+00
6 5.4178143368e+00 2.2493192963e+00 5.9021887595e+00
7 6.1944191057e+00 7.1148469868e+00 4.9122477806e+00
8 6.8251869840e+00 2.5389943166e+00 2.0741886390e+00
9 7.9854360084e+00 5.8907100636e+00 5.1019025279e+00
10
Lattice=8.0000000000e+00 0 0 0 8.0000000000e+00 0 0 0 8.0000000000e+00
0 9.4767863280e-01 6.4812792014e-01 5.7897211504e+00
1 1.1833992662e+00 6.4400962781e+00 3.0067783272e+00
2 2.8539179564e+00 2.1625161419e+00 1.3211776511e+00
3 1.8660972782e+00 4.5713442822e+00 7.7616276166e+00
4 2.0765159172e+00 5.0451047042e+00 2.4366644437e+00
5 4.6210464297e+00 3.2819507193e+00 1.6301216048e+00
6 5.4254269819e+00 2.1913367469e+00 5.9647411980e+00
7 6.2013021762e+00 7.2167403954e+00 4.9417814751e+00
8 6.8263764071e+00 2.4893121362e+00 2.0106133401e+00
9 7.9982389543e+00 5.9534706757e+00 5.1367731930e+00
10
Lattice=8.0000000000e+00 0 0 0 8.0000000000e+00 0 0 0 8.0000000000e+00
0 9.6560413890e-01 5.4333117239e-01 5.8447930449e+00
1 1.1833042508e+00 6.5165146200e+00 2.9767218055e+00
2 2.8819982582e+00 2.1061235652e+00 1.2391216269e+00
3 1.8354729771e+00 4.5889260463e+00 7.8784718107e+00
4 2.0253092915e+00 5.0778175801e+00 2.3879820924e+00
5 4.6284799665e+00 3.2594338418e+00 1.5556227703e+00
6 5.4330398823e+00 2.1333536557e+00 6.0272936013e+00
7 6.2081935231e+00 7.3186293339e+00 4.9713161574e+00
8 6.8275606702e+00 2.4396318946e+00 1.9470372731e+00
9 1.1037041563e-02 6.0162382899e+00 5.1716398176e+00
10
Lattice=8.0000000000e+00 0 0 0 8.0000000000e+00 0 0 0 8.0000000000e+00
0 9.8352821718e-01 4.3853229716e-01 5.8998640474e+00
1 1.1832272389e+00 6.5928987014e+00 2.9466546764e+00
2 2.9100883570e+00 2.0497389747e+00 1.1570670603e+00
3 1.8048492967e+00 4.6065076872e+00 7.9953198582e+00
4 1.9740829432e+00 5.1105628149e+00 2.3393102482e+00
5 4.6359076971e+00 3.2369087668e+00 1.4811227979e+00
6 5.4406530687e+00 2.0753698354e+00 6.0898460842e+00
7 6.2150924865e+00 7.4205143819e+00 5.0008519031e+00
8 6.8287398695e+00 2.3899535654e+00 1.8834602661e+00
9 2.3830825288e-02 6.0790129752e+00 5.2065030582e+00
10
Lattice=8.0000000000e+00 0 0 0 8.0000000000e+00 0 0 0 8.0000000000e+00
0 1.0014504308e+00 3.3373056700e-01 5.9549338768e+00
1 1.1831658954e+00 6.6692502240e+00 2.9165771865e+00
2 2.9381880399e+00 1.9933623904e+00 1.0750139704e+00
3 1.7742264128e+00 4.6240896685e+00 1.1217358180e-01
4 1.9228392955e+00 5.1433384655e+00 2.2906464754e+00
5 4.6433298012e+00 3.2143752838e+00 1.4066216056e+00
6 5.4482666009e+00 2.0173850049e+00 6.1523986133e+00
7 6.2219984412e+00 7.5223961345e+00 5.0303888360e+00
8 6.8299141035e+00 2.3402771662e+00 1.8198822381e+00
9 3.6620978666e-02 6.1417950952e+00 5.2413636161e+00
10
Lattice=8.0000000000e+00 0 0 0 8.0000000000e+00 0 0 0 8.0000000000e+00
0 1.0193701464e+00 2.2892496952e-01 6.0100020847e+00
1 1.1831179828e+00 6.7455711028e+00 2.8864897231e+00
2 2.9662970876e+00 1.9369937984e+00 9.9296238947e-01
3 1.7436045427e+00 4.6416728768e+00 2.2903601791e-01
4 1.8715805809e+00 5.1761419163e+00 2.2419869869e+00
5 4.6507464730e+00 3.1918332124e+00 1.3321191152e+00
6 5.4558805765e+00 1.9593988024e+00 6.2149510964e+00
7 6.2289107688e+00 7.6242752367e+00 5.0599271513e+00
8 6.8310834756e+00 2.2906027135e+00 1.7563031331e+00
9 4.9408365781e-02 6.2045853713e+00 5.2762223019e+00
10
Lattice=8.0000000000e+00 0 0 0 8.0000000000e+00 0 0 0 8.0000000000e+00
0 1.0372864173e+00 1.2411402679e-01 6.0650679457e+00
1 1.1830814114e+00 6.8218634007e+00 2.8563927778e+00
2 2.9944152796e+00 1.8806331455e+00 9.1091233959e-01
3 1.7129839833e+00 4.6592590265e+00 3.4591238781e-01
4 1.8203087558e+00 5.2089695721e+00 2.1933257132e+00
5 4.6581579254e+00 3.1692823938e+00 1.2576152463e+00
6 5.4634951434e+00 1.9014107833e+00 6.2775033722e+00
7 6.2358288221e+00 7.7261524187e+00 5.0894671521e+00
8 6.8322480898e+00 2.2409302182e+00 1.6927229117e+00
9 6.2194171954e-02 6.2673850145e+00 5.3110801536e+00
10
Lattice=8.0000000000e+00 0 0 0 8.0000000000e+00 0 0 0 8.0000000000e+00
0 1.0551977828e+00 1.9295570319e-02 6.1201303031e+00
1 1.1830542738e+00 6.8981292621e+00 2.8262869116e+00
2 3.0225423982e+00 1.8242803393e+00 8.2886383956e-01
3 1.6823651689e+00 4.6768514604e+00 4.6281188925e-01
4 1.7690254127e+00 5.2418161279e+00 2.1446525504e+00
5 4.6655643943e+00 3.1467226861e+00 1.1831099070e+00
6 5.4711105221e+00 1.8434203560e+00 6.3400551690e+00
7 6.2427518846e+00 7.8280285379e+00 5.1190092731e+00
8 6.8334080485e+00 2.1912596719e+00 1.6291415292e+00
9 7.4980114156e-02 6.3301959881e+00 5.3459386278e+00
10
Lattice=8.0000000000e+00 0 0 0 8.0000000000e+00 0 0 0 8.0000000000e+00
0 1.0731019370e+00 7.9144664464e+00 6.1751872961e+00
1 1.1830348642e+00 6.9743708529e+00 2.7961727259e+00
2 3.0506782297e+00 1.7679352551e+00 7.4681688579e-01
3 1.6517487413e+00 4.6944568392e+00 5.7975097262e-01
4 1.7177316970e+00 5.2746729387e+00 2.0959501081e+00
5 4.6729661411e+00 3.1241539577e+00 1.1086029978e+00
6 5.4787270385e+00 1.7854267437e+00 6.4026060368e+00
7 6.2496791234e+00 7.9299046282e+00 5.1485541581e+00
8 6.8345634502e+00 2.1415910690e+00 1.5655589330e+00
9 8.7768777544e-02 6.3930212693e+00 5.3807998858e+00
10
Lattice=8.0000000000e+00 0 0 0 8.0000000000e+00 0 0 0 8.0000000000e+00
0 1.0909952138e+00 7.8096221776e+00 6.2302359103e+00
1 1.1830216854e+00 7.0505903084e+00 2.7660508376e+00
2 3.0788225683e+00 1.7115977444e+00 6.6477144490e-01
3 1.6211355689e+00 4.7120886091e+00 6.9675892413e-01
4 1.6664282872e+00 5.3075246027e+00 2.0471881392e+00
5 4.6803634548e+00 3.1015760788e+00 1.0340943821e+00
6 5.4863451681e+00 1.7274289490e+00 6.4651552674e+00
7 6.2566095352e+00 3.1781952695e-02 5.1781027736e+00
8 6.8357143862e+00 2.0919244024e+00 1.5019750567e+00
9 1.0056413215e-01 6.4558651749e+00 5.4156672640e+00
10
Lattice=8.0000000000e+00 0 0 0 8.0000000000e+00 0 0 0 8.0000000000e+00
0 1.1088718511e+00 7.7047566920e+00 6.2852712450e+00
1 1.1830134448e+00 7.1267896958e+00 2.7359218617e+00
2 3.1069752209e+00 1.6552676425e+00 5.8272745050e-01
3 1.5905264767e+00 4.7297730148e+00 8.1388479595e-01
4 1.6151156765e+00 5.3403429856e+00 1.9983166888e+00
5 4.6877566537e+00 3.0789889102e+00 9.5958390944e-01
6 5.4939655909e+00 1.6694257342e+00 6.5277017827e+00
7 6.2635418847e+00 1.3366204100e-01 5.2076565022e+00
8 6.8368609361e+00 2.0422596551e+00 1.4383898146e+00
9 1.1337226454e-01 6.5187336289e+00 5.4505459489e+00
10
Lattice=8.0000000000e+00 0 0 0 8.0000000000e+00 0 0 0 8.0000000000e+00
0 1.1267230794e+00 7.5998623462e+00 6.3402856859e+00
1 1.1830090440e+00 7.2029709941e+00 2.7057863977e+00
2 3.1351360160e+00 1.5989447741e+00 5.0068480212e-01
3 1.5599211313e+00 4.7475512457e+00 9.3119051189e-01
4 1.5637953063e+00 5.3730850994e+00 1.9492729661e+00
5 4.6951460861e+00 3.0563922834e+00 8.8507139962e-01
6 5.5015892519e+00 1.6114156396e+00 6.5902440025e+00
7 6.2704746425e+00 2.3554668872e-01 5.2372173017e+00
8 6.8380031632e+00 1.9925967972e+00 1.3748030802e+00
9 1.2620227933e-01 6.5816341314e+00 5.4854438523e+00
10
Lattice=8.0000000000e+00 0 0 0 8.0000000000e+00 0 0 0 8.0000000000e+00
0 1.1445362865e+00 7.4949306234e+00 6.3952680555e+00
1 1.1830075626e+00 7.2791360504e+00 2.6756450222e+00
2 3.1633048153e+00 1.5426289576e+00 4.1864336520e-01
3 1.5293171013e+00 4.7654110807e+00 1.0486348452e+00
4 1.5124705275e+00 5.4057614772e+00 1.9000973704e+00
5 4.7025321315e+00 3.0337860134e+00 8.1055663105e-01
6 5.5092174142e+00 1.5533970724e+00 6.6527797114e+00
7 6.2774059297e+00 3.3743788706e-01 5.2667878638e+00
8 6.8391411077e+00 1.9429357820e+00 1.3112146935e+00
9 1.3906712383e-01 6.6445750558e+00 5.5203724419e+00
10
Lattice=8.0000000000e+00 0 0 0 8.0000000000e+00 0 0 0 8.0000000000e+00
0 1.1622948171e+00 7.3899538886e+00 6.4502032687e+00
1 1.1830082387e+00 7.3552865717e+00 2.6454982789e+00
2 3.1914815307e+00 1.4863200069e+00 3.3660297169e-01
3 1.4987363979e+00 4.7826933733e+00 1.1653843540e+00
4 1.4611200777e+00 5.4390297041e+00 1.8516225584e+00
5 4.7099152044e+00 3.0111698732e+00 7.3603933501e-01
6 5.5168516850e+00 1.4953685003e+00 6.7153059799e+00
7 6.2843334946e+00 4.3933764875e-01 5.2963717437e+00
8 6.8402747764e+00 1.8932765435e+00 1.2476244308e+00
9 1.5198377744e-01 6.7075638896e+00 5.5553470789e+00
10
Lattice=8.0000000000e+00 0 0 0 8.0000000000e+00 0 0 0 8.0000000000e+00
0 1.1799791686e+00 7.2849281618e+00 6.5050732178e+00
1 1.1830104547e+00 7.4314240793e+00 2.6153466608e+00
2 3.2196661443e+00 1.4300177230e+00 2.5456342146e-01
3 1.4684888682e+00 4.7949043181e+00 1.2772199650e+00
4 1.4094346986e+00 5.4773822125e+00 1.8080668724e+00
5 4.7172957577e+00 2.9885435736e+00 6.6151919354e-01
6 5.5244939747e+00 1.4373287685e+00 6.7778192055e+00
7 6.2912547590e+00 5.4124771590e-01 5.3259734290e+00
8 6.8414041270e+00 1.8436189866e+00 1.1840318938e+00
9 1.6497204725e-01 6.7706044607e+00 5.5903861408e+00
10
Lattice=8.0000000000e+00 0 0 0 8.0000000000e+00 0 0 0 8.0000000000e+00
0 1.1975699657e+00 7.1798559475e+00 6.5598593374e+00
1 1.1830137335e+00 7.5075497216e+00 2.5851905557e+00
2 3.2478587298e+00 1.3737218511e+00 1.7252448740e-01
3 1.4399375623e+00 4.7883347760e+00 1.3750987224e+00
4 1.3560518028e+00 5.5345271918e+00 1.7784726532e+00
5 4.7246742861e+00 2.9659067445e+00 5.8699584210e-01
6 5.5321463173e+00 1.3792775107e+00 6.8403153503e+00
7 6.2981669678e+00 6.4316916818e-01 5.3555979164e+00
8 6.8425290476e+00 1.7939629802e+00 1.1204366791e+00
9 1.7805158713e-01 6.8336941085e+00 5.6255084561e+00
10
Lattice=8.0000000000e+00 0 0 0 8.0000000000e+00 0 0 0 8.0000000000e+00
0 1.2150520108e+00 7.0747474552e+00 6.6145464104e+00
1 1.1830177270e+00 7.5836639140e+00 2.5550300205e+00
2 3.2760594790e+00 1.3174321940e+00 9.0485921804e-02
3 1.4140996619e+00 4.7572602113e+00 1.4593500331e+00
4 1.2999545474e+00 5.6161888893e+00 1.7625101381e+00
5 4.7320513283e+00 2.9432589156e+00 5.1246887941e-01
6 5.5398106143e+00 1.3212155749e+00 6.9027904659e+00
7 6.3050674592e+00 7.4510202691e-01 5.3852502912e+00
8 6.8436493291e+00 1.7443083525e+00 1.0568382661e+00
9 1.9123784312e-01 6.8968224662e+00 5.6607295733e+00
10
Lattice=8.0000000000e+00 0 0 0 8.0000000000e+00 0 0 0 8.0000000000e+00
0 1.2324178192e+00 6.9696190977e+00 6.6691261081e+00
1 1.1830221455e+00 7.6597662762e+00 2.5248646939e+00
2 3.3042687338e+00 1.2611485655e+00 8.4474646585e-03
3 1.3896273994e+00 4.7155574285e+00 1.5394203206e+00
4 1.2424909809e+00 5.7084909784e+00 1.7507328341e+00
5 4.7394274692e+00 2.9205995006e+00 4.3793788630e-01
6 5.5474882898e+00 1.2631452862e+00 6.9652414397e+00
7 6.3119540252e+00 8.4704502013e-01 5.4149350289e+00
8 6.8447646215e+00 1.6946548749e+00 9.9323595141e-01
9 2.0453851544e-01 6.9599729718e+00 5.6960582724e+00
10
Lattice=8.0000000000e+00 0 0 0 8.0000000000e+00 0 0 0 8.0000000000e+00
0 1.2496693708e+00 6.8644897021e+00 6.7235987008e+00
1 1.1830266705e+00 7.7358560170e+00 2.4946942441e+00
2 3.3324870153e+00 1.2048707763e+00 7.9264088596e+00
3 1.3654297493e+00 4.6719368612e+00 1.6189936157e+00
4 1.1847524359e+00 5.8027239450e+00 1.7394567758e+00
5 4.7468033413e+00 2.8979277849e+00 3.6340245373e-01
6 5.5551799722e+00 1.2050704122e+00 7.0276668032e+00
7 6.3188252718e+00 9.4899564238e-01 5.4446552043e+00
8 6.8458743691e+00 1.6450021938e+00 9.2962878359e-01
9 2.1795180373e-01 7.0231266651e+00 5.7314945593e+00
10
Lattice=8.0000000000e+00 0 0 0 8.0000000000e+00 0 0 0 8.0000000000e+00
0 1.2668176737e+00 6.7593759645e+00 6.7779732490e+00
1 1.1830309166e+00 7.8119322197e+00 2.4645183064e+00
2 3.3607150431e+00 1.1485986347e+00 7.8443698793e+00
3 1.3412275086e+00 4.6283394027e+00 1.6985600525e+00
4 1.1270184839e+00 5.8969479250e+00 1.7281918456e+00
5 4.7541796180e+00 2.8752429595e+00 2.8886222013e-01
6 5.5628853425e+00 1.1469957878e+00 7.0900673541e+00
7 6.3256808548e+00 1.0509505527e+00 5.4744118915e+00
8 6.8469777160e+00 1.5953498446e+00 8.6601547743e-01
9 2.3146684272e-01 7.0862667088e+00 5.7670297239e+00
10
Lattice=8.0000000000e+00 0 0 0 8.0000000000e+00 0 0 0 8.0000000000e+00
0 1.2838801897e+00 6.6542889628e+00 6.8322655048e+00
1 1.1830344235e+00 7.8879939325e+00 2.4343365149e+00
2 3.3889537397e+00 1.0923319489e+00 7.7623303621e+00
3 1.3169890697e+00 4.5849572334e+00 1.7781319113e+00
4 1.0693211774e+00 5.9909717574e+00 1.7169256849e+00
5 4.7615569970e+00 2.8525441184e+00 2.1431691585e-01
6 5.5706032676e+00 1.0889267086e+00 7.1524463733e+00
7 6.3325214996e+00 1.1529062104e+00 5.5042039788e+00
8 6.8480733583e+00 1.5456972186e+00 8.0239429721e-01
9 2.4506627759e-01 7.1493819090e+00 5.8026484569e+00
10
Lattice=8.0000000000e+00 0 0 0 8.0000000000e+00 0 0 0 8.0000000000e+00
0 1.3008768612e+00 6.5492329828e+00 6.8864942598e+00
1 1.1830366545e+00 7.9640401966e+00 2.4041485177e+00
2 3.4172042083e+00 1.0360705285e+00 7.6802902561e+00
3 1.2927242678e+00 4.5417257123e+00 1.8576978619e+00
4 1.0116512108e+00 6.0848610876e+00 1.7056695983e+00
5 4.7689361775e+00 2.8298303157e+00 1.3976640784e-01
6 5.5783322580e+00 1.0308683249e+00 7.2148093808e+00
7 6.3393487954e+00 1.2548595128e+00 5.5340284677e+00
8 6.8491593339e+00 1.4960434458e+00 7.3876291019e-01
9 2.5873023253e-01 7.2124678929e+00 5.8383323396e+00
10
Lattice=8.0000000000e+00 0 0 0 8.0000000000e+00 0 0 0 8.0000000000e+00
0 1.3178263297e+00 6.4442067594e+00 6.9406776452e+00
1 1.1830369980e+00 4.0070064594e-02 2.3739539872e+00
2 3.4454676793e+00 9.7981418661e-01 7.5982496676e+00
3 1.2684436824e+00 4.4985814890e+00 1.9372554586e+00
4 9.5399862236e-01 6.1786802248e+00 1.6944259854e+00
5 4.7763178292e+00 2.8071006428e+00 6.5210733962e-02
6 5.5860712055e+00 9.7282525736e-01 7.2771635673e+00
7 6.3461648409e+00 1.3568082286e+00 5.5638811330e+00
8 6.8502327229e+00 1.4463872710e+00 6.7511821077e-01
9 2.7244008964e-01 7.2755258759e+00 5.8740636110e+00
10
Lattice=8.0000000000e+00 0 0 0 8.0000000000e+00 0 0 0 8.0000000000e+00
0 1.3347436849e+00 6.3392058968e+00 6.9948307607e+00
1 1.1830347714e+00 1.1608262033e-01 2.3437526293e+00
2 3.4737454168e+00 9.2356274072e-01 7.5162089011e+00
3 1.2441540128e+00 4.4554862320e+00 2.0168059584e+00
4 8.9635741642e-01 6.2724683832e+00 1.6831934571e+00
5 4.7837025598e+00 2.7843543167e+00 7.9906501158e+00
6 5.5938203068e+00 9.1480155251e-01 7.3395171508e+00
7 6.3529718644e+00 1.4587511307e+00 5.5937573019e+00
8 6.8512892270e+00 1.3967268741e+00 6.1145612780e-01
9 2.8618073976e-01 7.3385602530e+00 5.9098275971e+00
10
Lattice=8.0000000000e+00 0 0 0 8.0000000000e+00 0 0 0 8.0000000000e+00
0 1.3516399266e+00 6.2342250778e+00 7.0489649278e+00
1 1.1830292281e+00 1.9207700045e-01 2.3135441922e+00
2 3.5020385915e+00 8.6731601423e-01 7.4341684804e+00
3 1.2198590890e+00 4.4124187344e+00 2.0963512047e+00
4 8.3872454382e-01 6.3662475469e+00 1.6719700022e+00
5 4.7910908871e+00 2.7615907708e+00 7.9160849409e+00
6 5.6015820870e+00 8.5680096210e-01 7.4018788756e+00
7 6.3597719186e+00 1.5606878739e+00 5.6236525234e+00
8 6.8523226052e+00 1.3470596203e+00 5.4777145107e-01
9 2.9994112306e-01 7.4015763992e+00 5.9456134016e+00
10
Lattice=8.0000000000e+00 0 0 0 8.0000000000e+00 0 0 0 8.0000000000e+00
0 1.3685225031e+00 6.1292594145e+00 7.1030880244e+00
1 1.1830195682e+00 2.6805241737e-01 2.2833284750e+00
2 3.5303481329e+00 8.1107383729e-01 7.3521291361e+00
3 1.1955610641e+00 4.3693673771e+00 2.1758927210e+00
4 7.8109869070e-01 6.4600299866e+00 1.6607539371e+00
5 4.7984832266e+00 2.7388097283e+00 7.8415157103e+00
6 5.6093624559e+00 7.9882745018e-01 7.4642577180e+00
7 6.3665666940e+00 1.6626187381e+00 5.6535630043e+00
8 6.8533239654e+00 1.2973817326e+00 4.8405775102e-01
9 3.1371369928e-01 7.4645793178e+00 5.9814135228e+00
10
Lattice=8.0000000000e+00 0 0 0 8.0000000000e+00 0 0 0 8.0000000000e+00
0 1.3853962174e+00 6.0243049896e+00 7.1572052342e+00
1 1.1830049515e+00 3.4400818391e-01 2.2531053339e+00
2 3.5586745875e+00 7.5483604752e-01 7.2700917528e+00
3 1.1712611614e+00 4.3263256895e+00 2.2554315957e+00
4 7.2347949250e-01 6.5538226924e+00 1.6495440502e+00
5 4.8058799087e+00 2.7160112453e+00 7.7669429559e+00
6 5.6171717099e+00 7.4088580847e-01 7.5266626836e+00
7 6.3733574415e+00 1.7645443533e+00 5.6834858103e+00
8 6.8542809750e+00 1.2476879039e+00 4.2030751849e-01
9 3.2749355460e-01 7.5275730859e+00 6.0172230649e+00
10
Lattice=8.0000000000e+00 0 0 0 8.0000000000e+00 0 0 0 8.0000000000e+00
0 1.4022640823e+00 5.9193588964e+00 7.2113198009e+00
1 1.1829845141e+00 4.1994390945e-01 2.2228746886e+00
2 3.5870180129e+00 6.9860249038e-01 7.1880572812e+00
3 1.1469600915e+00 4.2832897996e+00 2.3349685679e+00
4 6.6586710056e-01 6.6476297586e+00 1.6383395404e+00
5 4.8132811958e+00 2.6931957110e+00 7.6923671385e+00
6 5.6250253070e+00 6.8298225033e-01 7.5891024414e+00
7 6.3801449639e+00 1.8664654797e+00 5.7134188836e+00
8 6.8551771703e+00 1.1979709164e+00 3.5651270049e-01
9 3.4127756161e-01 7.5905607880e+00 6.0530389571e+00
10
Lattice=8.0000000000e+00 0 0 0 8.0000000000e+00 0 0 0 8.0000000000e+00
0 1.4191279733e+00 5.8144190508e+00 7.2654336367e+00
1 1.1829573863e+00 4.9585928221e-01 2.1926365278e+00
2 3.6153779358e+00 6.4237301898e-01 7.1060266285e+00
3 1.1226582774e+00 4.2402574189e+00 2.4145041298e+00
4 6.0826191544e-01 6.7414536576e+00 1.6271399296e+00
5 4.8206873501e+00 2.6703638059e+00 7.6177885401e+00
6 5.6329440875e+00 6.2512481585e-01 7.6515845124e+00
7 6.3869296327e+00 1.9683828728e+00 5.7433609457e+00
8 6.8559917050e+00 1.1482214119e+00 2.9266580386e-01
9 3.5506373643e-01 7.6535446651e+00 6.0888593455e+00
10
Lattice=8.0000000000e+00 0 0 0 8.0000000000e+00 0 0 0 8.0000000000e+00
0 1.4359890704e+00 5.7094839564e+00 7.3195477721e+00
1 1.1829227126e+00 5.7175404359e-01 2.1623909130e+00
2 3.6437533833e+00 5.8614749319e-01 7.0240005529e+00
3 1.0983559785e+00 4.1972272172e+00 2.4940386075e+00
4 5.5066442599e-01 6.8352959301e+00 1.6159449408e+00
5 4.8280987281e+00 2.6475164314e+00 7.5432071675e+00
6 5.6409534964e+00 5.6732336826e-01 7.7141138746e+00
7 6.3937114037e+00 2.0702972107e+00 5.7733113971e+00
8 6.8567000078e+00 1.0984280319e+00 2.2876160266e-01
9 3.6885079319e-01 7.7165263172e+00 6.1246831718e+00
10
Lattice=8.0000000000e+00 0 0 0 8.0000000000e+00 0 0 0 8.0000000000e+00
0 1.4528481409e+00 5.6045525455e+00 7.3736626804e+00
1 1.1828796719e+00 6.4762811157e-01 2.1321379602e+00
2 3.6721429826e+00 5.2992577830e-01 6.9419795853e+00
3 1.0740533580e+00 4.1541983469e+00 2.5735722158e+00
4 4.9307511595e-01 6.9291575415e+00 1.6047543925e+00
5 4.8355158910e+00 2.6246546547e+00 7.4686226747e+00
6 5.6490814547e+00 5.0958897787e-01 7.7766911978e+00
7 6.4004898028e+00 2.1722090206e+00 5.8032702079e+00
8 6.8572757343e+00 1.0485781327e+00 1.6479916251e-01
9 3.8263784792e-01 7.7795068905e+00 6.1605099229e+00
10
Lattice=8.0000000000e+00 0 0 0 8.0000000000e+00 0 0 0 8.0000000000e+00
0 1.4697057072e+00 5.4996240162e+00 7.4277785073e+00
1 1.1828274953e+00 7.2348158479e-01 2.1018777200e+00
2 3.7005451026e+00 4.7370774331e-01 6.8599639931e+00
3 1.0497505217e+00 4.1111702412e+00 2.6531050948e+00
4 4.3549440776e-01 7.0230390888e+00 1.5935681036e+00
5 4.8429397281e+00 2.6017796474e+00 7.3940343131e+00
6 5.6573550220e+00 4.5193268390e-01 7.8393113586e+00
7 6.4072638842e+00 2.2741186776e+00 5.8332378285e+00
8 6.8576939079e+00 9.9865909005e-01 1.0078349426e-01
9 3.9642422307e-01 7.8424872267e+00 6.1963395867e+00
10
Lattice=8.0000000000e+00 0 0 0 8.0000000000e+00 0 0 0 8.0000000000e+00
0 1.4865621413e+00 5.3946977435e+00 7.4818952245e+00
1 1.1827654845e+00 7.9931474323e-01 2.0716104323e+00
2 3.7289580074e+00 4.1749325920e-01 6.7779537882e+00
3 1.0254475407e+00 4.0681424968e+00 2.7326373325e+00
4 3.7792262614e-01 7.1169409063e+00 1.5823858172e+00
5 4.8503715801e+00 2.5788926710e+00 7.3194409184e+00
6 5.6657967765e+00 3.9436398338e-01 7.9019630464e+00
7 6.4140321707e+00 2.3760263750e+00 5.8632151156e+00
8 6.8579343640e+00 9.4865984744e-01 3.6726020202e-02
9 4.1020930874e-01 7.9054679740e+00 6.2321723046e+00
10
Lattice=8.0000000000e+00 0 0 0 8.0000000000e+00 0 0 0 8.0000000000e+00
0 1.5034177157e+00 5.2897732277e+00 7.5360127275e+00
1 1.1826930295e+00 8.7512804671e-01 2.0413364342e+00
2 3.7573799918e+00 3.6128219765e-01 6.6959487672e+00
3 1.0011444643e+00 4.0251148067e+00 2.8121689811e+00
4 3.2035997141e-01 7.2108631176e+00 1.5712071458e+00
5 4.8578133418e+00 2.5559951134e+00 7.2448409462e+00
6 5.6744222472e+00 3.3688963877e-01 7.9646298212e+00
7 6.4207925953e+00 2.4779320669e+00 5.8932032551e+00
8 6.8579841913e+00 8.9857212327e-01 7.9726435071e+00
9 4.2399245163e-01 7.9684496613e+00 6.2680084147e+00
10
Lattice=8.0000000000e+00 0 0 0 8.0000000000e+00 0 0 0 8.0000000000e+00
0 1.5202726330e+00 5.1848500655e+00 7.5901308909e+00
1 1.1826096222e+00 9.5092212539e-01 2.0110561200e+00
2 3.7858094823e+00 3.0507443092e-01 6.6139485702e+00
3 9.7684132940e-01 3.9820869148e+00 2.8917000666e+00
4 2.6280649639e-01 7.3048056630e+00 1.5600315362e+00
5 4.8652675089e+00 2.5330885769e+00 7.1702325748e+00
6 5.6832390583e+00 2.7951315496e-01 2.7292189846e-02
7 6.4275424839e+00 2.5798353777e+00 5.9232036514e+00
8 6.8578385268e+00 8.4839093905e-01 7.9085559283e+00
9 4.3777285879e-01 3.1432751801e-02 6.3038484718e+00
10
Lattice=8.0000000000e+00 0 0 0 8.0000000000e+00 0 0 0 8.0000000000e+00
0 1.5371270432e+00 5.0799279319e+00 7.6442495962e+00
1 1.1825148644e+00 1.0266977646e+00 1.9807699345e+00
2 3.8142450979e+00 2.4886983115e-01 6.5319527565e+00
3 9.5253816473e-01 3.9390585757e+00 2.9712305832e+00
4 2.0526208466e-01 7.3987683146e+00 1.5488582512e+00
5 4.8727371215e+00 2.5101749932e+00 7.0956138930e+00
6 5.6922471107e+00 2.2223467835e-01 8.9929963719e-02
7 6.4342786289e+00 2.6817354946e+00 5.9532177551e+00
8 6.8575003807e+00 7.9811472971e-01 7.8444840195e+00
9 4.5154950344e-01 9.4417686198e-02 6.3396932470e+00
10
Lattice=8.0000000000e+00 0 0 0 8.0000000000e+00 0 0 0 8.0000000000e+00
0 1.5539810551e+00 4.9750065436e+00 7.6983687429e+00
1 1.1824084735e+00 1.1024559089e+00 1.9504783592e+00
2 3.8426856748e+00 1.9266827009e-01 6.4499608524e+00
3 9.2823499415e-01 3.8960295805e+00 3.0507605026e+00
4 1.4772643049e-01 7.4927506823e+00 1.5376863631e+00
5 4.8802255574e+00 2.4872567169e+00 7.0209831728e+00
6 5.7014387315e+00 1.6505084700e-01 1.5252461769e-01
7 6.4409975060e+00 2.7836310824e+00 5.9832468211e+00
8 6.8569805479e+00 7.4774552239e-01 7.7804468369e+00
9 4.6532102913e-01 1.5740484588e-01 6.3755437313e+00
10
Lattice=8.0000000000e+00 0 0 0 8.0000000000e+00 0 0 0 8.0000000000e+00
0 1.5708347448e+00 4.8700856266e+00 7.7524882579e+00
1 1.1822902836e+00 1.1781976589e+00 1.9201818765e+00
2 3.8711302642e+00 1.3646961960e-01 6.3679723921e+00
3 9.0393183949e-01 3.8529997363e+00 3.1302897837e+00
4 9.0199021257e-02 7.5867522131e+00 1.5265147583e+00
5 4.8877361557e+00 2.4643365328e+00 6.9463391832e+00
6 5.7107988290e+00 1.0795462025e-01 2.1506166833e-01
7 6.4476956554e+00 2.8855202840e+00 6.0132916320e+00
8 6.8562975494e+00 6.9728916807e-01 7.7164593191e+00
9 4.7908565727e-01 2.2039454042e-01 6.4114011287e+00
10
Lattice=8.0000000000e+00 0 0 0 8.0000000000e+00 0 0 0 8.0000000000e+00
0 1.5876881619e+00 4.7651650037e+00 7.8066080914e+00
1 1.1821602432e+00 1.2539241460e+00 1.8898810120e+00
2 3.8995781125e+00 8.0273752224e-02 6.2859869438e+00
3 8.7962872037e-01 3.8099688621e+00 3.2098183596e+00
4 3.2679123742e-02 7.6807721796e+00 1.5153421547e+00
5 4.8952717154e+00 2.4414175155e+00 6.8716814996e+00
6 5.7203060717e+00 5.0935624651e-02 2.7753264281e-01
7 6.4543701861e+00 2.9874008646e+00 6.0433521765e+00
8 6.8554765504e+00 6.4675509681e-01 7.6525302991e+00
9 4.9284111465e-01 2.8338695473e-01 6.4472668203e+00
10
Lattice=8.0000000000e+00 0 0 0 8.0000000000e+00 0 0 0 8.0000000000e+00
0 1.6045413363e+00 4.6602445286e+00 7.8607282110e+00
1 1.1820184105e+00 1.3296365584e+00 1.8595763050e+00
2 3.9280286340e+00 2.4080541808e-02 6.2040041235e+00
3 8.5532564219e-01 3.7669367929e+00 3.2893461407e+00
4 7.9751657746e+00 7.7748096606e+00 1.5041671348e+00
5 4.9028339939e+00 2.4185027307e+00 6.7970106669e+00
6 5.7299355713e+00 7.9939813274e+00 3.3993581883e-01
7 6.4610192886e+00 3.0892705131e+00 6.0734275217e+00
8 6.8545467396e+00 5.9615528363e-01 7.5886617958e+00
9 5.0658460893e-01 3.4638206284e-01 6.4831422817e+00
10
Lattice=8.0000000000e+00 0 0 0 8.0000000000e+00 0 0 0 8.0000000000e+00
0 1.6213942815e+00 4.5553240712e+00 7.9148486011e+00
1 1.1818649460e+00 1.4053361161e+00 1.8292682883e+00
2 3.9564813854e+00 7.9678898641e+00 6.1220235992e+00
3 8.3102261727e-01 3.7239033198e+00 3.3688730226e+00
4 7.9176577733e+00 7.8688635784e+00 1.4929881997e+00
5 4.9104233200e+00 2.3955948384e+00 6.7223281521e+00
6 5.7396622812e+00 7.9370787066e+00 4.0227537868e-01
7 6.4676425960e+00 3.1911272398e+00 6.1035158673e+00
8 6.8535379101e+00 5.4550274093e-01 7.5248499459e+00
9 5.2031288917e-01 4.0937952473e-01 6.5190289452e+00
10
Lattice=8.0000000000e+00 0 0 0 8.0000000000e+00 0 0 0 8.0000000000e+00
0 1.6382469971e+00 4.4504034835e+00 7.9689692657e+00
1 1.1817001049e+00 1.4810240467e+00 1.7989574689e+00
2 3.9849360548e+00 7.9117015972e+00 6.0400450913e+00
3 8.0671965349e-01 3.6808682873e+00 3.4483988881e+00
4 7.8601536697e+00 7.9629325764e+00 1.4818038436e+00
5 4.9180385175e+00 2.3726957236e+00 6.6476360917e+00
6 5.7494638551e+00 7.8802157846e+00 4.6455946980e-01
7 6.4742412659e+00 3.2929697485e+00 6.1336147979e+00
8 6.8524774547e+00 4.9481015849e-01 7.4610870728e+00
9 5.3402242686e-01 4.7237859383e-01 6.5549280103e+00
10
Lattice=8.0000000000e+00 0 0 0 8.0000000000e+00 0 0 0 8.0000000000e+00
0 1.6550994647e+00 4.3454825025e+00 2.3090230967e-02
1 1.1815242288e+00 1.5567015674e+00 1.7686443041e+00
2 4.0133923939e+00 7.8555156223e+00 5.9580683677e+00
3 7.8241675291e-01 3.6378316302e+00 3.5279236341e+00
4 7.8026518246e+00 5.7014957052e-02 1.4706126351e+00
5 4.9256771340e+00 2.3498062816e+00 6.5729369133e+00
6 5.7593222313e+00 7.8233826048e+00 5.2679804848e-01
7 6.4808177494e+00 3.3947976547e+00 6.1637216571e+00
8 6.8513884872e+00 4.4408902264e-01 7.3973639731e+00
9 5.4770973324e-01 5.3537815686e-01 6.5908402361e+00
10
Lattice=8.0000000000e+00 0 0 0 8.0000000000e+00 0 0 0 8.0000000000e+00
0 1.6719516423e+00 4.2405608949e+00 7.7211552182e-02
1 1.1813377402e+00 1.6323698804e+00 1.7383291712e+00
2 4.0418502147e+00 7.7993318244e+00 5.8760932368e+00
3 7.5811390926e-01 3.5947933262e+00 3.6074471780e+00
4 7.7451504405e+00 1.5110871095e-01 1.4594133151e+00
5 4.9333358916e+00 2.3269264229e+00 6.4982329572e+00
6 5.7692239549e+00 7.7665715987e+00 5.8900115754e-01
7 6.4873753366e+00 3.4966114865e+00 6.1938339185e+00
8 6.8502890871e+00 3.9334918852e-01 7.3336717462e+00
9 5.6137178278e-01 5.9837666644e-01 6.6267657673e+00
10
Lattice=8.0000000000e+00 0 0 0 8.0000000000e+00 0 0 0 8.0000000000e+00
0 1.6888034621e+00 4.1356383868e+00 1.3133334336e-01
1 1.1811411409e+00 1.7080301885e+00 1.7080123287e+00
2 4.0703093787e+00 7.7431500923e+00 5.7941195409e+00
3 7.3381110653e-01 3.5517534005e+00 3.6869694526e+00
4 7.6876476562e+00 2.4521153283e-01 1.4482048986e+00
5 4.9410112053e+00 2.3040552700e+00 6.4235262033e+00
6 5.7791596477e+00 7.7097775107e+00 6.5117785228e-01
7 6.4939176341e+00 3.5984124944e+00 6.2239494506e+00
8 6.8491923201e+00 3.4259884402e-01 7.2700028874e+00
9 5.7500644835e-01 6.6137227998e-01 6.6627040423e+00
10
Lattice=8.0000000000e+00 0 0 0 8.0000000000e+00 0 0 0 8.0000000000e+00
0 1.7056548073e+00 4.0307145106e+00 1.8545582306e-01
1 1.1809350189e+00 1.7836837428e+00 1.6776938604e+00
2 4.0987697837e+00 7.6869703193e+00 5.7121471513e+00
3 7.0950831781e-01 3.5087119249e+00 3.7664904296e+00
4 7.6301417151e+00 3.3932090771e-01 1.4369867642e+00
5 4.9486996251e+00 2.2811914551e+00 6.3488181467e+00
6 5.7891230690e+00 7.6529970675e+00 7.1333568606e-01
7 6.5004481188e+00 3.7002023635e+00 6.2540666344e+00
8 6.8481066977e+00 2.9184454641e-01 7.2063516613e+00
9 5.8861284660e-01 7.2436316225e-01 6.6986538428e+00
10
Lattice=8.0000000000e+00 0 0 0 8.0000000000e+00 0 0 0 8.0000000000e+00
0 1.7225054736e+00 3.9257886021e+00 2.3957938864e-01
1 1.1807200753e+00 1.8593319438e+00 1.6473735912e+00
2 4.1272313568e+00 7.6307923572e+00 5.6301759622e+00
3 6.8520550483e-01 3.4656690112e+00 3.8460101266e+00
4 7.5726311789e+00 4.3343412648e-01 1.4257587248e+00
5 4.9563981230e+00 2.2583334171e+00 6.2741098022e+00
6 5.7991100873e+00 7.5962284815e+00 7.7548056595e-01
7 6.5069698439e+00 3.8019830175e+00 6.2841843560e+00
8 6.8470368725e+00 2.4109127803e-01 7.1427140010e+00
9 6.0219148392e-01 7.8734776515e-01 6.7346134813e+00
10
Lattice=8.0000000000e+00 0 0 0 8.0000000000e+00 0 0 0 8.0000000000e+00
0 1.7393550951e+00 3.8208595543e+00 2.9370475718e-01
1 1.1804971906e+00 1.9349765354e+00 1.6170509509e+00
2 4.1556940516e+00 7.5746160733e+00 5.5482058735e+00
3 6.6090261878e-01 3.4226248007e+00 3.9255286092e+00
4 7.5151151438e+00 5.2754853391e-01 1.4145210560e+00
5 4.9641042183e+00 2.2354796308e+00 6.1994017849e+00
6 5.8091177580e+00 7.5394710274e+00 8.3761682688e-01
7 6.5134853048e+00 3.9037562596e+00 6.3143019218e+00
8 6.8459844630e+00 1.9034252537e-01 7.0790871479e+00
9 6.1574415590e-01 8.5032505932e-01 6.7705810718e+00
10
Lattice=8.0000000000e+00 0 0 0 8.0000000000e+00 0 0 0 8.0000000000e+00
0 1.7562029745e+00 3.7159254447e+00 3.4783325071e-01
1 1.1802675798e+00 2.0106199726e+00 1.5867246569e+00
2 4.1841578376e+00 7.5184413725e+00 5.4662368168e+00
3 6.3659960260e-01 3.3795794511e+00 4.0050459883e+00
4 7.4575933974e+00 6.2166178468e-01 1.4032744568e+00
5 4.9718159826e+00 2.2126287455e+00 6.1246944187e+00
6 5.8191436233e+00 7.4827245214e+00 8.9974743719e-01
7 6.5199964388e+00 4.0055236335e+00 6.3444189434e+00
8 6.8449489266e+00 1.3960041893e-01 7.0154692238e+00
9 6.2927363681e-01 9.1329465502e-01 6.8065548073e+00
10
Lattice=8.0000000000e+00 0 0 0 8.0000000000e+00 0 0 0 8.0000000000e+00
0 1.7730477108e+00 3.6109828352e+00 4.0196737620e-01
1 1.1800331481e+00 2.0862661262e+00 1.5563921440e+00
2 4.2126226954e+00 7.4622681625e+00 5.3842687443e+00
3 6.1229639423e-01 3.3365331235e+00 4.0845624138e+00
4 7.4000664450e+00 7.1577207915e-01 1.3920199441e+00
5 4.9795319738e+00 2.1897796458e+00 6.0499878361e+00
6 5.8291852958e+00 7.4259888591e+00 9.6187427011e-01
7 6.5265046898e+00 4.1072864264e+00 6.3745352364e+00
8 6.8439283880e+00 8.8865948854e-02 6.9518588618e+00
9 6.4278325905e-01 9.7625679330e-01 6.8425331732e+00
10
Lattice=8.0000000000e+00 0 0 0 8.0000000000e+00 0 0 0 8.0000000000e+00
0 1.7898863546e+00 3.5060254099e+00 4.5611203188e-01
1 1.1797973200e+00 2.1619216481e+00 1.5260483659e+00
2 4.2410886153e+00 7.4060963533e+00 5.3023016013e+00
3 5.8799293058e-01 3.2934859693e+00 4.1640780653e+00
4 7.3425353859e+00 8.0987831138e-01 1.3807587200e+00
5 4.9872511447e+00 2.1669314572e+00 5.9752820562e+00
6 5.8392403149e+00 7.3692637065e+00 1.0239984034e+00
7 6.5330110997e+00 4.2090458285e+00 6.4046507440e+00
8 6.8429203353e+00 3.8139080604e-02 6.8882549495e+00
9 6.5627649895e-01 1.0392122352e+00 6.8785150626e+00
10
Lattice=8.0000000000e+00 0 0 0 8.0000000000e+00 0 0 0 8.0000000000e+00
0 1.8067124570e+00 3.4010413738e+00 5.1027702283e-01
1 1.1795669735e+00 2.2375985746e+00 1.4956832802e+00
2 4.2695555965e+00 7.3499258589e+00 5.2203353515e+00
3 5.6368915149e-01 3.2504381201e+00 4.2435931435e+00
4 7.2850016804e+00 9.0398008140e-01 1.3694919869e+00
5 4.9949727504e+00 2.1440835224e+00 5.9005770381e+00
6 5.8493062025e+00 7.3125483634e+00 1.0861204034e+00
7 6.5395164024e+00 4.3108027585e+00 6.4347654870e+00
8 6.8419221307e+00 7.9874192456e+00 6.8246564886e+00
9 6.6975665503e-01 1.1021621013e+00 6.9144997980e+00
10
Lattice=8.0000000000e+00 0 0 0 8.0000000000e+00 0 0 0 8.0000000000e+00
0 1.8235116878e+00 3.2960089505e+00 5.6448202375e-01
1 1.1793568059e+00 2.3133188285e+00 1.4652768831e+00
2 4.2980236447e+00 7.2937565962e+00 5.1383699811e+00
3 5.3938500338e-01 3.2073896797e+00 4.3231078616e+00
4 7.2274668896e+00 9.9807757892e-01 1.3582208158e+00
5 5.0026962693e+00 2.1212353647e+00 5.8258727152e+00
6 5.8593806112e+00 7.2558417869e+00 1.1482405559e+00
7 6.5460210998e+00 4.4125578714e+00 6.4648795237e+00
8 6.8409313333e+00 7.9367056293e+00 6.7610625495e+00
9 6.8322665511e-01 1.1651077140e+00 6.9504870904e+00
10
Lattice=8.0000000000e+00 0 0 0 8.0000000000e+00 0 0 0 8.0000000000e+00
0 1.8402536702e+00 3.1908914732e+00 6.1876401192e-01
1 1.1791974827e+00 2.3891191204e+00 1.4347917674e+00
2 4.3264927741e+00 7.2375884922e+00 5.0564053911e+00
3 5.1508044207e-01 3.1643407186e+00 4.4026224406e+00
4 7.1699324595e+00 1.0921713896e+00 1.3469460890e+00
5 5.0104213405e+00 2.0983866509e+00 5.7511690133e+00
6 5.8694614646e+00 7.1991427158e+00 1.2103591178e+00
7 6.5525255247e+00 4.5143117064e+00 6.4949929287e+00
8 6.8399458577e+00 7.8859972599e+00 6.6974722688e+00
9 6.9668898390e-01 1.2280504730e+00 6.9864769714e+00
10
Lattice=8.0000000000e+00 0 0 0 8.0000000000e+00 0 0 0 8.0000000000e+00
0 1.8568904499e+00 3.0856484956e+00 6.7317232741e-01
1 1.1791371537e+00 2.4650398332e+00 1.4041780477e+00
2 4.3549630145e+00 7.1814214775e+00 4.9744415092e+00
3 4.9077543497e-01 3.1212912702e+00 4.4821371078e+00
4 7.1123995893e+00 1.1862622899e+00 1.3356684835e+00
5 5.0181477174e+00 2.0755371574e+00 5.6764658614e+00
6 5.8795470345e+00 7.1424498365e+00 1.2724762913e+00
7 6.5590298905e+00 4.6160647340e+00 6.5251057809e+00
8 6.8389640163e+00 7.8352931285e+00 6.6338848635e+00
9 7.1014569890e-01 1.2909917773e+00 7.0224697273e+00
10
Lattice=8.0000000000e+00 0 0 0 8.0000000000e+00 0 0 0 8.0000000000e+00
0 1.8734706302e+00 2.9803423511e+00 7.2764448210e-01
1 1.1791273027e+00 2.5410184897e+00 1.3734975312e+00
2 4.3834344030e+00 7.1252554792e+00 4.8924783333e+00
3 4.6646996247e-01 3.0782413287e+00 4.5616520988e+00
4 7.0548691840e+00 1.2803510808e+00 1.3243884927e+00
5 5.0258752338e+00 2.0526867425e+00 5.6017631960e+00
6 5.8896359650e+00 7.0857618953e+00 1.3345922149e+00
7 6.5655343278e+00 4.7178174021e+00 6.5552181561e+00
8 6.8379844935e+00 7.7845922460e+00 6.5702996468e+00
9 7.2359849757e-01 1.3539329845e+00 7.0584658482e+00
10
Lattice=8.0000000000e+00 0 0 0 8.0000000000e+00 0 0 0 8.0000000000e+00
0 1.8909645585e+00 2.8755185541e+00 7.8131289872e-01
1 1.1781975488e+00 2.6165093521e+00 1.3436169550e+00
2 4.4119069824e+00 7.0690904304e+00 4.8105158576e+00
3 4.4216401927e-01 3.0351908499e+00 4.6411676634e+00
4 6.9973418677e+00 1.3744384798e+00 1.3131064670e+00
5 5.0336037803e+00 2.0298353251e+00 5.5270609624e+00
6 5.8997272378e+00 7.0290777784e+00 1.3967070425e+00
7 6.5720389144e+00 4.8195701836e+00 6.5853301174e+00
8 6.8370062868e+00 7.7338936510e+00 6.5067160396e+00
9 7.3704880411e-01 1.4168753956e+00 7.0944659964e+00
10
Lattice=8.0000000000e+00 0 0 0 8.0000000000e+00 0 0 0 8.0000000000e+00
0 1.9138657549e+00 2.7723568910e+00 8.3086919369e-01
1 1.1718542035e+00 2.6903323395e+00 1.3178436886e+00
2 4.4403808040e+00 7.0129262705e+00 4.7285540653e+00
3 4.1785761417e-01 2.9921397598e+00 4.7206840740e+00
4 6.9398180356e+00 1.4685250747e+00 1.3018226572e+00
5 5.0413332876e+00 2.0069828672e+00 5.4523591158e+00
6 5.9098201099e+00 6.9723965447e+00 1.4588209390e+00
7 6.5785436984e+00 4.9213236303e+00 6.6154417044e+00
8 6.8360286392e+00 7.6831963768e+00 6.4431335795e+00
9 7.5049785289e-01 1.4798202455e+00 7.1304709824e+00
10
Lattice=8.0000000000e+00 0 0 0 8.0000000000e+00 0 0 0 8.0000000000e+00
0 1.9490252429e+00 2.6704015818e+00 8.7245215679e-01
1 1.1532459347e+00 2.7629428905e+00 1.3000377641e+00
2 4.4688559389e+00 6.9567629481e+00 4.6465929228e+00
3 3.9355076198e-01 2.9490879351e+00 4.8002016362e+00
4 6.8822979292e+00 1.5626113263e+00 1.2905372540e+00
5 5.0490637146e+00 1.9841293612e+00 5.3776575981e+00
6 5.9199140320e+00 6.9157174473e+00 1.5209340982e+00
7 6.5850487199e+00 5.0230784424e+00 6.6455529119e+00
8 6.8350509727e+00 7.6324993852e+00 6.3795519334e+00
9 7.6394675321e-01 1.5427686821e+00 7.1664817245e+00
10
Lattice=8.0000000000e+00 0 0 0 8.0000000000e+00 0 0 0 8.0000000000e+00
0 1.9943825663e+00 2.5675409301e+00 9.0840081478e-01
1 1.1244327268e+00 2.8364523607e+00 1.2878588477e+00
2 4.4973324574e+00 6.9006004190e+00 4.5646323815e+00
3 3.6924351079e-01 2.9060352139e+00 4.8797207037e+00
4 6.8247817005e+00 1.6566975944e+00 1.2792504157e+00
5 5.0567950413e+00 1.9612748177e+00 5.3029563632e+00
6 5.9300086069e+00 6.8590399112e+00 1.5830467180e+00
7 6.5915540322e+00 5.1248355609e+00 6.6756636544e+00
8 6.8340728284e+00 7.5818014649e+00 6.3159709230e+00
9 7.7739652936e-01 1.6057217272e+00 7.2024991779e+00
10
Lattice=8.0000000000e+00 0 0 0 8.0000000000e+00 0 0 0 8.0000000000e+00
0 2.0429580267e+00 2.4638439429e+00 9.4285363866e-01
1 1.0923937000e+00 2.9107914904e+00 1.2771670953e+00
2 4.5258104417e+00 6.8444386327e+00 4.4826723607e+00
3 3.4493594010e-01 2.8629814134e+00 4.9592417092e+00
4 6.7672694250e+00 1.7507841477e+00 1.2679623083e+00
5 5.0645272614e+00 1.9384192613e+00 5.2282553591e+00
6 5.9401035371e+00 6.8023634882e+00 1.6451589904e+00
7 6.5980597260e+00 5.2265962971e+00 6.7057737023e+00
8 6.8330938113e+00 7.5311010901e+00 6.2523905774e+00
9 7.9084813067e-01 1.6686802362e+00 7.2385242587e+00
10
Lattice=8.0000000000e+00 0 0 0 8.0000000000e+00 0 0 0 8.0000000000e+00
0 2.0918249391e+00 2.3600338442e+00 9.7718103116e-01
1 1.0600549432e+00 2.9852369567e+00 1.2665906456e+00
2 4.5542899965e+00 6.7882775532e+00 4.4007127311e+00
3 3.2062816855e-01 2.8199263094e+00 5.0387652721e+00
4 6.7097610961e+00 1.8448711690e+00 1.2566731638e+00
5 5.0722603818e+00 1.9155627258e+00 5.1535544522e+00
6 5.9501985774e+00 6.7456878291e+00 1.7072711350e+00
7 6.6045659587e+00 5.3283625098e+00 6.7358825698e+00
8 6.8321135377e+00 7.4803962298e+00 6.1888112343e+00
9 8.0430240089e-01 1.7316448730e+00 7.2745577648e+00
10
Lattice=8.0000000000e+00 0 0 0 8.0000000000e+00 0 0 0 8.0000000000e+00
0 2.1405132582e+00 2.2563268773e+00 1.0115498274e+00
1 1.0278859667e+00 3.0595725488e+00 1.2559613722e+00
2 4.5827712615e+00 6.7321171608e+00 4.3187532924e+00
3 2.9632036699e-01 2.7768696500e+00 5.1182920385e+00
4 6.6522566405e+00 1.9389587715e+00 1.2453831104e+00
5 5.0799944292e+00 1.8927052508e+00 5.0788536182e+00
6 5.9602934942e+00 6.6890126991e+00 1.7693834218e+00
7 6.6110729922e+00 5.4301368360e+00 6.7659893274e+00
8 6.8311315798e+00 7.4296841048e+00 6.1252337186e+00
9 8.1776001066e-01 1.7946161009e+00 7.3106002732e+00
10
Lattice=8.0000000000e+00 0 0 0 8.0000000000e+00 0 0 0 8.0000000000e+00
0 2.1890584920e+00 2.1527153939e+00 1.0459422648e+00
1 9.9585089977e-01 3.1338060928e+00 1.2452959702e+00
2 4.6112544338e+00 6.6759574423e+00 4.2367937425e+00
3 2.7201277119e-01 2.7338111697e+00 5.1978227594e+00
4 6.5947559407e+00 2.0330470178e+00 1.2340922576e+00
5 5.0877294235e+00 1.8698468795e+00 5.0041528438e+00
6 5.9703880248e+00 6.6323379339e+00 1.8314962046e+00
7 6.6175812389e+00 5.5319229591e+00 6.7960922996e+00
8 6.8301474066e+00 7.3789609107e+00 6.0616596341e+00
9 8.3122136871e-01 1.8575942003e+00 7.3466520234e+00
10
Lattice=8.0000000000e+00 0 0 0 8.0000000000e+00 0 0 0 8.0000000000e+00
0 2.2375238541e+00 2.0491622871e+00 1.0803400084e+00
1 9.6388641445e-01 3.2079749645e+00 1.2346119880e+00
2 4.6397398018e+00 6.6197983869e+00 4.1548336318e+00
3 2.4770569947e-01 2.6907506046e+00 5.2773583942e+00
4 6.5372588529e+00 2.1271359366e+00 1.2228006817e+00
5 5.0954653772e+00 1.8469876565e+00 4.9294520834e+00
6 5.9804818310e+00 6.5756634248e+00 1.8936099698e+00
7 6.6240913132e+00 5.6337258492e+00 6.8261886221e+00
8 6.8291603220e+00 7.3282215702e+00 5.9980917999e+00
9 8.4468653387e-01 1.9205793196e+00 7.3827128207e+00
10
Lattice=8.0000000000e+00 0 0 0 8.0000000000e+00 0 0 0 8.0000000000e+00
0 2.2859460686e+00 1.9456418193e+00 1.1147351193e+00
1 9.3195596414e-01 3.2821051701e+00 1.2239167066e+00
2 4.6682278024e+00 6.5636399823e+00 4.0728722959e+00
3 2.2339957079e-01 2.6476877151e+00 5.3569003028e+00
4 6.4797652234e+00 2.2212255349e+00 1.2115083770e+00
5 5.1032022948e+00 1.8241276263e+00 4.8547513203e+00
6 5.9905744354e+00 6.5189891084e+00 1.9557254112e+00
7 6.6306040753e+00 5.7355518349e+00 6.8562736705e+00
8 6.8281694133e+00 7.2774596566e+00 5.9345348098e+00
9 8.5815515187e-01 1.9835715522e+00 7.4187819866e+00
