2
Lattice=2.0000000000e+00 0 0 0 2.0000000000e+00 0 0 0 2.0000000000e+00
0 1.0000000000e+00 5.0000000000e-01 5.0000000000e-01
1 1.0000000000e+00 5.0000000000e-01 1.5000000000e+00
2
Lattice=2.0000000000e+00 0 0 0 2.0000000000e+00 0 0 0 2.0000000000e+00
0 9.9962717041e-01 4.9025423819e-01 4.8917029755e-01
1 1.0003728296e+00 5.0974576181e-01 1.5108297025e+00
2
Lattice=2.0000000000e+00 0 0 0 2.0000000000e+00 0 0 0 2.0000000000e+00
0 9.9925147544e-01 4.8043357562e-01 4.8189779704e-01
1 1.0007485246e+00 5.1956642438e-01 1.5181022030e+00
2
Lattice=2.0000000000e+00 0 0 0 2.0000000000e+00 0 0 0 2.0000000000e+00
0 9.9886865171e-01 4.7042656712e-01 4.7914853191e-01
1 1.0011313483e+00 5.2957343288e-01 1.5208514681e+00
2
Lattice=2.0000000000e+00 0 0 0 2.0000000000e+00 0 0 0 2.0000000000e+00
0 9.9847432768e-01 4.6011894104e-01 4.8127310112e-01
1 1.0015256723e+00 5.3988105896e-01 1.5187268989e+00
2
Lattice=2.0000000000e+00 0 0 0 2.0000000000e+00 0 0 0 2.0000000000e+00
0 9.9806611808e-01 4.4944834618e-01 4.8781371150e-01
1 1.0019338819e+00 5.5055165382e-01 1.5121862885e+00
2
Lattice=2.0000000000e+00 0 0 0 2.0000000000e+00 0 0 0 2.0000000000e+00
0 9.9764459537e-01 4.3842974676e-01 4.9775195092e-01
1 1.0023554046e+00 5.6157025324e-01 1.5022480491e+00
2
Lattice=2.0000000000e+00 0 0 0 2.0000000000e+00 0 0 0 2.0000000000e+00
0 9.9721167059e-01 4.2711309738e-01 5.0850320902e-01
1 1.0027883294e+00 5.7288690262e-01 1.4914967910e+00
2
Lattice=2.0000000000e+00 0 0 0 2.0000000000e+00 0 0 0 2.0000000000e+00
0 9.9676350979e-01 4.1539817858e-01 5.1663482247e-01
1 1.0032364902e+00 5.8460182142e-01 1.4833651775e+00
2
Lattice=2.0000000000e+00 0 0 0 2.0000000000e+00 0 0 0 2.0000000000e+00
0 9.9629312737e-01 4.0310238691e-01 5.2146164798e-01
1 1.0037068726e+00 5.9689761309e-01 1.4785383520e+00
2
Lattice=2.0000000000e+00 0 0 0 2.0000000000e+00 0 0 0 2.0000000000e+00
0 9.9579496049e-01 3.9008030970e-01 5.2270304997e-01
1 1.0042050395e+00 6.0991969030e-01 1.4772969500e+00
2
Lattice=2.0000000000e+00 0 0 0 2.0000000000e+00 0 0 0 2.0000000000e+00
0 9.9526711580e-01 3.7628245490e-01 5.2056696140e-01
1 1.0047328842e+00 6.2371754510e-01 1.4794330386e+00
2
Lattice=2.0000000000e+00 0 0 0 2.0000000000e+00 0 0 0 2.0000000000e+00
0 9.9471202339e-01 3.6177234495e-01 5.1565745287e-01
1 1.0052879766e+00 6.3822765505e-01 1.4843425471e+00
2
Lattice=2.0000000000e+00 0 0 0 2.0000000000e+00 0 0 0 2.0000000000e+00
0 9.9413515770e-01 3.4669308154e-01 5.0874120567e-01
1 1.0058648423e+00 6.5330691846e-01 1.4912587943e+00
2
Lattice=2.0000000000e+00 0 0 0 2.0000000000e+00 0 0 0 2.0000000000e+00
0 9.9354300869e-01 3.3121431230e-01 5.0053547579e-01
1 1.0064569913e+00 6.6878568770e-01 1.4994645242e+00
2
Lattice=2.0000000000e+00 0 0 0 2.0000000000e+00 0 0 0 2.0000000000e+00
0 9.9294053970e-01 3.1546577906e-01 4.9217274367e-01
1 1.0070594603e+00 6.8453422094e-01 1.5078272563e+00
2
Lattice=2.0000000000e+00 0 0 0 2.0000000000e+00 0 0 0 2.0000000000e+00
0 9.9232719549e-01 2.9943296758e-01 4.8456699702e-01
1 1.0076728045e+00 7.0056703242e-01 1.5154330030e+00
2
Lattice=2.0000000000e+00 0 0 0 2.0000000000e+00 0 0 0 2.0000000000e+00
0 9.9170133064e-01 2.8307286692e-01 4.7775169286e-01
1 1.0082986694e+00 7.1692713308e-01 1.5222483071e+00
2
Lattice=2.0000000000e+00 0 0 0 2.0000000000e+00 0 0 0 2.0000000000e+00
0 9.9106211356e-01 2.6636373883e-01 4.7170563285e-01
1 1.0089378864e+00 7.3363626117e-01 1.5282943672e+00
2
Lattice=2.0000000000e+00 0 0 0 2.0000000000e+00 0 0 0 2.0000000000e+00
0 9.9040970207e-01 2.4930970918e-01 4.6635710516e-01
1 1.0095902979e+00 7.5069029082e-01 1.5336428948e+00
2
Lattice=2.0000000000e+00 0 0 0 2.0000000000e+00 0 0 0 2.0000000000e+00
0 9.8974522934e-01 2.3194039860e-01 4.6159662275e-01
1 1.0102547707e+00 7.6805960140e-01 1.5384033772e+00
2
Lattice=2.0000000000e+00 0 0 0 2.0000000000e+00 0 0 0 2.0000000000e+00
0 9.8907061754e-01 2.1430605290e-01 4.5729414245e-01
1 1.0109293825e+00 7.8569394710e-01 1.5427058575e+00
2
Lattice=2.0000000000e+00 0 0 0 2.0000000000e+00 0 0 0 2.0000000000e+00
0 9.8838829036e-01 1.9647002726e-01 4.5331598125e-01
1 1.0116117096e+00 8.0352997274e-01 1.5466840187e+00
2
Lattice=2.0000000000e+00 0 0 0 2.0000000000e+00 0 0 0 2.0000000000e+00
0 9.8770086906e-01 1.7850084150e-01 4.4953796976e-01
1 1.0122991309e+00 8.2149915850e-01 1.5504620302e+00
2
Lattice=2.0000000000e+00 0 0 0 2.0000000000e+00 0 0 0 2.0000000000e+00
0 9.8701091628e-01 1.6046548274e-01 4.4585349926e-01
1 1.0129890837e+00 8.3953451726e-01 1.5541465007e+00
2
Lattice=2.0000000000e+00 0 0 0 2.0000000000e+00 0 0 0 2.0000000000e+00
0 9.8632075753e-01 1.4242474004e-01 4.4217685792e-01
1 1.0136792425e+00 8.5757525996e-01 1.5578231421e+00
2
Lattice=2.0000000000e+00 0 0 0 2.0000000000e+00 0 0 0 2.0000000000e+00
0 9.8563238156e-01 1.2443059919e-01 4.3844312742e-01
1 1.0143676184e+00 8.7556940081e-01 1.5615568726e+00
2
Lattice=2.0000000000e+00 0 0 0 2.0000000000e+00 0 0 0 2.0000000000e+00
0 9.8494740433e-01 1.0652530125e-01 4.3460604167e-01
1 1.0150525957e+00 8.9347469875e-01 1.5653939583e+00
2
Lattice=2.0000000000e+00 0 0 0 2.0000000000e+00 0 0 0 2.0000000000e+00
0 9.8426707660e-01 8.8741541476e-02 4.3063493779e-01
1 1.0157329234e+00 9.1125845852e-01 1.5693650622e+00
2
Lattice=2.0000000000e+00 0 0 0 2.0000000000e+00 0 0 0 2.0000000000e+00
0 9.8359231711e-01 7.1103334994e-02 4.2651154807e-01
1 1.0164076829e+00 9.2889666501e-01 1.5734884519e+00
2
Lattice=2.0000000000e+00 0 0 0 2.0000000000e+00 0 0 0 2.0000000000e+00
0 9.8292375751e-01 5.3627193903e-02 4.2222704888e-01
1 1.0170762425e+00 9.4637280610e-01 1.5777729511e+00
2
Lattice=2.0000000000e+00 0 0 0 2.0000000000e+00 0 0 0 2.0000000000e+00
0 9.8226179047e-01 3.6323382300e-02 4.1777954850e-01
1 1.0177382095e+00 9.6367661770e-01 1.5822204515e+00
2
Lattice=2.0000000000e+00 0 0 0 2.0000000000e+00 0 0 0 2.0000000000e+00
0 9.8160661542e-01 1.9197113070e-02 4.1317205457e-01
1 1.0183933846e+00 9.8080288693e-01 1.5868279454e+00
2
Lattice=2.0000000000e+00 0 0 0 2.0000000000e+00 0 0 0 2.0000000000e+00
0 9.8095827949e-01 2.2496183653e-03 4.0841088798e-01
1 1.0190417205e+00 9.9775038163e-01 1.5915891120e+00
2
Lattice=2.0000000000e+00 0 0 0 2.0000000000e+00 0 0 0 2.0000000000e+00
0 9.8031681285e-01 1.9853513996e+00 4.0350238517e-01
1 1.0196831872e+00 1.0146486004e+00 1.5964976148e+00
2
Lattice=2.0000000000e+00 0 0 0 2.0000000000e+00 0 0 0 2.0000000000e+00
0 9.7968272582e-01 1.9682748615e+00 3.9844266109e-01
1 1.0203172742e+00 1.0317251385e+00 1.6015573389e+00
2
Lattice=2.0000000000e+00 0 0 0 2.0000000000e+00 0 0 0 2.0000000000e+00
0 9.7905644838e-01 1.9510183103e+00 3.9322977371e-01
1 1.0209435516e+00 1.0489816897e+00 1.6067702263e+00
2
Lattice=2.0000000000e+00 0 0 0 2.0000000000e+00 0 0 0 2.0000000000e+00
0 9.7843770742e-01 1.9335992109e+00 3.8787524543e-01
1 1.0215622926e+00 1.0664007891e+00 1.6121247546e+00
2
Lattice=2.0000000000e+00 0 0 0 2.0000000000e+00 0 0 0 2.0000000000e+00
0 9.7782479625e-01 1.9160622112e+00 3.8241547849e-01
1 1.0221752037e+00 1.0839377888e+00 1.6175845215e+00
2
Lattice=2.0000000000e+00 0 0 0 2.0000000000e+00 0 0 0 2.0000000000e+00
0 9.7721327524e-01 1.8984977399e+00 3.7693097142e-01
1 1.0227867248e+00 1.1015022601e+00 1.6230690286e+00
2
Lattice=2.0000000000e+00 0 0 0 2.0000000000e+00 0 0 0 2.0000000000e+00
0 9.7659374976e-01 1.8810706703e+00 3.7157744657e-01
1 1.0234062502e+00 1.1189293297e+00 1.6284225534e+00
2
Lattice=2.0000000000e+00 0 0 0 2.0000000000e+00 0 0 0 2.0000000000e+00
0 9.7594833017e-01 1.8640607425e+00 3.6663254711e-01
1 1.0240516698e+00 1.1359392575e+00 1.6333674529e+00
2
Lattice=2.0000000000e+00 0 0 0 2.0000000000e+00 0 0 0 2.0000000000e+00
0 9.7524574897e-01 1.8479090696e+00 3.6255514056e-01
1 1.0247542510e+00 1.1520909304e+00 1.6374448594e+00
2
Lattice=2.0000000000e+00 0 0 0 2.0000000000e+00 0 0 0 2.0000000000e+00
0 9.7443666988e-01 1.8332444945e+00 3.6003217788e-01
1 1.0255633301e+00 1.1667555055e+00 1.6399678221e+00
2
Lattice=2.0000000000e+00 0 0 0 2.0000000000e+00 0 0 0 2.0000000000e+00
0 9.7345416405e-01 1.8208298298e+00 3.5994573549e-01
1 1.0265458359e+00 1.1791701702e+00 1.6400542645e+00
2
Lattice=2.0000000000e+00 0 0 0 2.0000000000e+00 0 0 0 2.0000000000e+00
0 9.7222717571e-01 1.8113616430e+00 3.6316974360e-01
1 1.0277728243e+00 1.1886383570e+00 1.6368302564e+00
2
Lattice=2.0000000000e+00 0 0 0 2.0000000000e+00 0 0 0 2.0000000000e+00
0 9.7070818805e-01 1.8051653978e+00 3.7021114317e-01
1 1.0292918120e+00 1.1948346022e+00 1.6297888568e+00
2
Lattice=2.0000000000e+00 0 0 0 2.0000000000e+00 0 0 0 2.0000000000e+00
0 9.6889768509e-01 1.8020115363e+00 3.8093987472e-01
1 1.0311023149e+00 1.1979884637e+00 1.6190601253e+00
2
Lattice=2.0000000000e+00 0 0 0 2.0000000000e+00 0 0 0 2.0000000000e+00
0 9.6684271854e-01 1.8012401086e+00 3.9466754981e-01
1 1.0331572815e+00 1.1987598914e+00 1.6053324502e+00
2
Lattice=2.0000000000e+00 0 0 0 2.0000000000e+00 0 0 0 2.0000000000e+00
0 9.6461223941e-01 1.8020712096e+00 4.1048872876e-01
1 1.0353877606e+00 1.1979287904e+00 1.5895112712e+00
2
Lattice=2.0000000000e+00 0 0 0 2.0000000000e+00 0 0 0 2.0000000000e+00
0 9.6227205545e-01 1.8038443956e+00 4.2758556877e-01
1 1.0377279445e+00 1.1961556044e+00 1.5724144312e+00
2
Lattice=2.0000000000e+00 0 0 0 2.0000000000e+00 0 0 0 2.0000000000e+00
0 9.5987279875e-01 1.8060967577e+00 4.4535379679e-01
1 1.0401272012e+00 1.1939032423e+00 1.5546462032e+00
2
Lattice=2.0000000000e+00 0 0 0 2.0000000000e+00 0 0 0 2.0000000000e+00
0 9.5744877628e-01 1.8085399306e+00 4.6339793433e-01
1 1.0425512237e+00 1.1914600694e+00 1.5366020657e+00
2
Lattice=2.0000000000e+00 0 0 0 2.0000000000e+00 0 0 0 2.0000000000e+00
0 9.5502137041e-01 1.8110086053e+00 4.8147945300e-01
1 1.0449786296e+00 1.1889913947e+00 1.5185205470e+00
2
Lattice=2.0000000000e+00 0 0 0 2.0000000000e+00 0 0 0 2.0000000000e+00
0 9.5260303012e-01 1.8134150490e+00 4.9946417854e-01
1 1.0473969699e+00 1.1865849510e+00 1.5005358215e+00
2
Lattice=2.0000000000e+00 0 0 0 2.0000000000e+00 0 0 0 2.0000000000e+00
0 9.5019946341e-01 1.8157238411e+00 5.1743510105e-01
1 1.0498005366e+00 1.1842761589e+00 1.4825648989e+00
2
Lattice=2.0000000000e+00 0 0 0 2.0000000000e+00 0 0 0 2.0000000000e+00
0 9.4780802768e-01 1.8179554494e+00 5.3552445382e-01
1 1.0521919723e+00 1.1820445506e+00 1.4644755462e+00
2
Lattice=2.0000000000e+00 0 0 0 2.0000000000e+00 0 0 0 2.0000000000e+00
0 9.4541992618e-01 1.8201662685e+00 5.5364500107e-01
1 1.0545800738e+00 1.1798337315e+00 1.4463549989e+00
2
Lattice=2.0000000000e+00 0 0 0 2.0000000000e+00 0 0 0 2.0000000000e+00
0 9.4301844358e-01 1.8224548235e+00 5.7165853564e-01
1 1.0569815564e+00 1.1775451765e+00 1.4283414644e+00
2
Lattice=2.0000000000e+00 0 0 0 2.0000000000e+00 0 0 0 2.0000000000e+00
0 9.4057487243e-01 1.8249804309e+00 5.8935926880e-01
1 1.0594251276e+00 1.1750195691e+00 1.4106407312e+00
2
Lattice=2.0000000000e+00 0 0 0 2.0000000000e+00 0 0 0 2.0000000000e+00
0 9.3804383857e-01 1.8279828036e+00 6.0646054702e-01
1 1.0619561614e+00 1.1720171964e+00 1.3935394530e+00
2
Lattice=2.0000000000e+00 0 0 0 2.0000000000e+00 0 0 0 2.0000000000e+00
0 9.3535979604e-01 1.8317932502e+00 6.2259606159e-01
1 1.0646402040e+00 1.1682067498e+00 1.3774039384e+00
2
Lattice=2.0000000000e+00 0 0 0 2.0000000000e+00 0 0 0 2.0000000000e+00
0 9.3243842064e-01 1.8368198476e+00 6.3735247713e-01
1 1.0675615794e+00 1.1631801524e+00 1.3626475229e+00
2
Lattice=2.0000000000e+00 0 0 0 2.0000000000e+00 0 0 0 2.0000000000e+00
0 9.2918767527e-01 1.8434867368e+00 6.5034650365e-01
1 1.0708123247e+00 1.1565132632e+00 1.3496534963e+00
2
Lattice=2.0000000000e+00 0 0 0 2.0000000000e+00 0 0 0 2.0000000000e+00
0 9.2552995906e-01 1.8521268085e+00 6.6133386973e-01
1 1.0744700409e+00 1.1478731915e+00 1.3386661303e+00
2
Lattice=2.0000000000e+00 0 0 0 2.0000000000e+00 0 0 0 2.0000000000e+00
0 9.2142759789e-01 1.8628695718e+00 6.7029844057e-01
1 1.0785724021e+00 1.1371304282e+00 1.3297015594e+00
2
Lattice=2.0000000000e+00 0 0 0 2.0000000000e+00 0 0 0 2.0000000000e+00
0 9.1689662685e-01 1.8755929088e+00 6.7746088733e-01
1 1.0831033731e+00 1.1244070912e+00 1.3225391127e+00
2
Lattice=2.0000000000e+00 0 0 0 2.0000000000e+00 0 0 0 2.0000000000e+00
0 9.1199967139e-01 1.8899718868e+00 6.8319795981e-01
1 1.0880003286e+00 1.1100281132e+00 1.3168020402e+00
2
Lattice=2.0000000000e+00 0 0 0 2.0000000000e+00 0 0 0 2.0000000000e+00
0 9.0682403042e-01 1.9055873354e+00 6.8792703647e-01
1 1.0931759696e+00 1.0944126646e+00 1.3120729635e+00
2
Lattice=2.0000000000e+00 0 0 0 2.0000000000e+00 0 0 0 2.0000000000e+00
0 9.0145897962e-01 1.9220284405e+00 6.9201798779e-01
1 1.0985410204e+00 1.0779715595e+00 1.3079820122e+00
2
Lattice=2.0000000000e+00 0 0 0 2.0000000000e+00 0 0 0 2.0000000000e+00
0 8.9598140500e-01 1.9389522771e+00 6.9575464499e-01
1 1.1040185950e+00 1.0610477229e+00 1.3042453550e+00
2
Lattice=2.0000000000e+00 0 0 0 2.0000000000e+00 0 0 0 2.0000000000e+00
0 8.9045057046e-01 1.9561013906e+00 6.9933385156e-01
1 1.1095494295e+00 1.0438986094e+00 1.3006661484e+00
2
Lattice=2.0000000000e+00 0 0 0 2.0000000000e+00 0 0 0 2.0000000000e+00
0 8.8490870989e-01 1.9732967225e+00 7.0288179994e-01
1 1.1150912901e+00 1.0267032775e+00 1.2971182001e+00
2
Lattice=2.0000000000e+00 0 0 0 2.0000000000e+00 0 0 0 2.0000000000e+00
0 8.7938408077e-01 1.9904213660e+00 7.0647367878e-01
1 1.1206159192e+00 1.0095786340e+00 1.2935263212e+00
2
Lattice=2.0000000000e+00 0 0 0 2.0000000000e+00 0 0 0 2.0000000000e+00
0 8.7389421782e-01 7.4376669018e-03 7.1014990798e-01
1 1.1261057822e+00 9.9256233310e-01 1.2898500920e+00
2
Lattice=2.0000000000e+00 0 0 0 2.0000000000e+00 0 0 0 2.0000000000e+00
0 8.6844113621e-01 2.4549292960e-02 7.1391091183e-01
1 1.1315588638e+00 9.7545070704e-01 1.2860890882e+00
2
Lattice=2.0000000000e+00 0 0 0 2.0000000000e+00 0 0 0 2.0000000000e+00
0 8.6300654539e-01 4.1729031237e-02 7.1771267185e-01
1 1.1369934546e+00 9.5827096876e-01 1.2822873281e+00
2
Lattice=2.0000000000e+00 0 0 0 2.0000000000e+00 0 0 0 2.0000000000e+00
0 8.5755081970e-01 5.8840321960e-02 7.2147183730e-01
1 1.1424491803e+00 9.4115967804e-01 1.2785281627e+00
2
Lattice=2.0000000000e+00 0 0 0 2.0000000000e+00 0 0 0 2.0000000000e+00
0 8.5199996886e-01 7.5660666728e-02 7.2504655603e-01
1 1.1480000311e+00 9.2433933327e-01 1.2749534440e+00
2
Lattice=2.0000000000e+00 0 0 0 2.0000000000e+00 0 0 0 2.0000000000e+00
0 8.4622744763e-01 9.1850938924e-02 7.2821178653e-01
1 1.1537725524e+00 9.0814906108e-01 1.2717882135e+00
2
Lattice=2.0000000000e+00 0 0 0 2.0000000000e+00 0 0 0 2.0000000000e+00
0 8.4003536983e-01 1.0693508732e-01 7.3063863676e-01
1 1.1599646302e+00 8.9306491268e-01 1.2693613632e+00
2
Lattice=2.0000000000e+00 0 0 0 2.0000000000e+00 0 0 0 2.0000000000e+00
0 8.3314822434e-01 1.2032009982e-01 7.3189880208e-01
1 1.1668517757e+00 8.7967990018e-01 1.2681011979e+00
2
Lattice=2.0000000000e+00 0 0 0 2.0000000000e+00 0 0 0 2.0000000000e+00
0 8.2524237375e-01 1.3139508103e-01 7.3152551897e-01
1 1.1747576263e+00 8.6860491897e-01 1.2684744810e+00
2
Lattice=2.0000000000e+00 0 0 0 2.0000000000e+00 0 0 0 2.0000000000e+00
0 8.1602827188e-01 1.3971520304e-01 7.2914434211e-01
1 1.1839717281e+00 8.6028479696e-01 1.2708556579e+00
2
Lattice=2.0000000000e+00 0 0 0 2.0000000000e+00 0 0 0 2.0000000000e+00
0 8.0536002377e-01 1.4518682223e-01 7.2462195615e-01
1 1.1946399762e+00 8.5481317777e-01 1.2753780438e+00
2
Lattice=2.0000000000e+00 0 0 0 2.0000000000e+00 0 0 0 2.0000000000e+00
0 7.9329905190e-01 1.4811447943e-01 7.1812695513e-01
1 1.2067009481e+00 8.5188552057e-01 1.2818730449e+00
2
Lattice=2.0000000000e+00 0 0 0 2.0000000000e+00 0 0 0 2.0000000000e+00
0 7.8008112212e-01 1.4906572208e-01 7.1005134496e-01
1 1.2199188779e+00 8.5093427792e-01 1.2899486550e+00
2
Lattice=2.0000000000e+00 0 0 0 2.0000000000e+00 0 0 0 2.0000000000e+00
0 7.6601936330e-01 1.4866427058e-01 7.0086058871e-01
1 1.2339806367e+00 8.5133572942e-01 1.2991394113e+00
2
Lattice=2.0000000000e+00 0 0 0 2.0000000000e+00 0 0 0 2.0000000000e+00
0 7.5141426379e-01 1.4744244340e-01 6.9097326615e-01
1 1.2485857362e+00 8.5255755660e-01 1.3090267338e+00
2
Lattice=2.0000000000e+00 0 0 0 2.0000000000e+00 0 0 0 2.0000000000e+00
0 7.3650712817e-01 1.4578933947e-01 6.8070923483e-01
1 1.2634928718e+00 8.5421066053e-01 1.3192907652e+00
2
Lattice=2.0000000000e+00 0 0 0 2.0000000000e+00 0 0 0 2.0000000000e+00
0 7.2147122254e-01 1.4396141091e-01 6.7028843499e-01
1 1.2785287775e+00 8.5603858909e-01 1.3297115650e+00
2
Lattice=2.0000000000e+00 0 0 0 2.0000000000e+00 0 0 0 2.0000000000e+00
0 7.0642164530e-01 1.4211506036e-01 6.5985105000e-01
1 1.2935783547e+00 8.5788493964e-01 1.3401489500e+00
2
Lattice=2.0000000000e+00 0 0 0 2.0000000000e+00 0 0 0 2.0000000000e+00
0 6.9143007541e-01 1.4033894369e-01 6.4948067064e-01
1 1.3085699246e+00 8.5966105631e-01 1.3505193294e+00
2
Lattice=2.0000000000e+00 0 0 0 2.0000000000e+00 0 0 0 2.0000000000e+00
0 6.7653809636e-01 1.3867869463e-01 6.3922333098e-01
1 1.3234619036e+00 8.6132130537e-01 1.3607766690e+00
2
Lattice=2.0000000000e+00 0 0 0 2.0000000000e+00 0 0 0 2.0000000000e+00
0 6.6176735466e-01 1.3715380664e-01 6.2910118650e-01
1 1.3382326453e+00 8.6284619336e-01 1.3708988135e+00
2
Lattice=2.0000000000e+00 0 0 0 2.0000000000e+00 0 0 0 2.0000000000e+00
0 6.4712671026e-01 1.3576849340e-01 6.1912170828e-01
1 1.3528732897e+00 8.6423150660e-01 1.3808782917e+00
2
Lattice=2.0000000000e+00 0 0 0 2.0000000000e+00 0 0 0 2.0000000000e+00
0 6.3261706189e-01 1.3451843986e-01 6.0928364233e-01
1 1.3673829381e+00 8.6548156014e-01 1.3907163577e+00
2
Lattice=2.0000000000e+00 0 0 0 2.0000000000e+00 0 0 0 2.0000000000e+00
0 6.1823452627e-01 1.3339490357e-01 5.9958078883e-01
1 1.3817654737e+00 8.6660509643e-01 1.4004192112e+00
2
Lattice=2.0000000000e+00 0 0 0 2.0000000000e+00 0 0 0 2.0000000000e+00
0 6.0397250048e-01 1.3238715742e-01 5.9000436144e-01
1 1.3960274995e+00 8.6761284258e-01 1.4099956386e+00
2
Lattice=2.0000000000e+00 0 0 0 2.0000000000e+00 0 0 0 2.0000000000e+00
0 5.8982298337e-01 1.3148391095e-01 5.8054443789e-01
1 1.4101770166e+00 8.6851608905e-01 1.4194555621e+00
2
Lattice=2.0000000000e+00 0 0 0 2.0000000000e+00 0 0 0 2.0000000000e+00
0 5.7577741045e-01 1.3067410938e-01 5.7119083449e-01
1 1.4242225895e+00 8.6932589062e-01 1.4288091655e+00
2
Lattice=2.0000000000e+00 0 0 0 2.0000000000e+00 0 0 0 2.0000000000e+00
0 5.6182717146e-01 1.2994735685e-01 5.6193361773e-01
1 1.4381728285e+00 8.7005264315e-01 1.4380663823e+00
2
Lattice=2.0000000000e+00 0 0 0 2.0000000000e+00 0 0 0 2.0000000000e+00
0 5.4796392165e-01 1.2929411524e-01 5.5276338830e-01
1 1.4520360783e+00 8.7070588476e-01 1.4472366117e+00
2
Lattice=2.0000000000e+00 0 0 0 2.0000000000e+00 0 0 0 2.0000000000e+00
0 5.3417975964e-01 1.2870577135e-01 5.4367142366e-01
1 1.4658202404e+00 8.7129422865e-01 1.4563285763e+00
2
Lattice=2.0000000000e+00 0 0 0 2.0000000000e+00 0 0 0 2.0000000000e+00
0 5.2046731929e-01 1.2817462900e-01 5.3464973365e-01
1 1.4795326807e+00 8.7182537100e-01 1.4653502663e+00
2
Lattice=2.0000000000e+00 0 0 0 2.0000000000e+00 0 0 0 2.0000000000e+00
0 5.0681980704e-01 1.2769386039e-01 5.2569106379e-01
1 1.4931801930e+00 8.7230613961e-01 1.4743089362e+00
2
Lattice=2.0000000000e+00 0 0 0 2.0000000000e+00 0 0 0 2.0000000000e+00
0 4.9321996451e-01 1.2725756413e-01 5.1678903165e-01
1 1.5067800355e+00 8.7274243587e-01 1.4832109684e+00
2
Lattice=2.0000000000e+00 0 0 0 2.0000000000e+00 0 0 0 2.0000000000e+00
0 4.7958124105e-01 1.2686351814e-01 5.0794177318e-01
1 1.5204187589e+00 8.7313648186e-01 1.4920582268e+00
2
Lattice=2.0000000000e+00 0 0 0 2.0000000000e+00 0 0 0 2.0000000000e+00
0 4.6588696277e-01 1.2651270142e-01 4.9915152532e-01
1 1.5341130372e+00 8.7348729858e-01 1.5008484747e+00
2
Lattice=2.0000000000e+00 0 0 0 2.0000000000e+00 0 0 0 2.0000000000e+00
0 4.5213620931e-01 1.2620717808e-01 4.9035367222e-01
1 1.5478637907e+00 8.7379282192e-01 1.5096463278e+00
2
Lattice=2.0000000000e+00 0 0 0 2.0000000000e+00 0 0 0 2.0000000000e+00
0 4.3832418770e-01 1.2595233889e-01 4.8148935534e-01
1 1.5616758123e+00 8.7404766111e-01 1.5185106447e+00
2
Lattice=2.0000000000e+00 0 0 0 2.0000000000e+00 0 0 0 2.0000000000e+00
0 4.2444500432e-01 1.2575485009e-01 4.7255124320e-01
1 1.5755549957e+00 8.7424514991e-01 1.5274487568e+00
2
Lattice=2.0000000000e+00 0 0 0 2.0000000000e+00 0 0 0 2.0000000000e+00
0 4.1049234399e-01 1.2562219116e-01 4.6353130368e-01
1 1.5895076560e+00 8.7437780884e-01 1.5364686963e+00
2
Lattice=2.0000000000e+00 0 0 0 2.0000000000e+00 0 0 0 2.0000000000e+00
0 3.9645951248e-01 1.2556269969e-01 4.5442080822e-01
1 1.6035404875e+00 8.7443730031e-01 1.5455791918e+00
2
Lattice=2.0000000000e+00 0 0 0 2.0000000000e+00 0 0 0 2.0000000000e+00
0 3.8233952022e-01 1.2558558395e-01 4.4521037973e-01
1 1.6176604798e+00 8.7441441605e-01 1.5547896203e+00
2
Lattice=2.0000000000e+00 0 0 0 2.0000000000e+00 0 0 0 2.0000000000e+00
0 3.6812522715e-01 1.2570087781e-01 4.3589011063e-01
1 1.6318747728e+00 8.7429912219e-01 1.5641098894e+00
2
Lattice=2.0000000000e+00 0 0 0 2.0000000000e+00 0 0 0 2.0000000000e+00
0 3.5380957795e-01 1.2591929735e-01 4.2644979115e-01
1 1.6461904221e+00 8.7408070265e-01 1.5735502089e+00
2
Lattice=2.0000000000e+00 0 0 0 2.0000000000e+00 0 0 0 2.0000000000e+00
0 3.3938596976e-01 1.2625193507e-01 4.1687930910e-01
1 1.6606140302e+00 8.7374806493e-01 1.5831206909e+00
2
Lattice=2.0000000000e+00 0 0 0 2.0000000000e+00 0 0 0 2.0000000000e+00
0 3.2484881407e-01 1.2670968999e-01 4.0716931441e-01
1 1.6751511859e+00 8.7329031001e-01 1.5928306856e+00
2
Lattice=2.0000000000e+00 0 0 0 2.0000000000e+00 0 0 0 2.0000000000e+00
0 3.1019438100e-01 1.2730227433e-01 3.9731228955e-01
1 1.6898056190e+00 8.7269772567e-01 1.6026877104e+00
2
Lattice=2.0000000000e+00 0 0 0 2.0000000000e+00 0 0 0 2.0000000000e+00
0 2.9542205215e-01 1.2803654742e-01 3.8730423842e-01
1 1.7045779479e+00 8.7196345258e-01 1.6126957616e+00
2
Lattice=2.0000000000e+00 0 0 0 2.0000000000e+00 0 0 0 2.0000000000e+00
0 2.8053615674e-01 1.2891379228e-01 3.7714730918e-01
1 1.7194638433e+00 8.7108620772e-01 1.6228526908e+00
2
Lattice=2.0000000000e+00 0 0 0 2.0000000000e+00 0 0 0 2.0000000000e+00
0 2.6554862261e-01 1.2992535542e-01 3.6685380530e-01
1 1.7344513774e+00 8.7007464458e-01 1.6331461947e+00
2
Lattice=2.0000000000e+00 0 0 0 2.0000000000e+00 0 0 0 2.0000000000e+00
0 2.5048271948e-01 1.3104581277e-01 3.5645220412e-01
1 1.7495172805e+00 8.6895418723e-01 1.6435477959e+00
2
Lattice=2.0000000000e+00 0 0 0 2.0000000000e+00 0 0 0 2.0000000000e+00
0 2.3537815456e-01 1.3222255486e-01 3.4599593218e-01
1 1.7646218454e+00 8.6777744514e-01 1.6540040678e+00
2
Lattice=2.0000000000e+00 0 0 0 2.0000000000e+00 0 0 0 2.0000000000e+00
0 2.2029757193e-01 1.3336059376e-01 3.3557555803e-01
1 1.7797024281e+00 8.6663940624e-01 1.6644244420e+00
2
Lattice=2.0000000000e+00 0 0 0 2.0000000000e+00 0 0 0 2.0000000000e+00
0 2.0533384645e-01 1.3430201872e-01 3.2533430595e-01
1 1.7946661535e+00 8.6569798128e-01 1.6746656940e+00
2
Lattice=2.0000000000e+00 0 0 0 2.0000000000e+00 0 0 0 2.0000000000e+00
0 1.9061604634e-01 1.3480201384e-01 3.1548450339e-01
1 1.8093839537e+00 8.6519798616e-01 1.6845154966e+00
2
Lattice=2.0000000000e+00 0 0 0 2.0000000000e+00 0 0 0 2.0000000000e+00
0 1.7630928281e-01 1.3450941936e-01 3.0631766590e-01
1 1.8236907172e+00 8.6549058064e-01 1.6936823341e+00
2
Lattice=2.0000000000e+00 0 0 0 2.0000000000e+00 0 0 0 2.0000000000e+00
0 1.6260077540e-01 1.3296998572e-01 2.9819371477e-01
1 1.8373992246e+00 8.6703001428e-01 1.7018062852e+00
2
Lattice=2.0000000000e+00 0 0 0 2.0000000000e+00 0 0 0 2.0000000000e+00
0 1.4966527793e-01 1.2967855815e-01 2.9149111710e-01
1 1.8503347221e+00 8.7032144185e-01 1.7085088829e+00
2
Lattice=2.0000000000e+00 0 0 0 2.0000000000e+00 0 0 0 2.0000000000e+00
0 1.3761388693e-01 1.2419428035e-01 2.8651318798e-01
1 1.8623861131e+00 8.7580571965e-01 1.7134868120e+00
2
Lattice=2.0000000000e+00 0 0 0 2.0000000000e+00 0 0 0 2.0000000000e+00
0 1.2645002786e-01 1.1628549277e-01 2.8338351323e-01
1 1.8735499721e+00 8.8371450723e-01 1.7166164868e+00
2
Lattice=2.0000000000e+00 0 0 0 2.0000000000e+00 0 0 0 2.0000000000e+00
0 1.1606439966e-01 1.0602008469e-01 2.8199532523e-01
1 1.8839356003e+00 8.9397991531e-01 1.7180046748e+00
2
Lattice=2.0000000000e+00 0 0 0 2.0000000000e+00 0 0 0 2.0000000000e+00
0 1.0627629525e-01 9.3735810129e-02 2.8205397113e-01
1 1.8937237047e+00 9.0626418987e-01 1.7179460289e+00
2
Lattice=2.0000000000e+00 0 0 0 2.0000000000e+00 0 0 0 2.0000000000e+00
0 9.6892976979e-02 7.9915419167e-02 2.8318100492e-01
1 1.9031070230e+00 9.2008458083e-01 1.7168189951e+00
2
Lattice=2.0000000000e+00 0 0 0 2.0000000000e+00 0 0 0 2.0000000000e+00
0 8.7752824084e-02 6.5051491023e-02 2.8501310269e-01
1 1.9122471759e+00 9.3494850898e-01 1.7149868973e+00
2
Lattice=2.0000000000e+00 0 0 0 2.0000000000e+00 0 0 0 2.0000000000e+00
0 7.8740773564e-02 4.9561502530e-02 2.8725661265e-01
1 1.9212592264e+00 9.5043849747e-01 1.7127433873e+00
2
Lattice=2.0000000000e+00 0 0 0 2.0000000000e+00 0 0 0 2.0000000000e+00
0 6.9784438321e-02 3.3759520426e-02 2.8969985530e-01
1 1.9302155617e+00 9.6624047957e-01 1.7103001447e+00
2
Lattice=2.0000000000e+00 0 0 0 2.0000000000e+00 0 0 0 2.0000000000e+00
0 6.0842981016e-02 1.7862917265e-02 2.9220235717e-01
1 1.9391570190e+00 9.8213708274e-01 1.7077976428e+00
2
Lattice=2.0000000000e+00 0 0 0 2.0000000000e+00 0 0 0 2.0000000000e+00
0 5.1896099736e-02 2.0125087571e-03 2.9467712664e-01
1 1.9481039003e+00 9.9798749124e-01 1.7053228734e+00
2
Lattice=2.0000000000e+00 0 0 0 2.0000000000e+00 0 0 0 2.0000000000e+00
0 4.2936780935e-02 1.9861923757e+00 2.9708090320e-01
1 1.9570632191e+00 1.0138076243e+00 1.7029190968e+00
2
Lattice=2.0000000000e+00 0 0 0 2.0000000000e+00 0 0 0 2.0000000000e+00
0 3.3970321196e-02 1.9702966473e+00 2.9943711061e-01
1 1.9660296788e+00 1.0297033527e+00 1.7005628894e+00
2
Lattice=2.0000000000e+00 0 0 0 2.0000000000e+00 0 0 0 2.0000000000e+00
0 2.5005768830e-02 1.9544325168e+00 3.0181403474e-01
1 1.9749942312e+00 1.0455674832e+00 1.6981859653e+00
2
Lattice=2.0000000000e+00 0 0 0 2.0000000000e+00 0 0 0 2.0000000000e+00
0 1.6051493302e-02 1.9387661539e+00 3.0432327388e-01
1 1.9839485067e+00 1.0612338461e+00 1.6956767261e+00
2
Lattice=2.0000000000e+00 0 0 0 2.0000000000e+00 0 0 0 2.0000000000e+00
0 7.1121699960e-03 1.9235334535e+00 3.0713475281e-01
1 1.9928878300e+00 1.0764665465e+00 1.6928652472e+00
2
Lattice=2.0000000000e+00 0 0 0 2.0000000000e+00 0 0 0 2.0000000000e+00
0 1.9981840928e+00 1.9090457228e+00 3.1048847999e-01
1 1.8159072185e-03 1.0909542772e+00 1.6895115200e+00
2
Lattice=2.0000000000e+00 0 0 0 2.0000000000e+00 0 0 0 2.0000000000e+00
0 1.9892494984e+00 1.8956752511e+00 3.1469275406e-01
1 1.0750501570e-02 1.1043247489e+00 1.6853072459e+00
2
Lattice=2.0000000000e+00 0 0 0 2.0000000000e+00 0 0 0 2.0000000000e+00
0 1.9802724734e+00 1.8838072082e+00 3.2009452506e-01
1 1.9727526632e-02 1.1161927918e+00 1.6799054749e+00
2
Lattice=2.0000000000e+00 0 0 0 2.0000000000e+00 0 0 0 2.0000000000e+00
0 1.9712008435e+00 1.8737558004e+00 3.2701333023e-01
1 2.8799156457e-02 1.1262441996e+00 1.6729866698e+00
2
Lattice=2.0000000000e+00 0 0 0 2.0000000000e+00 0 0 0 2.0000000000e+00
0 1.9619773236e+00 1.8656705095e+00 3.3565299567e-01
1 3.8022676432e-02 1.1343294905e+00 1.6643470043e+00
2
Lattice=2.0000000000e+00 0 0 0 2.0000000000e+00 0 0 0 2.0000000000e+00
0 1.9525571405e+00 1.8594827166e+00 3.4603337402e-01
1 4.7442859502e-02 1.1405172834e+00 1.6539666260e+00
2
Lattice=2.0000000000e+00 0 0 0 2.0000000000e+00 0 0 0 2.0000000000e+00
0 1.9429227432e+00 1.8549291741e+00 3.5798452007e-01
1 5.7077256794e-02 1.1450708259e+00 1.6420154799e+00
2
Lattice=2.0000000000e+00 0 0 0 2.0000000000e+00 0 0 0 2.0000000000e+00
0 1.9330872127e+00 1.8516377464e+00 3.7120572292e-01
1 6.6912787269e-02 1.1483622536e+00 1.6287942771e+00
2
Lattice=2.0000000000e+00 0 0 0 2.0000000000e+00 0 0 0 2.0000000000e+00
0 1.9230864558e+00 1.8492238677e+00 3.8535049768e-01
1 7.6913544203e-02 1.1507761323e+00 1.6146495023e+00
2
Lattice=2.0000000000e+00 0 0 0 2.0000000000e+00 0 0 0 2.0000000000e+00
0 1.9129668872e+00 1.8473560091e+00 4.0009547208e-01
1 8.7033112846e-02 1.1526439909e+00 1.5999045279e+00
2
Lattice=2.0000000000e+00 0 0 0 2.0000000000e+00 0 0 0 2.0000000000e+00
0 1.9027749674e+00 1.8457811507e+00 4.1517623746e-01
1 9.7225032629e-02 1.1542188493e+00 1.5848237625e+00
2
Lattice=2.0000000000e+00 0 0 0 2.0000000000e+00 0 0 0 2.0000000000e+00
0 1.8925510708e+00 1.8443225827e+00 4.3039548081e-01
1 1.0744892920e-01 1.1556774173e+00 1.5696045192e+00
2
Lattice=2.0000000000e+00 0 0 0 2.0000000000e+00 0 0 0 2.0000000000e+00
0 1.8823271782e+00 1.8428654656e+00 4.4561580876e-01
1 1.1767282177e-01 1.1571345344e+00 1.5543841912e+00
2
Lattice=2.0000000000e+00 0 0 0 2.0000000000e+00 0 0 0 2.0000000000e+00
0 1.8721269262e+00 1.8413402487e+00 4.6074720035e-01
1 1.2787307382e-01 1.1586597513e+00 1.5392527996e+00
2
Lattice=2.0000000000e+00 0 0 0 2.0000000000e+00 0 0 0 2.0000000000e+00
0 1.8619667455e+00 1.8397084441e+00 4.7573449226e-01
1 1.3803325451e-01 1.1602915559e+00 1.5242655077e+00
2
Lattice=2.0000000000e+00 0 0 0 2.0000000000e+00 0 0 0 2.0000000000e+00
0 1.8518573104e+00 1.8379518968e+00 4.9054699764e-01
1 1.4814268956e-01 1.1620481032e+00 1.5094530024e+00
2
Lattice=2.0000000000e+00 0 0 0 2.0000000000e+00 0 0 0 2.0000000000e+00
0 1.8418049338e+00 1.8360652044e+00 5.0519372486e-01
1 1.5819506623e-01 1.1639347956e+00 1.4948062751e+00
2
Lattice=2.0000000000e+00 0 0 0 2.0000000000e+00 0 0 0 2.0000000000e+00
0 1.8318136901e+00 1.8340486436e+00 5.1995054835e-01
1 1.6818630994e-01 1.1659513564e+00 1.4800494517e+00
2
Lattice=2.0000000000e+00 0 0 0 2.0000000000e+00 0 0 0 2.0000000000e+00
0 1.8218867096e+00 1.8319044062e+00 5.3489087191e-01
1 1.7811329037e-01 1.1680955938e+00 1.4651091281e+00
2
Lattice=2.0000000000e+00 0 0 0 2.0000000000e+00 0 0 0 2.0000000000e+00
0 1.8120242893e+00 1.8296397651e+00 5.4999997896e-01
1 1.8797571072e-01 1.1703602349e+00 1.4500000210e+00
2
Lattice=2.0000000000e+00 0 0 0 2.0000000000e+00 0 0 0 2.0000000000e+00
0 1.8022221567e+00 1.8272692245e+00 5.6525376107e-01
1 1.9777784333e-01 1.1727307755e+00 1.4347462389e+00
2
Lattice=2.0000000000e+00 0 0 0 2.0000000000e+00 0 0 0 2.0000000000e+00
0 1.7924693057e+00 1.8248168633e+00 5.8061641170e-01
1 2.0753069427e-01 1.1751831367e+00 1.4193835883e+00
2
Lattice=2.0000000000e+00 0 0 0 2.0000000000e+00 0 0 0 2.0000000000e+00
0 1.7827453002e+00 1.8223189683e+00 5.9603811856e-01
1 2.1725469977e-01 1.1776810317e+00 1.4039618814e+00
2
Lattice=2.0000000000e+00 0 0 0 2.0000000000e+00 0 0 0 2.0000000000e+00
0 1.7730171775e+00 1.8198266673e+00 6.1145318794e-01
1 2.2698282245e-01 1.1801733327e+00 1.3885468121e+00
2
Lattice=2.0000000000e+00 0 0 0 2.0000000000e+00 0 0 0 2.0000000000e+00
0 1.7632363501e+00 1.8174079822e+00 6.2677931866e-01
1 2.3676364991e-01 1.1825920178e+00 1.3732206813e+00
2
Lattice=2.0000000000e+00 0 0 0 2.0000000000e+00 0 0 0 2.0000000000e+00
0 1.7533363063e+00 1.8151483533e+00 6.4191904097e-01
1 2.4666369366e-01 1.1848516467e+00 1.3580809590e+00
2
Lattice=2.0000000000e+00 0 0 0 2.0000000000e+00 0 0 0 2.0000000000e+00
0 1.7432323913e+00 1.8131483539e+00 6.5676447730e-01
1 2.5676760871e-01 1.1868516461e+00 1.3432355227e+00
2
Lattice=2.0000000000e+00 0 0 0 2.0000000000e+00 0 0 0 2.0000000000e+00
0 1.7328252648e+00 1.8115172943e+00 6.7120627762e-01
1 2.6717473520e-01 1.1884827057e+00 1.3287937224e+00
2
Lattice=2.0000000000e+00 0 0 0 2.0000000000e+00 0 0 0 2.0000000000e+00
0 1.7220093638e+00 1.8103620993e+00 6.8514651855e-01
1 2.7799063622e-01 1.1896379007e+00 1.3148534815e+00
2
Lattice=2.0000000000e+00 0 0 0 2.0000000000e+00 0 0 0 2.0000000000e+00
0 1.7106863914e+00 1.8097724774e+00 6.9851352873e-01
1 2.8931360857e-01 1.1902275226e+00 1.3014864713e+00
2
Lattice=2.0000000000e+00 0 0 0 2.0000000000e+00 0 0 0 2.0000000000e+00
0 1.6987815740e+00 1.8098055933e+00 7.1127471240e-01
1 3.0121842597e-01 1.1901944067e+00 1.2887252876e+00
2
Lattice=2.0000000000e+00 0 0 0 2.0000000000e+00 0 0 0 2.0000000000e+00
0 1.6862581990e+00 1.8104749709e+00 7.2344285446e-01
1 3.1374180104e-01 1.1895250291e+00 1.2765571455e+00
2
Lattice=2.0000000000e+00 0 0 0 2.0000000000e+00 0 0 0 2.0000000000e+00
0 1.6731254660e+00 1.8117477145e+00 7.3507316106e-01
1 3.2687453403e-01 1.1882522855e+00 1.2649268389e+00
2
Lattice=2.0000000000e+00 0 0 0 2.0000000000e+00 0 0 0 2.0000000000e+00
0 1.6594368648e+00 1.8135511458e+00 7.4625186897e-01
1 3.4056313520e-01 1.1864488542e+00 1.2537481310e+00
2
Lattice=2.0000000000e+00 0 0 0 2.0000000000e+00 0 0 0 2.0000000000e+00
0 1.6452800584e+00 1.8157862708e+00 7.5708048847e-01
1 3.5471994157e-01 1.1842137292e+00 1.2429195115e+00
2
Lattice=2.0000000000e+00 0 0 0 2.0000000000e+00 0 0 0 2.0000000000e+00
0 1.6307622326e+00 1.8183434013e+00 7.6766066453e-01
1 3.6923776741e-01 1.1816565987e+00 1.2323393355e+00
2
Lattice=2.0000000000e+00 0 0 0 2.0000000000e+00 0 0 0 2.0000000000e+00
0 1.6159954976e+00 1.8211156688e+00 7.7808315491e-01
1 3.8400450242e-01 1.1788843312e+00 1.2219168451e+00
2
Lattice=2.0000000000e+00 0 0 0 2.0000000000e+00 0 0 0 2.0000000000e+00
0 1.6010855149e+00 1.8240081581e+00 7.8842200318e-01
1 3.9891448508e-01 1.1759918419e+00 1.2115779968e+00
2
Lattice=2.0000000000e+00 0 0 0 2.0000000000e+00 0 0 0 2.0000000000e+00
0 1.5861244756e+00 1.8269424455e+00 7.9873312119e-01
1 4.1387552445e-01 1.1730575545e+00 1.2012668788e+00
2
Lattice=2.0000000000e+00 0 0 0 2.0000000000e+00 0 0 0 2.0000000000e+00
0 1.5711880169e+00 1.8298575501e+00 8.0905572789e-01
1 4.2881198307e-01 1.1701424499e+00 1.1909442721e+00
2
Lattice=2.0000000000e+00 0 0 0 2.0000000000e+00 0 0 0 2.0000000000e+00
0 1.5563349756e+00 1.8327086455e+00 8.1941516584e-01
1 4.4366502442e-01 1.1672913545e+00 1.1805848342e+00
2
Lattice=2.0000000000e+00 0 0 0 2.0000000000e+00 0 0 0 2.0000000000e+00
0 1.5416088208e+00 1.8354646870e+00 8.2982605339e-01
1 4.5839117921e-01 1.1645353130e+00 1.1701739466e+00
2
Lattice=2.0000000000e+00 0 0 0 2.0000000000e+00 0 0 0 2.0000000000e+00
0 1.5270398680e+00 1.8381057396e+00 8.4029518929e-01
1 4.7296013200e-01 1.1618942604e+00 1.1597048107e+00
2
Lattice=2.0000000000e+00 0 0 0 2.0000000000e+00 0 0 0 2.0000000000e+00
0 1.5126476836e+00 1.8406204513e+00 8.5082396342e-01
1 4.8735231635e-01 1.1593795487e+00 1.1491760366e+00
2
Lattice=2.0000000000e+00 0 0 0 2.0000000000e+00 0 0 0 2.0000000000e+00
0 1.4984395007e+00 1.8430038730e+00 8.6141022861e-01
1 5.0156049930e-01 1.1569961270e+00 1.1385897714e+00
2
Lattice=2.0000000000e+00 0 0 0 2.0000000000e+00 0 0 0 2.0000000000e+00
0 1.4841778562e+00 1.8452547566e+00 8.7205004573e-01
1 5.1582214377e-01 1.1547452434e+00 1.1279499543e+00
2
Lattice=2.0000000000e+00 0 0 0 2.0000000000e+00 0 0 0 2.0000000000e+00
0 1.4697315982e+00 1.8473740251e+00 8.8273866486e-01
1 5.3026840180e-01 1.1526259749e+00 1.1172613351e+00
2
Lattice=2.0000000000e+00 0 0 0 2.0000000000e+00 0 0 0 2.0000000000e+00
0 1.4551194133e+00 1.8493706820e+00 8.9346875708e-01
1 5.4488058671e-01 1.1506293180e+00 1.1065312429e+00
2
Lattice=2.0000000000e+00 0 0 0 2.0000000000e+00 0 0 0 2.0000000000e+00
0 1.4403767215e+00 1.8512673555e+00 9.0422950792e-01
1 5.5962327851e-01 1.1487326445e+00 1.0957704921e+00
2
Lattice=2.0000000000e+00 0 0 0 2.0000000000e+00 0 0 0 2.0000000000e+00
0 1.4255624550e+00 1.8531073003e+00 9.1500602524e-01
1 5.7443754503e-01 1.1468926997e+00 1.0849939748e+00
2
Lattice=2.0000000000e+00 0 0 0 2.0000000000e+00 0 0 0 2.0000000000e+00
0 1.4107673416e+00 1.8549637421e+00 9.2577905178e-01
1 5.8923265837e-01 1.1450362579e+00 1.0742209482e+00
2
Lattice=2.0000000000e+00 0 0 0 2.0000000000e+00 0 0 0 2.0000000000e+00
0 1.3961228437e+00 1.8569512797e+00 9.3652538491e-01
1 6.0387715631e-01 1.1430487203e+00 1.0634746151e+00
2
Lattice=2.0000000000e+00 0 0 0 2.0000000000e+00 0 0 0 2.0000000000e+00
0 1.3818083974e+00 1.8592376034e+00 9.4721958987e-01
1 6.1819160260e-01 1.1407623966e+00 1.0527804101e+00
2
Lattice=2.0000000000e+00 0 0 0 2.0000000000e+00 0 0 0 2.0000000000e+00
0 1.3680522683e+00 1.8620510851e+00 9.5783763538e-01
1 6.3194773168e-01 1.1379489149e+00 1.0421623646e+00
2
Lattice=2.0000000000e+00 0 0 0 2.0000000000e+00 0 0 0 2.0000000000e+00
0 1.3551189908e+00 1.8656762313e+00 9.6836265231e-01
1 6.4488100918e-01 1.1343237687e+00 1.0316373477e+00
2
Lattice=2.0000000000e+00 0 0 0 2.0000000000e+00 0 0 0 2.0000000000e+00
0 1.3432766754e+00 1.8704270749e+00 9.7879174972e-01
1 6.5672332460e-01 1.1295729251e+00 1.0212082503e+00
2
Lattice=2.0000000000e+00 0 0 0 2.0000000000e+00 0 0 0 2.0000000000e+00
0 1.3327445333e+00 1.8765935519e+00 9.8914091789e-01
1 6.6725546665e-01 1.1234064481e+00 1.0108590821e+00
2
Lattice=2.0000000000e+00 0 0 0 2.0000000000e+00 0 0 0 2.0000000000e+00
0 1.3236354943e+00 1.8843714441e+00 9.9944407256e-01
1 6.7636450572e-01 1.1156285559e+00 1.0005559274e+00
2
Lattice=2.0000000000e+00 0 0 0 2.0000000000e+00 0 0 0 2.0000000000e+00
0 1.3159210600e+00 1.8938050464e+00 1.0097444902e+00
1 6.8407893996e-01 1.1061949536e+00 9.9025550983e-01
2
Lattice=2.0000000000e+00 0 0 0 2.0000000000e+00 0 0 0 2.0000000000e+00
0 1.3094396111e+00 1.9047737317e+00 1.0200819045e+00
1 6.9056038892e-01 1.0952262683e+00 9.7991809555e-01
2
Lattice=2.0000000000e+00 0 0 0 2.0000000000e+00 0 0 0 2.0000000000e+00
0 1.3039442053e+00 1.9170296472e+00 1.0304818725e+00
1 6.9605579466e-01 1.0829703528e+00 9.6951812747e-01
2
Lattice=2.0000000000e+00 0 0 0 2.0000000000e+00 0 0 0 2.0000000000e+00
0 1.2991636852e+00 1.9302637019e+00 1.0409520265e+00
1 7.0083631479e-01 1.0697362981e+00 9.5904797352e-01
2
Lattice=2.0000000000e+00 0 0 0 2.0000000000e+00 0 0 0 2.0000000000e+00
0 1.2948507672e+00 1.9441678518e+00 1.0514848508e+00
1 7.0514923285e-01 1.0558321482e+00 9.4851514916e-01
2
Lattice=2.0000000000e+00 0 0 0 2.0000000000e+00 0 0 0 2.0000000000e+00
0 1.2908065595e+00 1.9584748738e+00 1.0620635349e+00
1 7.0919344053e-01 1.0415251262e+00 9.3793646512e-01
2
Lattice=2.0000000000e+00 0 0 0 2.0000000000e+00 0 0 0 2.0000000000e+00
0 1.2868852219e+00 1.9729742113e+00 1.0726676689e+00
1 7.1311477814e-01 1.0270257887e+00 9.2733233108e-01
2
Lattice=2.0000000000e+00 0 0 0 2.0000000000e+00 0 0 0 2.0000000000e+00
0 1.2829874932e+00 1.9875115219e+00 1.0832772575e+00
1 7.1701250677e-01 1.0124884781e+00 9.1672274246e-01
2
Lattice=2.0000000000e+00 0 0 0 2.0000000000e+00 0 0 0 2.0000000000e+00
0 1.2790503772e+00 1.9829806044e-03 1.0938749220e+00
1 7.2094962283e-01 9.9801701940e-01 9.0612507805e-01
2
Lattice=2.0000000000e+00 0 0 0 2.0000000000e+00 0 0 0 2.0000000000e+00
0 1.2750519088e+00 1.6481571857e-02 1.1044520301e+00
1 7.2494809125e-01 9.8351842814e-01 8.9554796991e-01
2
Lattice=2.0000000000e+00 0 0 0 2.0000000000e+00 0 0 0 2.0000000000e+00
0 1.2710314544e+00 3.1019071060e-02 1.1150212076e+00
1 7.2896854559e-01 9.6898092894e-01 8.8497879243e-01
2
Lattice=2.0000000000e+00 0 0 0 2.0000000000e+00 0 0 0 2.0000000000e+00
0 1.2670622552e+00 4.5468298626e-02 1.1256128137e+00
1 7.3293774480e-01 9.5453170137e-01 8.7438718625e-01
2
Lattice=2.0000000000e+00 0 0 0 2.0000000000e+00 0 0 0 2.0000000000e+00
0 1.2632538875e+00 5.9644427692e-02 1.1362810902e+00
1 7.3674611246e-01 9.4035557231e-01 8.6371890979e-01
2
Lattice=2.0000000000e+00 0 0 0 2.0000000000e+00 0 0 0 2.0000000000e+00
0 1.2597599191e+00 7.3295535525e-02 1.1471135615e+00
1 7.4024008086e-01 9.2670446448e-01 8.5288643852e-01
2
Lattice=2.0000000000e+00 0 0 0 2.0000000000e+00 0 0 0 2.0000000000e+00
0 1.2567792354e+00 8.6104611043e-02 1.1582385651e+00
1 7.4322076463e-01 9.1389538896e-01 8.4176143494e-01
2
Lattice=2.0000000000e+00 0 0 0 2.0000000000e+00 0 0 0 2.0000000000e+00
0 1.2545433520e+00 9.7714432477e-02 1.1698246024e+00
1 7.4545664799e-01 9.0228556752e-01 8.3017539764e-01
2
Lattice=2.0000000000e+00 0 0 0 2.0000000000e+00 0 0 0 2.0000000000e+00
0 1.2532828422e+00 1.0778391115e-01 1.1820632577e+00
1 7.4671715784e-01 8.9221608885e-01 8.1793674225e-01
2
Lattice=2.0000000000e+00 0 0 0 2.0000000000e+00 0 0 0 2.0000000000e+00
0 1.2531751054e+00 1.1606900367e-01 1.1951317047e+00
1 7.4682489457e-01 8.8393099633e-01 8.0486829532e-01
2
Lattice=2.0000000000e+00 0 0 0 2.0000000000e+00 0 0 0 2.0000000000e+00
0 1.2542921124e+00 1.2249684423e-01 1.2091441539e+00
1 7.4570788756e-01 8.7750315577e-01 7.9085584612e-01
2
Lattice=2.0000000000e+00 0 0 0 2.0000000000e+00 0 0 0 2.0000000000e+00
0 1.2565763714e+00 1.2719120043e-01 1.2241155336e+00
1 7.4342362860e-01 8.7280879957e-01 7.7588446641e-01
2
Lattice=2.0000000000e+00 0 0 0 2.0000000000e+00 0 0 0 2.0000000000e+00
0 1.2598603527e+00 1.3043182071e-01 1.2399583315e+00
1 7.4013964732e-01 8.6956817929e-01 7.6004166853e-01
2
Lattice=2.0000000000e+00 0 0 0 2.0000000000e+00 0 0 0 2.0000000000e+00
0 1.2639168268e+00 1.3257256220e-01 1.2565124268e+00
1 7.3608317321e-01 8.6742743780e-01 7.4348757322e-01
2
Lattice=2.0000000000e+00 0 0 0 2.0000000000e+00 0 0 0 2.0000000000e+00
0 1.2685121452e+00 1.3396198899e-01 1.2735884177e+00
1 7.3148785482e-01 8.6603801101e-01 7.2641158234e-01
2
Lattice=2.0000000000e+00 0 0 0 2.0000000000e+00 0 0 0 2.0000000000e+00
0 1.2734422114e+00 1.3489419606e-01 1.2910040460e+00
1 7.2655778857e-01 8.6510580394e-01 7.0899595405e-01
2
Lattice=2.0000000000e+00 0 0 0 2.0000000000e+00 0 0 0 2.0000000000e+00
0 1.2785473444e+00 1.3559201619e-01 1.3086049576e+00
1 7.2145265564e-01 8.6440798381e-01 6.9139504244e-01
2
Lattice=2.0000000000e+00 0 0 0 2.0000000000e+00 0 0 0 2.0000000000e+00
0 1.2837122878e+00 1.3621116938e-01 1.3262714533e+00
1 7.1628771223e-01 8.6378883062e-01 6.7372854674e-01
2
Lattice=2.0000000000e+00 0 0 0 2.0000000000e+00 0 0 0 2.0000000000e+00
0 1.2888591297e+00 1.3685327288e-01 1.3439167106e+00
1 7.1114087034e-01 8.6314672712e-01 6.5608328941e-01
2
Lattice=2.0000000000e+00 0 0 0 2.0000000000e+00 0 0 0 2.0000000000e+00
0 1.2939384400e+00 1.3758012620e-01 1.3614813230e+00
1 7.0606156001e-01 8.6241987380e-01 6.3851867704e-01
2
Lattice=2.0000000000e+00 0 0 0 2.0000000000e+00 0 0 0 2.0000000000e+00
0 1.2989212201e+00 1.3842592334e-01 1.3789271009e+00
1 7.0107877990e-01 8.6157407666e-01 6.2107289908e-01
2
Lattice=2.0000000000e+00 0 0 0 2.0000000000e+00 0 0 0 2.0000000000e+00
0 1.3037925133e+00 1.3940654520e-01 1.3962315051e+00
1 6.9620748665e-01 8.6059345480e-01 6.0376849489e-01
2
Lattice=2.0000000000e+00 0 0 0 2.0000000000e+00 0 0 0 2.0000000000e+00
0 1.3085466872e+00 1.4052618359e-01 1.4133831506e+00
1 6.9145331284e-01 8.5947381641e-01 5.8661684937e-01
2
Lattice=2.0000000000e+00 0 0 0 2.0000000000e+00 0 0 0 2.0000000000e+00
0 1.3131840951e+00 1.4178187596e-01 1.4303783810e+00
1 6.8681590489e-01 8.5821812404e-01 5.6962161895e-01
2
Lattice=2.0000000000e+00 0 0 0 2.0000000000e+00 0 0 0 2.0000000000e+00
0 1.3177087801e+00 1.4316652438e-01 1.4472187464e+00
1 6.8229121993e-01 8.5683347562e-01 5.5278125364e-01
2
Lattice=2.0000000000e+00 0 0 0 2.0000000000e+00 0 0 0 2.0000000000e+00
0 1.3221269248e+00 1.4467086125e-01 1.4639091873e+00
1 6.7787307520e-01 8.5532913875e-01 5.3609081273e-01
2
Lattice=2.0000000000e+00 0 0 0 2.0000000000e+00 0 0 0 2.0000000000e+00
0 1.3264458245e+00 1.4628470182e-01 1.4804567484e+00
1 6.7355417553e-01 8.5371529818e-01 5.1954325160e-01
2
Lattice=2.0000000000e+00 0 0 0 2.0000000000e+00 0 0 0 2.0000000000e+00
0 1.3306732173e+00 1.4799772187e-01 1.4968696779e+00
1 6.6932678271e-01 8.5200227813e-01 5.0313032213e-01
2
Lattice=2.0000000000e+00 0 0 0 2.0000000000e+00 0 0 0 2.0000000000e+00
0 1.3348154758e+00 1.4980137933e-01 1.5132459507e+00
1 6.6518452423e-01 8.5019862067e-01 4.8675404934e-01
2
Lattice=2.0000000000e+00 0 0 0 2.0000000000e+00 0 0 0 2.0000000000e+00
0 1.3388686220e+00 1.5169822091e-01 1.5297491871e+00
1 6.6113137798e-01 8.4830177909e-01 4.7025081287e-01
2
Lattice=2.0000000000e+00 0 0 0 2.0000000000e+00 0 0 0 2.0000000000e+00
0 1.3428239294e+00 1.5369560206e-01 1.5463881121e+00
1 6.5717607056e-01 8.4630439794e-01 4.5361188789e-01
2
Lattice=2.0000000000e+00 0 0 0 2.0000000000e+00 0 0 0 2.0000000000e+00
0 1.3466724558e+00 1.5580082605e-01 1.5631682443e+00
1 6.5332754425e-01 8.4419917395e-01 4.3683175573e-01
2
Lattice=2.0000000000e+00 0 0 0 2.0000000000e+00 0 0 0 2.0000000000e+00
0 1.3504053322e+00 1.5802085375e-01 1.5800940267e+00
1 6.4959466777e-01 8.4197914625e-01 4.1990597335e-01
2
Lattice=2.0000000000e+00 0 0 0 2.0000000000e+00 0 0 0 2.0000000000e+00
0 1.3540141695e+00 1.6036191939e-01 1.5971683832e+00
1 6.4598583046e-01 8.3963808061e-01 4.0283161681e-01
2
Lattice=2.0000000000e+00 0 0 0 2.0000000000e+00 0 0 0 2.0000000000e+00
0 1.3574916401e+00 1.6282900296e-01 1.6143921697e+00
1 6.4250835992e-01 8.3717099704e-01 3.8560783028e-01
2
Lattice=2.0000000000e+00 0 0 0 2.0000000000e+00 0 0 0 2.0000000000e+00
0 1.3608322938e+00 1.6542511872e-01 1.6317635056e+00
1 6.3916770621e-01 8.3457488128e-01 3.6823649442e-01
2
Lattice=2.0000000000e+00 0 0 0 2.0000000000e+00 0 0 0 2.0000000000e+00
0 1.3640336762e+00 1.6815037308e-01 1.6492769776e+00
1 6.3596632383e-01 8.3184962692e-01 3.5072302243e-01
2
Lattice=2.0000000000e+00 0 0 0 2.0000000000e+00 0 0 0 2.0000000000e+00
0 1.3670978256e+00 1.7100074312e-01 1.6669227210e+00
1 6.3290217440e-01 8.2899925688e-01 3.3307727900e-01
2
Lattice=2.0000000000e+00 0 0 0 2.0000000000e+00 0 0 0 2.0000000000e+00
0 1.3700332247e+00 1.7396653529e-01 1.6846854067e+00
1 6.2996677530e-01 8.2603346471e-01 3.1531459333e-01
2
Lattice=2.0000000000e+00 0 0 0 2.0000000000e+00 0 0 0 2.0000000000e+00
0 1.3728572557e+00 1.7703051138e-01 1.7025432049e+00
1 6.2714274425e-01 8.2296948862e-01 2.9745679508e-01
2
Lattice=2.0000000000e+00 0 0 0 2.0000000000e+00 0 0 0 2.0000000000e+00
0 1.3755991414e+00 1.8016573157e-01 1.7204668640e+00
1 6.2440085859e-01 8.1983426843e-01 2.7953313596e-01
2
Lattice=2.0000000000e+00 0 0 0 2.0000000000e+00 0 0 0 2.0000000000e+00
0 1.3783032102e+00 1.8333328182e-01 1.7384191342e+00
1 6.2169678981e-01 8.1666671818e-01 2.6158086578e-01
2
Lattice=2.0000000000e+00 0 0 0 2.0000000000e+00 0 0 0 2.0000000000e+00
0 1.3810320791e+00 1.8648024419e-01 1.7563548824e+00
1 6.1896792089e-01 8.1351975581e-01 2.4364511759e-01
2
Lattice=2.0000000000e+00 0 0 0 2.0000000000e+00 0 0 0 2.0000000000e+00
0 1.3838689775e+00 1.8953853535e-01 1.7742223460e+00
1 6.1613102246e-01 8.1046146465e-01 2.2577765396e-01
2
Lattice=2.0000000000e+00 0 0 0 2.0000000000e+00 0 0 0 2.0000000000e+00
0 1.3869179948e+00 1.9242552952e-01 1.7919659915e+00
1 6.1308200523e-01 8.0757447048e-01 2.0803400848e-01
2
Lattice=2.0000000000e+00 0 0 0 2.0000000000e+00 0 0 0 2.0000000000e+00
0 1.3903006966e+00 1.9504755019e-01 1.8095312611e+00
1 6.0969930340e-01 8.0495244981e-01 1.9046873886e-01
2
Lattice=2.0000000000e+00 0 0 0 2.0000000000e+00 0 0 0 2.0000000000e+00
0 1.3941476767e+00 1.9730710010e-01 1.8268709911e+00
1 6.0585232332e-01 8.0269289990e-01 1.7312900893e-01
2
Lattice=2.0000000000e+00 0 0 0 2.0000000000e+00 0 0 0 2.0000000000e+00
0 1.3985846165e+00 1.9911382323e-01 1.8439524706e+00
1 6.0141538355e-01 8.0088617677e-01 1.5604752942e-01
2
Lattice=2.0000000000e+00 0 0 0 2.0000000000e+00 0 0 0 2.0000000000e+00
0 1.4037144719e+00 2.0039763886e-01 1.8607632740e+00
1 5.9628552805e-01 7.9960236114e-01 1.3923672603e-01
2
Lattice=2.0000000000e+00 0 0 0 2.0000000000e+00 0 0 0 2.0000000000e+00
0 1.4095998486e+00 2.0112082872e-01 1.8773137160e+00
1 5.9040015139e-01 7.9887917128e-01 1.2268628405e-01
2
Lattice=2.0000000000e+00 0 0 0 2.0000000000e+00 0 0 0 2.0000000000e+00
0 1.4162509684e+00 2.0128520751e-01 1.8936345809e+00
1 5.8374903159e-01 7.9871479249e-01 1.0636541907e-01
2
Lattice=2.0000000000e+00 0 0 0 2.0000000000e+00 0 0 0 2.0000000000e+00
0 1.4236234667e+00 2.0093174208e-01 1.9097705255e+00
1 5.7637653329e-01 7.9906825792e-01 9.0229474476e-02
2
Lattice=2.0000000000e+00 0 0 0 2.0000000000e+00 0 0 0 2.0000000000e+00
0 1.4316267244e+00 2.0013274746e-01 1.9257712905e+00
1 5.6837327559e-01 7.9986725254e-01 7.4228709543e-02
2
Lattice=2.0000000000e+00 0 0 0 2.0000000000e+00 0 0 0 2.0000000000e+00
0 1.4401395486e+00 1.9897948232e-01 1.9416834900e+00
1 5.5986045145e-01 8.0102051768e-01 5.8316509966e-02
2
Lattice=2.0000000000e+00 0 0 0 2.0000000000e+00 0 0 0 2.0000000000e+00
0 1.4490280327e+00 1.9756904631e-01 1.9575450067e+00
1 5.5097196728e-01 8.0243095369e-01 4.2454993297e-02
2
Lattice=2.0000000000e+00 0 0 0 2.0000000000e+00 0 0 0 2.0000000000e+00
0 1.4581610388e+00 1.9599369900e-01 1.9733826012e+00
1 5.4183896116e-01 8.0400630100e-01 2.6617398785e-02
2
Lattice=2.0000000000e+00 0 0 0 2.0000000000e+00 0 0 0 2.0000000000e+00
0 1.4674208783e+00 1.9433401338e-01 1.9892121707e+00
1 5.3257912174e-01 8.0566598662e-01 1.0787829279e-02
2
Lattice=2.0000000000e+00 0 0 0 2.0000000000e+00 0 0 0 2.0000000000e+00
0 1.4767089159e+00 1.9265574978e-01 5.0405857270e-03
1 5.2329108415e-01 8.0734425022e-01 1.9949594143e+00
2
Lattice=2.0000000000e+00 0 0 0 2.0000000000e+00 0 0 0 2.0000000000e+00
0 1.4859471171e+00 1.9100951678e-01 2.0868109003e-02
1 5.1405288290e-01 8.0899048322e-01 1.9791318910e+00
2
Lattice=2.0000000000e+00 0 0 0 2.0000000000e+00 0 0 0 2.0000000000e+00
0 1.4950769552e+00 1.8943211855e-01 3.6690730043e-02
1 5.0492304479e-01 8.1056788145e-01 1.9633092700e+00
2
Lattice=2.0000000000e+00 0 0 0 2.0000000000e+00 0 0 0 2.0000000000e+00
0 1.5040905411e+00 1.8794833701e-01 5.2502141865e-02
1 4.9590945887e-01 8.1205166299e-01 1.9474978581e+00
2
Lattice=2.0000000000e+00 0 0 0 2.0000000000e+00 0 0 0 2.0000000000e+00
0 1.5132134066e+00 1.8656404027e-01 6.8296871873e-02
1 4.8678659341e-01 8.1343595973e-01 1.9317031281e+00
2
Lattice=2.0000000000e+00 0 0 0 2.0000000000e+00 0 0 0 2.0000000000e+00
0 1.5224755676e+00 1.8526938789e-01 8.4072167518e-02
1 4.7752443242e-01 8.1473061211e-01 1.9159278325e+00
2
Lattice=2.0000000000e+00 0 0 0 2.0000000000e+00 0 0 0 2.0000000000e+00
0 1.5318541993e+00 1.8405144416e-01 9.9827088853e-02
1 4.6814580065e-01 8.1594855584e-01 1.9001729111e+00
2
Lattice=2.0000000000e+00 0 0 0 2.0000000000e+00 0 0 0 2.0000000000e+00
0 1.5413242327e+00 1.8289512274e-01 1.1556267040e-01
1 4.5867576731e-01 8.1710487726e-01 1.8844373296e+00
2
Lattice=2.0000000000e+00 0 0 0 2.0000000000e+00 0 0 0 2.0000000000e+00
0 1.5508593574e+00 1.8178373232e-01 1.3128201656e-01
1 4.4914064258e-01 8.1821626768e-01 1.8687179834e+00
2
Lattice=2.0000000000e+00 0 0 0 2.0000000000e+00 0 0 0 2.0000000000e+00
0 1.5604333110e+00 1.8069977999e-01 1.4699018286e-01
1 4.3956668905e-01 8.1930022001e-01 1.8530098171e+00
2
Lattice=2.0000000000e+00 0 0 0 2.0000000000e+00 0 0 0 2.0000000000e+00
0 1.5700213758e+00 1.7962600831e-01 1.6269379457e-01
1 4.2997862418e-01 8.2037399169e-01 1.8373062054e+00
2
Lattice=2.0000000000e+00 0 0 0 2.0000000000e+00 0 0 0 2.0000000000e+00
0 1.5796019533e+00 1.7854659567e-01 1.7840038556e-01
1 4.2039804669e-01 8.2145340433e-01 1.8215996144e+00
2
Lattice=2.0000000000e+00 0 0 0 2.0000000000e+00 0 0 0 2.0000000000e+00
0 1.5891580339e+00 1.7744840274e-01 1.9411748732e-01
1 4.1084196606e-01 8.2255159726e-01 1.8058825127e+00
2
Lattice=2.0000000000e+00 0 0 0 2.0000000000e+00 0 0 0 2.0000000000e+00
0 1.5986783660e+00 1.7632211282e-01 2.0985155228e-01
1 4.0132163403e-01 8.2367788718e-01 1.7901484477e+00
2
Lattice=2.0000000000e+00 0 0 0 2.0000000000e+00 0 0 0 2.0000000000e+00
0 1.6081581431e+00 1.7516310534e-01 2.2560684421e-01
1 3.9184185689e-01 8.2483689466e-01 1.7743931558e+00
2
Lattice=2.0000000000e+00 0 0 0 2.0000000000e+00 0 0 0 2.0000000000e+00
0 1.6175990958e+00 1.7397192742e-01 2.4138445430e-01
1 3.8240090424e-01 8.2602807258e-01 1.7586155457e+00
2
Lattice=2.0000000000e+00 0 0 0 2.0000000000e+00 0 0 0 2.0000000000e+00
0 1.6270089650e+00 1.7275428701e-01 2.5718159432e-01
1 3.7299103504e-01 8.2724571299e-01 1.7428184057e+00
2
Lattice=2.0000000000e+00 0 0 0 2.0000000000e+00 0 0 0 2.0000000000e+00
0 1.6364004412e+00 1.7152056930e-01 2.7299127566e-01
1 3.6359955879e-01 8.2847943070e-01 1.7270087243e+00
2
Lattice=2.0000000000e+00 0 0 0 2.0000000000e+00 0 0 0 2.0000000000e+00
0 1.6457897339e+00 1.7028495581e-01 2.8880241565e-01
1 3.5421026605e-01 8.2971504419e-01 1.7111975844e+00
2
Lattice=2.0000000000e+00 0 0 0 2.0000000000e+00 0 0 0 2.0000000000e+00
0 1.6551949811e+00 1.6906428187e-01 3.0460033930e-01
1 3.4480501887e-01 8.3093571813e-01 1.6953996607e+00
2
Lattice=2.0000000000e+00 0 0 0 2.0000000000e+00 0 0 0 2.0000000000e+00
0 1.6646347050e+00 1.6787679202e-01 3.2036758470e-01
1 3.3536529504e-01 8.3212320798e-01 1.6796324153e+00
2
Lattice=2.0000000000e+00 0 0 0 2.0000000000e+00 0 0 0 2.0000000000e+00
0 1.6741264781e+00 1.6674094268e-01 3.3608488641e-01
1 3.2587352192e-01 8.3325905732e-01 1.6639151136e+00
2
Lattice=2.0000000000e+00 0 0 0 2.0000000000e+00 0 0 0 2.0000000000e+00
0 1.6836859014e+00 1.6567436644e-01 3.5173220703e-01
1 3.1631409864e-01 8.3432563356e-01 1.6482677930e+00
2
Lattice=2.0000000000e+00 0 0 0 2.0000000000e+00 0 0 0 2.0000000000e+00
0 1.6933259297e+00 1.6469306625e-01 3.6728970614e-01
1 3.0667407032e-01 8.3530693375e-01 1.6327102939e+00
2
Lattice=2.0000000000e+00 0 0 0 2.0000000000e+00 0 0 0 2.0000000000e+00
0 1.7030565285e+00 1.6381086272e-01 3.8273856849e-01
1 2.9694347148e-01 8.3618913728e-01 1.6172614315e+00
2
Lattice=2.0000000000e+00 0 0 0 2.0000000000e+00 0 0 0 2.0000000000e+00
0 1.7128846098e+00 1.6303908240e-01 3.9806164901e-01
1 2.8711539022e-01 8.3696091760e-01 1.6019383510e+00
2
Lattice=2.0000000000e+00 0 0 0 2.0000000000e+00 0 0 0 2.0000000000e+00
0 1.7228141789e+00 1.6238645229e-01 4.1324392326e-01
1 2.7718582113e-01 8.3761354771e-01 1.5867560767e+00
2
Lattice=2.0000000000e+00 0 0 0 2.0000000000e+00 0 0 0 2.0000000000e+00
0 1.7328466240e+00 1.6185915515e-01 4.2827275483e-01
1 2.6715337601e-01 8.3814084485e-01 1.5717272452e+00
2
Lattice=2.0000000000e+00 0 0 0 2.0000000000e+00 0 0 0 2.0000000000e+00
0 1.7429810861e+00 1.6146099903e-01 4.4313800502e-01
1 2.5701891387e-01 8.3853900097e-01 1.5568619950e+00
2
Lattice=2.0000000000e+00 0 0 0 2.0000000000e+00 0 0 0 2.0000000000e+00
0 1.7532148611e+00 1.6119365912e-01 4.5783201653e-01
1 2.4678513891e-01 8.3880634088e-01 1.5421679835e+00
2
Lattice=2.0000000000e+00 0 0 0 2.0000000000e+00 0 0 0 2.0000000000e+00
0 1.7635437979e+00 1.6105695742e-01 4.7234950307e-01
1 2.3645620208e-01 8.3894304258e-01 1.5276504969e+00
2
Lattice=2.0000000000e+00 0 0 0 2.0000000000e+00 0 0 0 2.0000000000e+00
0 1.7739626704e+00 1.6104915416e-01 4.8668737444e-01
1 2.2603732960e-01 8.3895084584e-01 1.5133126256e+00
2
Lattice=2.0000000000e+00 0 0 0 2.0000000000e+00 0 0 0 2.0000000000e+00
0 1.7844655080e+00 1.6116723248e-01 5.0084452172e-01
1 2.1553449202e-01 8.3883276752e-01 1.4991554783e+00
2
Lattice=2.0000000000e+00 0 0 0 2.0000000000e+00 0 0 0 2.0000000000e+00
0 1.7950474128e+00 1.6140962897e-01 5.1502082973e-01
1 2.0495258724e-01 8.3859037103e-01 1.4849791703e+00
2
Lattice=2.0000000000e+00 0 0 0 2.0000000000e+00 0 0 0 2.0000000000e+00
0 1.8057073531e+00 1.6178098018e-01 5.2938181632e-01
1 1.9429264690e-01 8.3821901982e-01 1.4706181837e+00
2
Lattice=2.0000000000e+00 0 0 0 2.0000000000e+00 0 0 0 2.0000000000e+00
0 1.8164417541e+00 1.6228191975e-01 5.4392314325e-01
1 1.8355824588e-01 8.3771808025e-01 1.4560768567e+00
2
Lattice=2.0000000000e+00 0 0 0 2.0000000000e+00 0 0 0 2.0000000000e+00
0 1.8272411659e+00 1.6290230419e-01 5.5862589507e-01
1 1.7275883406e-01 8.3709769581e-01 1.4413741049e+00
2
Lattice=2.0000000000e+00 0 0 0 2.0000000000e+00 0 0 0 2.0000000000e+00
0 1.8380871889e+00 1.6361322282e-01 5.7344746932e-01
1 1.6191281109e-01 8.3638677718e-01 1.4265525307e+00
2
Lattice=2.0000000000e+00 0 0 0 2.0000000000e+00 0 0 0 2.0000000000e+00
0 1.8489481980e+00 1.6435440696e-01 5.8830797611e-01
1 1.5105180195e-01 8.3564559304e-01 1.4116920239e+00
2
Lattice=2.0000000000e+00 0 0 0 2.0000000000e+00 0 0 0 2.0000000000e+00
0 1.8597738054e+00 1.6501527500e-01 6.0307095462e-01
1 1.4022619462e-01 8.3498472500e-01 1.3969290454e+00
2
Lattice=2.0000000000e+00 0 0 0 2.0000000000e+00 0 0 0 2.0000000000e+00
0 1.8704886662e+00 1.6540865721e-01 6.1751860716e-01
1 1.2951133381e-01 8.3459134279e-01 1.3824813928e+00
2
Lattice=2.0000000000e+00 0 0 0 2.0000000000e+00 0 0 0 2.0000000000e+00
0 1.8809878373e+00 1.6523999562e-01 6.3132623865e-01
1 1.1901216273e-01 8.3476000438e-01 1.3686737613e+00
2
Lattice=2.0000000000e+00 0 0 0 2.0000000000e+00 0 0 0 2.0000000000e+00
0 1.8911387083e+00 1.6408446988e-01 6.4405040167e-01
1 1.0886129165e-01 8.3591553012e-01 1.3559495983e+00
2
Lattice=2.0000000000e+00 0 0 0 2.0000000000e+00 0 0 0 2.0000000000e+00
0 1.9007971981e+00 1.6140047315e-01 6.5515885205e-01
1 9.9202801942e-02 8.3859952685e-01 1.3448411479e+00
2
Lattice=2.0000000000e+00 0 0 0 2.0000000000e+00 0 0 0 2.0000000000e+00
0 1.9098432125e+00 1.5661703933e-01 6.6413263356e-01
1 9.0156787516e-02 8.4338296067e-01 1.3358673664e+00
2
Lattice=2.0000000000e+00 0 0 0 2.0000000000e+00 0 0 0 2.0000000000e+00
0 1.9182257956e+00 1.4930192178e-01 6.7063183050e-01
1 8.1774204352e-02 8.5069807822e-01 1.3293681695e+00
2
Lattice=2.0000000000e+00 0 0 0 2.0000000000e+00 0 0 0 2.0000000000e+00
0 1.9259892981e+00 1.3933449237e-01 6.7463920231e-01
1 7.4010701881e-02 8.6066550763e-01 1.3253607977e+00
2
Lattice=2.0000000000e+00 0 0 0 2.0000000000e+00 0 0 0 2.0000000000e+00
0 1.9332563149e+00 1.2695800308e-01 6.7647050577e-01
1 6.6743685050e-02 8.7304199692e-01 1.3235294942e+00
2
Lattice=2.0000000000e+00 0 0 0 2.0000000000e+00 0 0 0 2.0000000000e+00
0 1.9401786114e+00 1.1266967421e-01 6.7664019715e-01
1 5.9821388623e-02 8.8733032579e-01 1.3233598028e+00
2
Lattice=2.0000000000e+00 0 0 0 2.0000000000e+00 0 0 0 2.0000000000e+00
0 1.9468914969e+00 9.7040801565e-02 6.7568760475e-01
1 5.3108503097e-02 9.0295919844e-01 1.3243123952e+00
2
Lattice=2.0000000000e+00 0 0 0 2.0000000000e+00 0 0 0 2.0000000000e+00
0 1.9534929784e+00 8.0579908598e-02 6.7406306498e-01
1 4.6507021601e-02 9.1942009140e-01 1.3259369350e+00
2
Lattice=2.0000000000e+00 0 0 0 2.0000000000e+00 0 0 0 2.0000000000e+00
0 1.9600441830e+00 6.3675885908e-02 6.7209265136e-01
1 3.9955816960e-02 9.3632411409e-01 1.3279073486e+00
2
Lattice=2.0000000000e+00 0 0 0 2.0000000000e+00 0 0 0 2.0000000000e+00
0 1.9665787786e+00 4.6597961183e-02 6.6999063963e-01
1 3.3421221447e-02 9.5340203882e-01 1.3300093604e+00
2
Lattice=2.0000000000e+00 0 0 0 2.0000000000e+00 0 0 0 2.0000000000e+00
0 1.9731129478e+00 2.9519432451e-02 6.6788768237e-01
1 2.6887052197e-02 9.7048056755e-01 1.3321123176e+00
2
Lattice=2.0000000000e+00 0 0 0 2.0000000000e+00 0 0 0 2.0000000000e+00
0 1.9796528589e+00 1.2544799009e-02 6.6585780560e-01
1 2.0347141142e-02 9.8745520099e-01 1.3341421944e+00
2
Lattice=2.0000000000e+00 0 0 0 2.0000000000e+00 0 0 0 2.0000000000e+00
0 1.9861994477e+00 1.9957210514e+00 6.6393888585e-01
1 1.3800552279e-02 1.0042789486e+00 1.3360611141e+00
2
Lattice=2.0000000000e+00 0 0 0 2.0000000000e+00 0 0 0 2.0000000000e+00
0 1.9927510116e+00 1.9788214199e+00 6.6214054692e-01
1 7.2489883553e-03 1.0211785801e+00 1.3378594531e+00
2
Lattice=2.0000000000e+00 0 0 0 2.0000000000e+00 0 0 0 2.0000000000e+00
0 1.9993048664e+00 1.9617762950e+00 6.6044467672e-01
1 6.9513355024e-04 1.0382237050e+00 1.3395553233e+00
2
Lattice=2.0000000000e+00 0 0 0 2.0000000000e+00 0 0 0 2.0000000000e+00
0 5.8590201141e-03 1.9446458568e+00 6.5881116802e-01
1 1.9941409799e+00 1.0553541432e+00 1.3411888320e+00
2
Lattice=2.0000000000e+00 0 0 0 2.0000000000e+00 0 0 0 2.0000000000e+00
0 1.2413612587e-02 1.9275261280e+00 6.5716879281e-01
1 1.9875863874e+00 1.0724738720e+00 1.3428312072e+00
2
Lattice=2.0000000000e+00 0 0 0 2.0000000000e+00 0 0 0 2.0000000000e+00
0 1.8973173517e-02 1.9105608369e+00 6.5540151923e-01
1 1.9810268265e+00 1.0894391631e+00 1.3445984808e+00
2
Lattice=2.0000000000e+00 0 0 0 2.0000000000e+00 0 0 0 2.0000000000e+00
0 2.5549965837e-02 1.8939524869e+00 6.5333304765e-01
1 1.9744500342e+00 1.1060475131e+00 1.3466669524e+00
2
Lattice=2.0000000000e+00 0 0 0 2.0000000000e+00 0 0 0 2.0000000000e+00
0 3.2168184543e-02 1.8779669602e+00 6.5071425786e-01
1 1.9678318155e+00 1.1220330398e+00 1.3492857421e+00
2
Lattice=2.0000000000e+00 0 0 0 2.0000000000e+00 0 0 0 2.0000000000e+00
0 3.8867751526e-02 1.8629219815e+00 6.4722345864e-01
1 1.9611322485e+00 1.1370780185e+00 1.3527765414e+00
2
Lattice=2.0000000000e+00 0 0 0 2.0000000000e+00 0 0 0 2.0000000000e+00
0 4.5704885162e-02 1.8491485126e+00 6.4249366004e-01
1 1.9542951148e+00 1.1508514874e+00 1.3575063400e+00
2
Lattice=2.0000000000e+00 0 0 0 2.0000000000e+00 0 0 0 2.0000000000e+00
0 5.2745735486e-02 1.8369225559e+00 6.3617681748e-01
1 1.9472542645e+00 1.1630774441e+00 1.3638231825e+00
2
Lattice=2.0000000000e+00 0 0 0 2.0000000000e+00 0 0 0 2.0000000000e+00
0 6.0051612572e-02 1.8263863945e+00 6.2803420166e-01
1 1.9399483874e+00 1.1736136055e+00 1.3719657983e+00
2
Lattice=2.0000000000e+00 0 0 0 2.0000000000e+00 0 0 0 2.0000000000e+00
0 6.7660497013e-02 1.8174992915e+00 6.1801311459e-01
1 1.9323395030e+00 1.1825007085e+00 1.3819868854e+00
2
Lattice=2.0000000000e+00 0 0 0 2.0000000000e+00 0 0 0 2.0000000000e+00
0 7.5574677609e-02 1.8100503797e+00 6.0626431486e-01
1 1.9244253224e+00 1.1899496203e+00 1.3937356851e+00
2
Lattice=2.0000000000e+00 0 0 0 2.0000000000e+00 0 0 0 2.0000000000e+00
0 8.3761565119e-02 1.8037268805e+00 5.9308985769e-01
1 1.9162384349e+00 1.1962731195e+00 1.4069101423e+00
2
Lattice=2.0000000000e+00 0 0 0 2.0000000000e+00 0 0 0 2.0000000000e+00
0 9.2165646288e-02 1.7981968845e+00 5.7885589583e-01
1 1.9078343537e+00 1.2018031155e+00 1.4211441042e+00
2
Lattice=2.0000000000e+00 0 0 0 2.0000000000e+00 0 0 0 2.0000000000e+00
0 1.0072357514e-01 1.7931691943e+00 5.6391558494e-01
1 1.8992764249e+00 1.2068308057e+00 1.4360844151e+00
2
Lattice=2.0000000000e+00 0 0 0 2.0000000000e+00 0 0 0 2.0000000000e+00
0 1.0937578028e-01 1.7884190269e+00 5.4856479940e-01
1 1.8906242197e+00 1.2115809731e+00 1.4514352006e+00
2
Lattice=2.0000000000e+00 0 0 0 2.0000000000e+00 0 0 0 2.0000000000e+00
0 1.1807254821e-01 1.7837883537e+00 5.3302862093e-01
1 1.8819274518e+00 1.2162116463e+00 1.4669713791e+00
2
Lattice=2.0000000000e+00 0 0 0 2.0000000000e+00 0 0 0 2.0000000000e+00
0 1.2677568589e-01 1.7791741747e+00 5.1746637556e-01
1 1.8732243141e+00 1.2208258253e+00 1.4825336244e+00
2
Lattice=2.0000000000e+00 0 0 0 2.0000000000e+00 0 0 0 2.0000000000e+00
0 1.3545767680e-01 1.7745140900e+00 5.0198413014e-01
1 1.8645423232e+00 1.2254859100e+00 1.4980158699e+00
2
Lattice=2.0000000000e+00 0 0 0 2.0000000000e+00 0 0 0 2.0000000000e+00
0 1.4410244385e-01 1.7697786727e+00 4.8653816951e-01
1 1.8558975562e+00 1.2302213273e+00 1.5134618305e+00
2
Lattice=2.0000000000e+00 0 0 0 2.0000000000e+00 0 0 0 2.0000000000e+00
0 1.5271841183e-01 1.7649888143e+00 4.7099692187e-01
1 1.8472815882e+00 1.2350111857e+00 1.5290030781e+00
2
Lattice=2.0000000000e+00 0 0 0 2.0000000000e+00 0 0 0 2.0000000000e+00
0 1.6133533179e-01 1.7601997492e+00 4.5545677867e-01
1 1.8386646682e+00 1.2398002508e+00 1.5445432213e+00
2
Lattice=2.0000000000e+00 0 0 0 2.0000000000e+00 0 0 0 2.0000000000e+00
0 1.7000822808e-01 1.7554996605e+00 4.4007188249e-01
1 1.8299917719e+00 1.2445003395e+00 1.5599281175e+00
2
Lattice=2.0000000000e+00 0 0 0 2.0000000000e+00 0 0 0 2.0000000000e+00
0 1.7882936381e-01 1.7510205105e+00 4.2506677185e-01
1 1.8211706362e+00 1.2489794895e+00 1.5749332281e+00
2
Lattice=2.0000000000e+00 0 0 0 2.0000000000e+00 0 0 0 2.0000000000e+00
0 1.8794081112e-01 1.7469464486e+00 4.1074655465e-01
1 1.8120591889e+00 1.2530535514e+00 1.5892534454e+00
2
Lattice=2.0000000000e+00 0 0 0 2.0000000000e+00 0 0 0 2.0000000000e+00
0 1.9754148889e-01 1.7435123688e+00 3.9748948278e-01
1 1.8024585111e+00 1.2564876312e+00 1.6025105172e+00
2
Lattice=2.0000000000e+00 0 0 0 2.0000000000e+00 0 0 0 2.0000000000e+00
0 2.0787758016e-01 1.7409819902e+00 3.8570610811e-01
1 1.7921224198e+00 1.2590180098e+00 1.6142938919e+00
2
Lattice=2.0000000000e+00 0 0 0 2.0000000000e+00 0 0 0 2.0000000000e+00
0 2.1920480564e-01 1.7395983902e+00 3.7575705230e-01
1 1.7807951944e+00 1.2604016098e+00 1.6242429477e+00
2
Lattice=2.0000000000e+00 0 0 0 2.0000000000e+00 0 0 0 2.0000000000e+00
0 2.3172380323e-01 1.7395165436e+00 3.6784900314e-01
1 1.7682761968e+00 1.2604834564e+00 1.6321509969e+00
2
Lattice=2.0000000000e+00 0 0 0 2.0000000000e+00 0 0 0 2.0000000000e+00
0 2.4551462704e-01 1.7407498987e+00 3.6196119943e-01
1 1.7544853730e+00 1.2592501013e+00 1.6380388006e+00
2
Lattice=2.0000000000e+00 0 0 0 2.0000000000e+00 0 0 0 2.0000000000e+00
0 2.6050921896e-01 1.7431653756e+00 3.5785176549e-01
1 1.7394907810e+00 1.2568346244e+00 1.6421482345e+00
2
Lattice=2.0000000000e+00 0 0 0 2.0000000000e+00 0 0 0 2.0000000000e+00
0 2.7651870803e-01 1.7465303167e+00 3.5514101391e-01
1 1.7234812920e+00 1.2534696833e+00 1.6448589861e+00
2
Lattice=2.0000000000e+00 0 0 0 2.0000000000e+00 0 0 0 2.0000000000e+00
0 2.9329433203e-01 1.7505802840e+00 3.5341845272e-01
1 1.7067056680e+00 1.2494197160e+00 1.6465815473e+00
2
Lattice=2.0000000000e+00 0 0 0 2.0000000000e+00 0 0 0 2.0000000000e+00
0 3.1058638262e-01 1.7550730112e+00 3.5232147586e-01
1 1.6894136174e+00 1.2449269888e+00 1.6476785241e+00
2
Lattice=2.0000000000e+00 0 0 0 2.0000000000e+00 0 0 0 2.0000000000e+00
0 3.2818052171e-01 1.7598149068e+00 3.5156947281e-01
1 1.6718194783e+00 1.2401850932e+00 1.6484305272e+00
2
Lattice=2.0000000000e+00 0 0 0 2.0000000000e+00 0 0 0 2.0000000000e+00
0 3.4591081675e-01 1.7646652839e+00 3.5096479958e-01
1 1.6540891833e+00 1.2353347161e+00 1.6490352004e+00
2
Lattice=2.0000000000e+00 0 0 0 2.0000000000e+00 0 0 0 2.0000000000e+00
0 3.6365804209e-01 1.7695290279e+00 3.5037818540e-01
1 1.6363419579e+00 1.2304709721e+00 1.6496218146e+00
2
Lattice=2.0000000000e+00 0 0 0 2.0000000000e+00 0 0 0 2.0000000000e+00
0 3.8134163278e-01 1.7743458391e+00 3.4973075256e-01
1 1.6186583672e+00 1.2256541609e+00 1.6502692474e+00
2
Lattice=2.0000000000e+00 0 0 0 2.0000000000e+00 0 0 0 2.0000000000e+00
0 3.9891041620e-01 1.7790801719e+00 3.4897827780e-01
1 1.6010895838e+00 1.2209198281e+00 1.6510217222e+00
2
Lattice=2.0000000000e+00 0 0 0 2.0000000000e+00 0 0 0 2.0000000000e+00
0 4.1633441745e-01 1.7837132620e+00 3.4809924560e-01
1 1.5836655825e+00 1.2162867380e+00 1.6519007544e+00
2
Lattice=2.0000000000e+00 0 0 0 2.0000000000e+00 0 0 0 2.0000000000e+00
0 4.3359840211e-01 1.7882373163e+00 3.4708644049e-01
1 1.5664015979e+00 1.2117626837e+00 1.6529135595e+00
2
Lattice=2.0000000000e+00 0 0 0 2.0000000000e+00 0 0 0 2.0000000000e+00
0 4.5069708958e-01 1.7926514750e+00 3.4594129004e-01
1 1.5493029104e+00 1.2073485250e+00 1.6540587100e+00
2
Lattice=2.0000000000e+00 0 0 0 2.0000000000e+00 0 0 0 2.0000000000e+00
0 4.6763172882e-01 1.7969590879e+00 3.4467016968e-01
1 1.5323682712e+00 1.2030409121e+00 1.6553298303e+00
2
Lattice=2.0000000000e+00 0 0 0 2.0000000000e+00 0 0 0 2.0000000000e+00
0 4.8440770277e-01 1.8011659154e+00 3.4328204323e-01
1 1.5155922972e+00 1.1988340846e+00 1.6567179568e+00
2
Lattice=2.0000000000e+00 0 0 0 2.0000000000e+00 0 0 0 2.0000000000e+00
0 5.0103287834e-01 1.8052789590e+00 3.4178698854e-01
1 1.4989671217e+00 1.1947210410e+00 1.6582130115e+00
2
Lattice=2.0000000000e+00 0 0 0 2.0000000000e+00 0 0 0 2.0000000000e+00
0 5.1767240645e-01 1.8093024926e+00 3.4019172044e-01
1 1.4823275936e+00 1.1906975074e+00 1.6598082796e+00
2
Lattice=2.0000000000e+00 0 0 0 2.0000000000e+00 0 0 0 2.0000000000e+00
0 5.3446143820e-01 1.8132300957e+00 3.3849096532e-01
1 1.4655385618e+00 1.1867699043e+00 1.6615090347e+00
2
Lattice=2.0000000000e+00 0 0 0 2.0000000000e+00 0 0 0 2.0000000000e+00
0 5.5140573088e-01 1.8170531764e+00 3.3667728102e-01
1 1.4485942691e+00 1.1829468236e+00 1.6633227190e+00
2
Lattice=2.0000000000e+00 0 0 0 2.0000000000e+00 0 0 0 2.0000000000e+00
0 5.6850933865e-01 1.8207636056e+00 3.3474399198e-01
1 1.4314906614e+00 1.1792363944e+00 1.6652560080e+00
2
Lattice=2.0000000000e+00 0 0 0 2.0000000000e+00 0 0 0 2.0000000000e+00
0 5.8577385977e-01 1.8243543734e+00 3.3268584065e-01
1 1.4142261402e+00 1.1756456266e+00 1.6673141594e+00
2
Lattice=2.0000000000e+00 0 0 0 2.0000000000e+00 0 0 0 2.0000000000e+00
0 6.0319747236e-01 1.8278205480e+00 3.3049990203e-01
1 1.3968025276e+00 1.1721794520e+00 1.6695000980e+00
2
Lattice=2.0000000000e+00 0 0 0 2.0000000000e+00 0 0 0 2.0000000000e+00
0 6.2077372162e-01 1.8311606397e+00 3.2818684404e-01
1 1.3792262784e+00 1.1688393603e+00 1.6718131560e+00
2
Lattice=2.0000000000e+00 0 0 0 2.0000000000e+00 0 0 0 2.0000000000e+00
0 6.3849003344e-01 1.8343785002e+00 3.2575262872e-01
1 1.3615099666e+00 1.1656214998e+00 1.6742473713e+00
2
Lattice=2.0000000000e+00 0 0 0 2.0000000000e+00 0 0 0 2.0000000000e+00
0 6.5632596027e-01 1.8374858945e+00 3.2321074808e-01
1 1.3436740397e+00 1.1625141055e+00 1.6767892519e+00
2
Lattice=2.0000000000e+00 0 0 0 2.0000000000e+00 0 0 0 2.0000000000e+00
0 6.7425123188e-01 1.8405058623e+00 3.2058505618e-01
1 1.3257487681e+00 1.1594941377e+00 1.6794149438e+00
2
Lattice=2.0000000000e+00 0 0 0 2.0000000000e+00 0 0 0 2.0000000000e+00
0 6.9222380547e-01 1.8434768924e+00 3.1791316215e-01
1 1.3077761945e+00 1.1565231076e+00 1.6820868378e+00
2
Lattice=2.0000000000e+00 0 0 0 2.0000000000e+00 0 0 0 2.0000000000e+00
0 7.1018830857e-01 1.8464577069e+00 3.1525014111e-01
1 1.2898116914e+00 1.1535422931e+00 1.6847498589e+00
2
Lattice=2.0000000000e+00 0 0 0 2.0000000000e+00 0 0 0 2.0000000000e+00
0 7.2807554637e-01 1.8495320145e+00 3.1267194433e-01
1 1.2719244536e+00 1.1504679855e+00 1.6873280557e+00
2
Lattice=2.0000000000e+00 0 0 0 2.0000000000e+00 0 0 0 2.0000000000e+00
0 7.4580404893e-01 1.8528118961e+00 3.1027732869e-01
1 1.2541959511e+00 1.1471881039e+00 1.6897226713e+00
2
Lattice=2.0000000000e+00 0 0 0 2.0000000000e+00 0 0 0 2.0000000000e+00
0 7.6328478913e-01 1.8564376107e+00 3.0818648365e-01
1 1.2367152109e+00 1.1435623893e+00 1.6918135163e+00
2
Lattice=2.0000000000e+00 0 0 0 2.0000000000e+00 0 0 0 2.0000000000e+00
0 7.8042988034e-01 1.8605709948e+00 3.0653419011e-01
1 1.2195701197e+00 1.1394290052e+00 1.6934658099e+00
2
Lattice=2.0000000000e+00 0 0 0 2.0000000000e+00 0 0 0 2.0000000000e+00
0 7.9716488987e-01 1.8653801045e+00 3.0545598642e-01
1 1.2028351101e+00 1.1346198955e+00 1.6945440136e+00
2
Lattice=2.0000000000e+00 0 0 0 2.0000000000e+00 0 0 0 2.0000000000e+00
0 8.1344237088e-01 1.8710152984e+00 3.0506810678e-01
1 1.1865576291e+00 1.1289847016e+00 1.6949318932e+00
2
Lattice=2.0000000000e+00 0 0 0 2.0000000000e+00 0 0 0 2.0000000000e+00
0 8.2925222383e-01 1.8775814784e+00 3.0544560115e-01
1 1.1707477762e+00 1.1224185216e+00 1.6945543989e+00
2
Lattice=2.0000000000e+00 0 0 0 2.0000000000e+00 0 0 0 2.0000000000e+00
0 8.4462428974e-01 1.8851153998e+00 3.0660599481e-01
1 1.1553757103e+00 1.1148846002e+00 1.6933940052e+00
2
Lattice=2.0000000000e+00 0 0 0 2.0000000000e+00 0 0 0 2.0000000000e+00
0 8.5962128611e-01 1.8935770936e+00 3.0850522470e-01
1 1.1403787139e+00 1.1064229064e+00 1.6914947753e+00
2
Lattice=2.0000000000e+00 0 0 0 2.0000000000e+00 0 0 0 2.0000000000e+00
0 8.7432459090e-01 1.9028589563e+00 3.1104764809e-01
1 1.1256754091e+00 1.0971410437e+00 1.6889523519e+00
2
Lattice=2.0000000000e+00 0 0 0 2.0000000000e+00 0 0 0 2.0000000000e+00
0 8.8881837573e-01 1.9128082271e+00 3.1410572352e-01
1 1.1111816243e+00 1.0871917729e+00 1.6858942765e+00
2
Lattice=2.0000000000e+00 0 0 0 2.0000000000e+00 0 0 0 2.0000000000e+00
0 9.0317721231e-01 1.9232538465e+00 3.1754180332e-01
1 1.0968227877e+00 1.0767461535e+00 1.6824581967e+00
2
Lattice=2.0000000000e+00 0 0 0 2.0000000000e+00 0 0 0 2.0000000000e+00
0 9.1745947285e-01 1.9340294513e+00 3.2122573749e-01
1 1.0825405271e+00 1.0659705487e+00 1.6787742625e+00
2
Lattice=2.0000000000e+00 0 0 0 2.0000000000e+00 0 0 0 2.0000000000e+00
0 9.3170600879e-01 1.9449883832e+00 3.2504557838e-01
1 1.0682939912e+00 1.0550116168e+00 1.6749544216e+00
2
Lattice=2.0000000000e+00 0 0 0 2.0000000000e+00 0 0 0 2.0000000000e+00
0 9.4594219214e-01 1.9560106276e+00 3.2891183352e-01
1 1.0540578079e+00 1.0439893724e+00 1.6710881665e+00
2
Lattice=2.0000000000e+00 0 0 0 2.0000000000e+00 0 0 0 2.0000000000e+00
0 9.6018138300e-01 1.9670037732e+00 3.3275721635e-01
1 1.0398186170e+00 1.0329962268e+00 1.6672427836e+00
2
Lattice=2.0000000000e+00 0 0 0 2.0000000000e+00 0 0 0 2.0000000000e+00
0 9.7442850800e-01 1.9779004793e+00 3.3653395838e-01
1 1.0255714920e+00 1.0220995207e+00 1.6634660416e+00
2
Lattice=2.0000000000e+00 0 0 0 2.0000000000e+00 0 0 0 2.0000000000e+00
0 9.8868309762e-01 1.9886544257e+00 3.4021021587e-01
1 1.0113169024e+00 1.0113455743e+00 1.6597897841e+00
2
Lattice=2.0000000000e+00 0 0 0 2.0000000000e+00 0 0 0 2.0000000000e+00
0 1.0029415872e+00 1.9992359891e+00 3.4376648140e-01
1 9.9705841281e-01 1.0007640109e+00 1.6562335186e+00
2
Lattice=2.0000000000e+00 0 0 0 2.0000000000e+00 0 0 0 2.0000000000e+00
0 1.0171989523e+00 9.8000286519e-03 3.4719332115e-01
1 9.8280104769e-01 9.9019997135e-01 1.6528066788e+00
2
Lattice=2.0000000000e+00 0 0 0 2.0000000000e+00 0 0 0 2.0000000000e+00
0 1.0314499841e+00 2.0545615750e-02 3.5049160352e-01
1 9.6855001595e-01 9.7945438425e-01 1.6495083965e+00
2
Lattice=2.0000000000e+00 0 0 0 2.0000000000e+00 0 0 0 2.0000000000e+00
0 1.0456900228e+00 3.1459661255e-02 3.5366678167e-01
1 9.5430997725e-01 9.6854033874e-01 1.6463332183e+00
2
Lattice=2.0000000000e+00 0 0 0 2.0000000000e+00 0 0 0 2.0000000000e+00
0 1.0599153397e+00 4.2525498650e-02 3.5672744311e-01
1 9.4008466034e-01 9.5747450135e-01 1.6432725569e+00
2
Lattice=2.0000000000e+00 0 0 0 2.0000000000e+00 0 0 0 2.0000000000e+00
0 1.0741235205e+00 5.3722979701e-02 3.5968553054e-01
1 9.2587647953e-01 9.4627702030e-01 1.6403144695e+00
2
Lattice=2.0000000000e+00 0 0 0 2.0000000000e+00 0 0 0 2.0000000000e+00
0 1.0883138340e+00 6.5028819938e-02 3.6255638109e-01
1 9.1168616597e-01 9.3497118006e-01 1.6374436189e+00
2
Lattice=2.0000000000e+00 0 0 0 2.0000000000e+00 0 0 0 2.0000000000e+00
0 1.1024875339e+00 7.6417245068e-02 3.6535851035e-01
1 8.9751246611e-01 9.2358275493e-01 1.6346414897e+00
2
Lattice=2.0000000000e+00 0 0 0 2.0000000000e+00 0 0 0 2.0000000000e+00
0 1.1166480272e+00 8.7860966873e-02 3.6811307258e-01
1 8.8335197284e-01 9.1213903313e-01 1.6318869274e+00
2
Lattice=2.0000000000e+00 0 0 0 2.0000000000e+00 0 0 0 2.0000000000e+00
0 1.1308008391e+00 9.9332477321e-02 3.7084295167e-01
1 8.6919916088e-01 9.0066752268e-01 1.6291570483e+00
2
Lattice=2.0000000000e+00 0 0 0 2.0000000000e+00 0 0 0 2.0000000000e+00
0 1.1449533107e+00 1.1080559365e-01 3.7357148154e-01
1 8.5504668928e-01 8.8919440635e-01 1.6264285185e+00
2
Lattice=2.0000000000e+00 0 0 0 2.0000000000e+00 0 0 0 2.0000000000e+00
0 1.1591139927e+00 1.2225712268e-01 3.7632085918e-01
1 8.4088600731e-01 8.7774287732e-01 1.6236791408e+00
2
Lattice=2.0000000000e+00 0 0 0 2.0000000000e+00 0 0 0 2.0000000000e+00
0 1.1732917482e+00 1.3366845459e-01 3.7911038817e-01
1 8.2670825183e-01 8.6633154541e-01 1.6208896118e+00
2
Lattice=2.0000000000e+00 0 0 0 2.0000000000e+00 0 0 0 2.0000000000e+00
0 1.1874946360e+00 1.4502686470e-01 3.8195475803e-01
1 8.1250536404e-01 8.5497313530e-01 1.6180452420e+00
2
Lattice=2.0000000000e+00 0 0 0 2.0000000000e+00 0 0 0 2.0000000000e+00
0 1.2017287078e+00 1.5632631463e-01 3.8486260074e-01
1 7.9827129216e-01 8.4367368537e-01 1.6151373993e+00
2
Lattice=2.0000000000e+00 0 0 0 2.0000000000e+00 0 0 0 2.0000000000e+00
0 1.2159968934e+00 1.6756760884e-01 3.8783555235e-01
1 7.8400310659e-01 8.3243239116e-01 1.6121644477e+00
2
Lattice=2.0000000000e+00 0 0 0 2.0000000000e+00 0 0 0 2.0000000000e+00
0 1.2302981497e+00 1.7875786888e-01 3.9086797742e-01
1 7.6970185032e-01 8.2124213112e-01 1.6091320226e+00
2
Lattice=2.0000000000e+00 0 0 0 2.0000000000e+00 0 0 0 2.0000000000e+00
0 1.2446270139e+00 1.8990940881e-01 3.9394740258e-01
1 7.5537298610e-01 8.1009059119e-01 1.6060525974e+00
2
Lattice=2.0000000000e+00 0 0 0 2.0000000000e+00 0 0 0 2.0000000000e+00
0 1.2589736243e+00 2.0103819688e-01 3.9705558129e-01
1 7.4102637568e-01 7.9896180312e-01 1.6029444187e+00
2
Lattice=2.0000000000e+00 0 0 0 2.0000000000e+00 0 0 0 2.0000000000e+00
0 1.2733241884e+00 2.1216214304e-01 4.0017001121e-01
1 7.2667581156e-01 7.8783785696e-01 1.5998299888e+00
2
Lattice=2.0000000000e+00 0 0 0 2.0000000000e+00 0 0 0 2.0000000000e+00
0 1.2876618038e+00 2.2329944886e-01 4.0326567178e-01
1 7.1233819618e-01 7.7670055114e-01 1.5967343282e+00
2
Lattice=2.0000000000e+00 0 0 0 2.0000000000e+00 0 0 0 2.0000000000e+00
0 1.3019674926e+00 2.3446720609e-01 4.0631675167e-01
1 6.9803250742e-01 7.6553279391e-01 1.5936832483e+00
2
Lattice=2.0000000000e+00 0 0 0 2.0000000000e+00 0 0 0 2.0000000000e+00
0 1.3162213017e+00 2.4568035407e-01 4.0929818052e-01
1 6.8377869828e-01 7.5431964593e-01 1.5907018195e+00
2
Lattice=2.0000000000e+00 0 0 0 2.0000000000e+00 0 0 0 2.0000000000e+00
0 1.3304033418e+00 2.5695102853e-01 4.1218684772e-01
1 6.6959665819e-01 7.4304897147e-01 1.5878131523e+00
2
Lattice=2.0000000000e+00 0 0 0 2.0000000000e+00 0 0 0 2.0000000000e+00
0 1.3444946743e+00 2.6828827298e-01 4.1496246102e-01
1 6.5550532568e-01 7.3171172702e-01 1.5850375390e+00
2
Lattice=2.0000000000e+00 0 0 0 2.0000000000e+00 0 0 0 2.0000000000e+00
0 1.3584779991e+00 2.7969804597e-01 4.1760805426e-01
1 6.4152200092e-01 7.2030195403e-01 1.5823919457e+00
2
Lattice=2.0000000000e+00 0 0 0 2.0000000000e+00 0 0 0 2.0000000000e+00
0 1.3723381299e+00 2.9118344234e-01 4.2011019113e-01
1 6.2766187012e-01 7.0881655766e-01 1.5798898089e+00
2
Lattice=2.0000000000e+00 0 0 0 2.0000000000e+00 0 0 0 2.0000000000e+00
0 1.3860622722e+00 3.0274504876e-01 4.2245892980e-01
1 6.1393772781e-01 6.9725495124e-01 1.5775410702e+00
2
Lattice=2.0000000000e+00 0 0 0 2.0000000000e+00 0 0 0 2.0000000000e+00
0 1.3996401324e+00 3.1438136587e-01 4.2464761638e-01
1 6.0035986760e-01 6.8561863413e-01 1.5753523836e+00
2
Lattice=2.0000000000e+00 0 0 0 2.0000000000e+00 0 0 0 2.0000000000e+00
0 1.4130638944e+00 3.2608924567e-01 4.2667256919e-01
1 5.8693610560e-01 6.7391075433e-01 1.5733274308e+00
2
Lattice=2.0000000000e+00 0 0 0 2.0000000000e+00 0 0 0 2.0000000000e+00
0 1.4263280993e+00 3.3786430883e-01 4.2853270433e-01
1 5.7367190072e-01 6.6213569117e-01 1.5714672957e+00
2
Lattice=2.0000000000e+00 0 0 0 2.0000000000e+00 0 0 0 2.0000000000e+00
0 1.4394294601e+00 3.4970132074e-01 4.3022914110e-01
1 5.6057053985e-01 6.5029867926e-01 1.5697708589e+00
2
Lattice=2.0000000000e+00 0 0 0 2.0000000000e+00 0 0 0 2.0000000000e+00
0 1.4523666385e+00 3.6159451532e-01 4.3176481434e-01
1 5.4763336152e-01 6.3840548468e-01 1.5682351857e+00
2
Lattice=2.0000000000e+00 0 0 0 2.0000000000e+00 0 0 0 2.0000000000e+00
0 1.4651400026e+00 3.7353786379e-01 4.3314411100e-01
1 5.3485999738e-01 6.2646213621e-01 1.5668558890e+00
2
Lattice=2.0000000000e+00 0 0 0 2.0000000000e+00 0 0 0 2.0000000000e+00
0 1.4777513835e+00 3.8552528999e-01 4.3437254108e-01
1 5.2224861650e-01 6.1447471001e-01 1.5656274589e+00
2
Lattice=2.0000000000e+00 0 0 0 2.0000000000e+00 0 0 0 2.0000000000e+00
0 1.4902038382e+00 3.9755083699e-01 4.3545644768e-01
1 5.0979616183e-01 6.0244916301e-01 1.5645435523e+00
2
Lattice=2.0000000000e+00 0 0 0 2.0000000000e+00 0 0 0 2.0000000000e+00
0 1.5025104969e+00 4.0960879521e-01 4.3640273718e-01
1 4.9748950310e-01 5.9039120479e-01 1.5635972628e+00
2
Lattice=2.0000000000e+00 0 0 0 2.0000000000e+00 0 0 0 2.0000000000e+00
0 1.5148853022e+00 4.2169475655e-01 4.3721373004e-01
1 4.8511469775e-01 5.7830524345e-01 1.5627862700e+00
2
Lattice=2.0000000000e+00 0 0 0 2.0000000000e+00 0 0 0 2.0000000000e+00
0 1.5274194523e+00 4.3380640314e-01 4.3788107005e-01
1 4.7258054774e-01 5.6619359686e-01 1.5621189299e+00
2
Lattice=2.0000000000e+00 0 0 0 2.0000000000e+00 0 0 0 2.0000000000e+00
0 1.5401184904e+00 4.4594111226e-01 4.3839558968e-01
1 4.5988150959e-01 5.5405888774e-01 1.5616044103e+00
2
Lattice=2.0000000000e+00 0 0 0 2.0000000000e+00 0 0 0 2.0000000000e+00
0 1.5529861382e+00 4.5809561357e-01 4.3874934428e-01
1 4.4701386184e-01 5.4190438643e-01 1.5612506557e+00
2
Lattice=2.0000000000e+00 0 0 0 2.0000000000e+00 0 0 0 2.0000000000e+00
0 1.5660235774e+00 4.7026601321e-01 4.3893642471e-01
1 4.3397642260e-01 5.2973398679e-01 1.5610635753e+00
2
Lattice=2.0000000000e+00 0 0 0 2.0000000000e+00 0 0 0 2.0000000000e+00
0 1.5792285611e+00 4.8244788892e-01 4.3895404185e-01
1 4.2077143888e-01 5.1755211108e-01 1.5610459581e+00
2
Lattice=2.0000000000e+00 0 0 0 2.0000000000e+00 0 0 0 2.0000000000e+00
0 1.5925943355e+00 4.9463649164e-01 4.3880394360e-01
1 4.0740566448e-01 5.0536350836e-01 1.5611960564e+00
2
Lattice=2.0000000000e+00 0 0 0 2.0000000000e+00 0 0 0 2.0000000000e+00
0 1.6061083727e+00 5.0682709975e-01 4.3849421952e-01
1 3.9389162725e-01 4.9317290025e-01 1.5615057805e+00
2
Lattice=2.0000000000e+00 0 0 0 2.0000000000e+00 0 0 0 2.0000000000e+00
0 1.6197509463e+00 5.1901558105e-01 4.3804152406e-01
1 3.8024905372e-01 4.8098441895e-01 1.5619584759e+00
2
Lattice=2.0000000000e+00 0 0 0 2.0000000000e+00 0 0 0 2.0000000000e+00
0 1.6334936384e+00 5.3119922134e-01 4.3747368995e-01
1 3.6650636160e-01 4.6880077866e-01 1.5625263100e+00
2
Lattice=2.0000000000e+00 0 0 0 2.0000000000e+00 0 0 0 2.0000000000e+00
0 1.6472979609e+00 5.4337786564e-01 4.3683258876e-01
1 3.5270203911e-01 4.5662213436e-01 1.5631674112e+00
2
Lattice=2.0000000000e+00 0 0 0 2.0000000000e+00 0 0 0 2.0000000000e+00
0 1.6611143997e+00 5.5555537531e-01 4.3617690272e-01
1 3.3888560027e-01 4.4444462469e-01 1.5638230973e+00
2
Lattice=2.0000000000e+00 0 0 0 2.0000000000e+00 0 0 0 2.0000000000e+00
0 1.6748823513e+00 5.6774131146e-01 4.3558419076e-01
1 3.2511764871e-01 4.3225868854e-01 1.5644158092e+00
2
Lattice=2.0000000000e+00 0 0 0 2.0000000000e+00 0 0 0 2.0000000000e+00
0 1.6885315541e+00 5.7995259575e-01 4.3515129358e-01
1 3.1146844587e-01 4.2004740425e-01 1.5648487064e+00
2
Lattice=2.0000000000e+00 0 0 0 2.0000000000e+00 0 0 0 2.0000000000e+00
0 1.7019856397e+00 5.9221468411e-01 4.3499184575e-01
1 2.9801436026e-01 4.0778531589e-01 1.5650081542e+00
2
Lattice=2.0000000000e+00 0 0 0 2.0000000000e+00 0 0 0 2.0000000000e+00
0 1.7151681788e+00 6.0456158063e-01 4.3522968552e-01
1 2.8483182121e-01 3.9543841937e-01 1.5647703145e+00
2
Lattice=2.0000000000e+00 0 0 0 2.0000000000e+00 0 0 0 2.0000000000e+00
0 1.7280109590e+00 6.1703396536e-01 4.3598758958e-01
1 2.7198904104e-01 3.8296603464e-01 1.5640124104e+00
2
Lattice=2.0000000000e+00 0 0 0 2.0000000000e+00 0 0 0 2.0000000000e+00
0 1.7404632371e+00 6.2967500420e-01 4.3737219431e-01
1 2.5953676287e-01 3.7032499580e-01 1.5626278057e+00
2
Lattice=2.0000000000e+00 0 0 0 2.0000000000e+00 0 0 0 2.0000000000e+00
0 1.7524997362e+00 6.4252414526e-01 4.3945790097e-01
1 2.4750026385e-01 3.5747585474e-01 1.5605420990e+00
2
Lattice=2.0000000000e+00 0 0 0 2.0000000000e+00 0 0 0 2.0000000000e+00
0 1.7641248585e+00 6.5561018089e-01 4.4227404385e-01
1 2.3587514149e-01 3.4438981911e-01 1.5577259562e+00
2
Lattice=2.0000000000e+00 0 0 0 2.0000000000e+00 0 0 0 2.0000000000e+00
0 1.7753714731e+00 6.6894552768e-01 4.4579943255e-01
1 2.2462852694e-01 3.3105447232e-01 1.5542005674e+00
2
Lattice=2.0000000000e+00 0 0 0 2.0000000000e+00 0 0 0 2.0000000000e+00
0 1.7862944851e+00 6.8252350437e-01 4.4996614984e-01
1 2.1370551493e-01 3.1747649563e-01 1.5500338502e+00
2
Lattice=2.0000000000e+00 0 0 0 2.0000000000e+00 0 0 0 2.0000000000e+00
0 1.7969612419e+00 6.9631932997e-01 4.5467121877e-01
1 2.0303875808e-01 3.0368067003e-01 1.5453287812e+00
2
Lattice=2.0000000000e+00 0 0 0 2.0000000000e+00 0 0 0 2.0000000000e+00
0 1.8074416198e+00 7.1029421664e-01 4.5979228854e-01
1 1.9255838018e-01 2.8970578336e-01 1.5402077115e+00
2
Lattice=2.0000000000e+00 0 0 0 2.0000000000e+00 0 0 0 2.0000000000e+00
0 1.8178001149e+00 7.2440104964e-01 4.6520301221e-01
1 1.8219988512e-01 2.7559895036e-01 1.5347969878e+00
2
Lattice=2.0000000000e+00 0 0 0 2.0000000000e+00 0 0 0 2.0000000000e+00
0 1.8280910062e+00 7.3859006256e-01 4.7078506213e-01
1 1.7190899377e-01 2.6140993744e-01 1.5292149379e+00
2
Lattice=2.0000000000e+00 0 0 0 2.0000000000e+00 0 0 0 2.0000000000e+00
0 1.8383564726e+00 7.5281341913e-01 4.7643562145e-01
1 1.6164352736e-01 2.4718658087e-01 1.5235643786e+00
2
Lattice=2.0000000000e+00 0 0 0 2.0000000000e+00 0 0 0 2.0000000000e+00
0 1.8486268792e+00 7.6702827179e-01 4.8207069800e-01
1 1.5137312079e-01 2.3297172821e-01 1.5179293020e+00
2
Lattice=2.0000000000e+00 0 0 0 2.0000000000e+00 0 0 0 2.0000000000e+00
0 1.8589223120e+00 7.8119836950e-01 4.8762535409e-01
1 1.4107768801e-01 2.1880163050e-01 1.5123746459e+00
2
Lattice=2.0000000000e+00 0 0 0 2.0000000000e+00 0 0 0 2.0000000000e+00
0 1.8692546094e+00 7.9529453998e-01 4.9305205880e-01
1 1.3074539062e-01 2.0470546002e-01 1.5069479412e+00
2
Lattice=2.0000000000e+00 0 0 0 2.0000000000e+00 0 0 0 2.0000000000e+00
0 1.8796294028e+00 8.0929442554e-01 4.9831814483e-01
1 1.2037059716e-01 1.9070557446e-01 1.5016818552e+00
2
Lattice=2.0000000000e+00 0 0 0 2.0000000000e+00 0 0 0 2.0000000000e+00
0 1.8900478230e+00 8.2318205045e-01 5.0348185662e-01
1 1.0995217704e-01 1.7681794955e-01 1.4965181434e+00
2
Lattice=2.0000000000e+00 0 0 0 2.0000000000e+00 0 0 0 2.0000000000e+00
0 1.9005074023e+00 8.3694867405e-01 5.0880920334e-01
1 9.9492597659e-02 1.6305132595e-01 1.4911907967e+00
2
Lattice=2.0000000000e+00 0 0 0 2.0000000000e+00 0 0 0 2.0000000000e+00
0 1.9110044931e+00 8.5058823711e-01 5.1432176276e-01
1 8.8995506885e-02 1.4941176289e-01 1.4856782372e+00
2
Lattice=2.0000000000e+00 0 0 0 2.0000000000e+00 0 0 0 2.0000000000e+00
0 1.9215353781e+00 8.6409464722e-01 5.2001877127e-01
1 7.8464621945e-02 1.3590535278e-01 1.4799812287e+00
2
Lattice=2.0000000000e+00 0 0 0 2.0000000000e+00 0 0 0 2.0000000000e+00
0 1.9320962613e+00 8.7746183285e-01 5.2589930811e-01
1 6.7903738709e-02 1.2253816715e-01 1.4741006919e+00
2
Lattice=2.0000000000e+00 0 0 0 2.0000000000e+00 0 0 0 2.0000000000e+00
0 1.9426832561e+00 8.9068384688e-01 5.3196217648e-01
1 5.7316743916e-02 1.0931615312e-01 1.4680378235e+00
2
Lattice=2.0000000000e+00 0 0 0 2.0000000000e+00 0 0 0 2.0000000000e+00
0 1.9532923841e+00 9.0375497868e-01 5.3820579678e-01
1 4.6707615916e-02 9.6245021322e-02 1.4617942032e+00
2
Lattice=2.0000000000e+00 0 0 0 2.0000000000e+00 0 0 0 2.0000000000e+00
0 1.9639195861e+00 9.1666986814e-01 5.4462811797e-01
1 3.6080413930e-02 8.3330131860e-02 1.4553718820e+00
2
Lattice=2.0000000000e+00 0 0 0 2.0000000000e+00 0 0 0 2.0000000000e+00
0 1.9745607432e+00 9.2942361574e-01 5.5122655121e-01
1 2.5439256779e-02 7.0576384265e-02 1.4487734488e+00
2
Lattice=2.0000000000e+00 0 0 0 2.0000000000e+00 0 0 0 2.0000000000e+00
0 1.9852117072e+00 9.4201188300e-01 5.5799792784e-01
1 1.4788292762e-02 5.7988116998e-02 1.4420020722e+00
2
Lattice=2.0000000000e+00 0 0 0 2.0000000000e+00 0 0 0 2.0000000000e+00
0 1.9958683371e+00 9.5443097928e-01 5.6493848213e-01
1 4.1316628717e-03 4.5569020724e-02 1.4350615179e+00
2
Lattice=2.0000000000e+00 0 0 0 2.0000000000e+00 0 0 0 2.0000000000e+00
0 6.5265402549e-03 9.6667793152e-01 5.7204385724e-01
1 1.9934734597e+00 3.3322068483e-02 1.4279561428e+00
2
Lattice=2.0000000000e+00 0 0 0 2.0000000000e+00 0 0 0 2.0000000000e+00
0 1.7182315237e-02 9.7875053538e-01 5.7930913220e-01
1 1.9828176848e+00 2.1249464617e-02 1.4206908678e+00
2
Lattice=2.0000000000e+00 0 0 0 2.0000000000e+00 0 0 0 2.0000000000e+00
0 2.7831794464e-02 9.9064738691e-01 5.8672886638e-01
1 1.9721682055e+00 9.3526130875e-03 1.4132711336e+00
2
Lattice=2.0000000000e+00 0 0 0 2.0000000000e+00 0 0 0 2.0000000000e+00
0 3.8471282903e-02 1.0023784817e+00 5.9429717308e-01
1 1.9615287171e+00 1.9976215183e+00 1.4057028269e+00
2
Lattice=2.0000000000e+00 0 0 0 2.0000000000e+00 0 0 0 2.0000000000e+00
0 4.9096898242e-02 1.0141892302e+00 6.0201151970e-01
1 1.9509031018e+00 1.9858107698e+00 1.3979884803e+00
2
Lattice=2.0000000000e+00 0 0 0 2.0000000000e+00 0 0 0 2.0000000000e+00
0 5.9703973323e-02 1.0261831352e+00 6.0987591776e-01
1 1.9402960267e+00 1.9738168648e+00 1.3901240822e+00
2
Lattice=2.0000000000e+00 0 0 0 2.0000000000e+00 0 0 0 2.0000000000e+00
0 7.0288035429e-02 1.0383596714e+00 6.1789068795e-01
1 1.9297119646e+00 1.9616403286e+00 1.3821093121e+00
2
Lattice=2.0000000000e+00 0 0 0 2.0000000000e+00 0 0 0 2.0000000000e+00
0 8.0845901545e-02 1.0507086108e+00 6.2604815094e-01
1 1.9191540985e+00 1.9492913892e+00 1.3739518491e+00
2
Lattice=2.0000000000e+00 0 0 0 2.0000000000e+00 0 0 0 2.0000000000e+00
0 9.1377442729e-02 1.0632046568e+00 6.3432802882e-01
1 1.9086225573e+00 1.9367953432e+00 1.3656719712e+00
2
Lattice=2.0000000000e+00 0 0 0 2.0000000000e+00 0 0 0 2.0000000000e+00
0 1.0188854139e-01 1.0757998353e+00 6.4269084835e-01
1 1.8981114586e+00 1.9242001647e+00 1.3573091517e+00
2
Lattice=2.0000000000e+00 0 0 0 2.0000000000e+00 0 0 0 2.0000000000e+00
0 1.1239581328e-01 1.0884131615e+00 6.5106886553e-01
1 1.8876041867e+00 1.9115868385e+00 1.3489311345e+00
2
Lattice=2.0000000000e+00 0 0 0 2.0000000000e+00 0 0 0 2.0000000000e+00
0 1.2293369796e-01 1.1009176247e+00 6.5935444515e-01
1 1.8770663020e+00 1.8990823753e+00 1.3406455549e+00
2
Lattice=2.0000000000e+00 0 0 0 2.0000000000e+00 0 0 0 2.0000000000e+00
0 1.3356415612e-01 1.1131260239e+00 6.6738708490e-01
1 1.8664358439e+00 1.8868739761e+00 1.3326129151e+00
2
Lattice=2.0000000000e+00 0 0 0 2.0000000000e+00 0 0 0 2.0000000000e+00
0 1.4438788674e-01 1.1247803233e+00 6.7494301229e-01
1 1.8556121133e+00 1.8752196767e+00 1.3250569877e+00
2
Lattice=2.0000000000e+00 0 0 0 2.0000000000e+00 0 0 0 2.0000000000e+00
0 1.5555302192e-01 1.1355540837e+00 6.8173569337e-01
1 1.8444469781e+00 1.8644459163e+00 1.3182643066e+00
2
Lattice=2.0000000000e+00 0 0 0 2.0000000000e+00 0 0 0 2.0000000000e+00
0 1.6725294197e-01 1.1450816235e+00 6.8743959483e-01
1 1.8327470580e+00 1.8549183765e+00 1.3125604052e+00
2
Lattice=2.0000000000e+00 0 0 0 2.0000000000e+00 0 0 0 2.0000000000e+00
0 1.7970265347e-01 1.1530234509e+00 6.9174661123e-01
1 1.8202973465e+00 1.8469765491e+00 1.3082533888e+00
2
Lattice=2.0000000000e+00 0 0 0 2.0000000000e+00 0 0 0 2.0000000000e+00
0 1.9309028761e-01 1.1591569205e+00 6.9444686052e-01
1 1.8069097124e+00 1.8408430795e+00 1.3055531395e+00
2
Lattice=2.0000000000e+00 0 0 0 2.0000000000e+00 0 0 0 2.0000000000e+00
0 2.0751936422e-01 1.1634513326e+00 6.9549852933e-01
1 1.7924806358e+00 1.8365486674e+00 1.3045014707e+00
2
Lattice=2.0000000000e+00 0 0 0 2.0000000000e+00 0 0 0 2.0000000000e+00
0 2.2297343939e-01 1.1660801140e+00 6.9504351340e-01
1 1.7770265606e+00 1.8339198860e+00 1.3049564866e+00
