0.0000000000e+00 1.5742456174e+02 3.3176911879e-15 1.2007602493e+00 0.0000000000e+00
1.0000000000e-02 1.5742456163e+02 5.2837752104e-15 1.2008090568e+00 3.6022985773e-04
2.0000000000e-02 1.5742456175e+02 8.9982874121e-15 1.2010740597e+00 1.4410132750e-03
3.0000000000e-02 1.5742456209e+02 7.6766121962e-15 1.2015562518e+00 3.2426854135e-03
4.0000000000e-02 1.5742456265e+02 3.1655961029e-15 1.2022584495e+00 5.7658427839e-03
5.0000000000e-02 1.5742456345e+02 4.4864550633e-15 1.2031853196e+00 9.0113485924e-03
6.0000000000e-02 1.5742456449e+02 7.2027724155e-15 1.2043434434e+00 1.2980341334e-02
7.0000000000e-02 1.5742456578e+02 9.9450206632e-15 1.2057414177e+00 1.7674246771e-02
8.0000000000e-02 1.5742456736e+02 9.7623899795e-15 1.2073899900e+00 2.3094793506e-02
9.0000000000e-02 1.5742456923e+02 7.2428758237e-15 1.2093022228e+00 2.9244032409e-02
1.0000000000e-01 1.5742457142e+02 1.2123310084e-14 1.2114936726e+00 3.6124360184e-02
1.1000000000e-01 1.5742457393e+02 1.4024010997e-14 1.2139825579e+00 4.3738547316e-02
1.2000000000e-01 1.5742457676e+02 1.7718060346e-14 1.2167898611e+00 5.2089770443e-02
1.3000000000e-01 1.5742457984e+02 1.5934698110e-14 1.2199392620e+00 6.1181648793e-02
1.4000000000e-01 1.5742458302e+02 1.5683644060e-14 1.2234567147e+00 7.1018283405e-02
1.5000000000e-01 1.5742458601e+02 1.7363902302e-14 1.2273693136e+00 8.1604296067e-02
1.6000000000e-01 1.5742458819e+02 1.6342543261e-14 1.2317028016e+00 9.2944861499e-02
1.7000000000e-01 1.5742458839e+02 1.5911862641e-14 1.2364765272e+00 1.0504571985e-01
1.8000000000e-01 1.5742458438e+02 1.3783319364e-14 1.2416936602e+00 1.1791314447e-01
1.9000000000e-01 1.5742457203e+02 1.8621653998e-14 1.2473227067e+00 1.3155381715e-01
2.0000000000e-01 1.5742454404e+02 2.0645372553e-14 1.2532633275e+00 1.4597452103e-01
2.1000000000e-01 1.5742448714e+02 1.9602904592e-14 1.2592853087e+00 1.6118148409e-01
2.2000000000e-01 1.5742438289e+02 1.9480855350e-14 1.2649265608e+00 1.7717907364e-01
2.3000000000e-01 1.5742421105e+02 2.5910807285e-14 1.2693473852e+00 1.9396733589e-01
2.4000000000e-01 1.5742397594e+02 3.2244860041e-14 1.2712130769e+00 2.1153767570e-01
2.5000000000e-01 1.5742378951e+02 3.0833034207e-14 1.2689112147e+00 2.2986619917e-01
2.6000000000e-01 1.5742394284e+02 2.4151115042e-14 1.2618087171e+00 2.4890618634e-01
2.7000000000e-01 1.5742462480e+02 3.1503739879e-14 1.2528533974e+00 2.6858672351e-01
2.8000000000e-01 1.5742522412e+02 2.9973554401e-14 1.2494734936e+00 2.8883047398e-01
2.9000000000e-01 1.5742490106e+02 3.3871265125e-14 1.2575247160e+00 3.0959254190e-01
3.0000000000e-01 1.5742418556e+02 3.7769780771e-14 1.2742787244e+00 3.3088852622e-01
3.1000000000e-01 1.5742387572e+02 4.4102692609e-14 1.2926652208e+00 3.5277911969e-01
3.2000000000e-01 1.5742385148e+02 3.7594617238e-14 1.3084991825e+00 3.7533257434e-01
3.3000000000e-01 1.5742390504e+02 3.6337380807e-14 1.3205662445e+00 3.9860126607e-01
3.4000000000e-01 1.5742406767e+02 3.9661542441e-14 1.3289557343e+00 4.2261523693e-01
3.5000000000e-01 1.5742429510e+02 3.7316708228e-14 1.3349925759e+00 4.4738450963e-01
3.6000000000e-01 1.5742440767e+02 3.3970828996e-14 1.3406545283e+00 4.7290804728e-01
3.7000000000e-01 1.5742433167e+02 3.5807919791e-14 1.3469076735e+00 4.9918494380e-01
3.8000000000e-01 1.5742420675e+02 4.1908970730e-14 1.3530541898e+00 5.2621928539e-01
3.9000000000e-01 1.5742414777e+02 4.1910000111e-14 1.3578987682e+00 5.5401595050e-01
4.0000000000e-01 1.5742412827e+02 3.7417810215e-14 1.3608326051e+00 5.8257348668e-01
4.1000000000e-01 1.5742407859e+02 5.0253261353e-14 1.3617328659e+00 6.1187964854e-01
4.2000000000e-01 1.5742397001e+02 5.2019724623e-14 1.3603869859e+00 6.4190931167e-01
4.3000000000e-01 1.5742384324e+02 5.6220382906e-14 1.3562531505e+00 6.7262213311e-01
4.4000000000e-01 1.5742381235e+02 4.5030733470e-14 1.3488707950e+00 7.0395909141e-01
4.5000000000e-01 1.5742400542e+02 4.6278724916e-14 1.3389349047e+00 7.3584053287e-01
4.6000000000e-01 1.5742436741e+02 5.1241814205e-14 1.3292861464e+00 7.6817164572e-01
4.7000000000e-01 1.5742460098e+02 5.0902605758e-14 1.3241570734e+00 8.0085986725e-01
4.8000000000e-01 1.5742449441e+02 5.0024633998e-14 1.3263576743e+00 8.3383842778e-01
4.9000000000e-01 1.5742422188e+02 5.0822997971e-14 1.3353405136e+00 8.6708000218e-01
5.0000000000e-01 1.5742411337e+02 4.8286406089e-14 1.3487386144e+00 9.0059208448e-01
5.1000000000e-01 1.5742411115e+02 4.2569633974e-14 1.3651710259e+00 9.3440728625e-01
5.2000000000e-01 1.5742384004e+02 4.5988032237e-14 1.3836955266e+00 9.6858539681e-01
5.3000000000e-01 1.5742345599e+02 4.5403778329e-14 1.4010033782e+00 1.0032150055e+00
5.4000000000e-01 1.5742333768e+02 5.1380780931e-14 1.4128044085e+00 1.0383894061e+00
5.5000000000e-01 1.5742349344e+02 4.6767148337e-14 1.4172948925e+00 1.0741687353e+00
5.6000000000e-01 1.5742381741e+02 4.5248773482e-14 1.4157100269e+00 1.1105593354e+00
5.7000000000e-01 1.5742409790e+02 4.2060312454e-14 1.4113220011e+00 1.1475193908e+00
5.8000000000e-01 1.5742390597e+02 3.8730715396e-14 1.4070455289e+00 1.1849837204e+00
5.9000000000e-01 1.5742357992e+02 3.2052390606e-14 1.4020643926e+00 1.2228854763e+00
6.0000000000e-01 1.5742424265e+02 2.9898823438e-14 1.3953270711e+00 1.2611496834e+00
6.1000000000e-01 1.5742500603e+02 2.5341311739e-14 1.3935986272e+00 1.2996970725e+00
6.2000000000e-01 1.5742426248e+02 2.3053374092e-14 1.4029108154e+00 1.3385181788e+00
6.3000000000e-01 1.5742358562e+02 2.9797856511e-14 1.4165102421e+00 1.3777226765e+00
6.4000000000e-01 1.5742362921e+02 3.3267624985e-14 1.4265094208e+00 1.4174633275e+00
6.5000000000e-01 1.5742376950e+02 3.3076448841e-14 1.4312835996e+00 1.4578489150e+00
6.6000000000e-01 1.5742380279e+02 3.6302085973e-14 1.4312298193e+00 1.4989257465e+00
6.7000000000e-01 1.5742383121e+02 4.2561381056e-14 1.4264757988e+00 1.5406886044e+00
6.8000000000e-01 1.5742399268e+02 4.3487451464e-14 1.4175192024e+00 1.5830906761e+00
6.9000000000e-01 1.5742439042e+02 3.6863584237e-14 1.4064389976e+00 1.6260533691e+00
7.0000000000e-01 1.5742488082e+02 3.2259955815e-14 1.3975602899e+00 1.6694866011e+00
7.1000000000e-01 1.5742498071e+02 3.8542651934e-14 1.3956651151e+00 1.7133259623e+00
7.2000000000e-01 1.5742457417e+02 3.5486173699e-14 1.4016848201e+00 1.7575709774e+00
7.3000000000e-01 1.5742413263e+02 3.5274530366e-14 1.4117296973e+00 1.8022893671e+00
7.4000000000e-01 1.5742394212e+02 3.9985911812e-14 1.4211644169e+00 1.8475815154e+00
7.5000000000e-01 1.5742396605e+02 4.1520114678e-14 1.4275830435e+00 1.8935400753e+00
7.6000000000e-01 1.5742413616e+02 4.1332665337e-14 1.4308728679e+00 1.9402298680e+00
7.7000000000e-01 1.5742438635e+02 3.9174357474e-14 1.4325543106e+00 1.9876867060e+00
7.8000000000e-01 1.5742455959e+02 4.9072485639e-14 1.4349499689e+00 2.0359266314e+00
7.9000000000e-01 1.5742449716e+02 6.0233461720e-14 1.4396317995e+00 2.0849582028e+00
8.0000000000e-01 1.5742422001e+02 5.7849864347e-14 1.4459762146e+00 2.1347891944e+00
8.1000000000e-01 1.5742385605e+02 5.7711524375e-14 1.4513705466e+00 2.1854203513e+00
8.2000000000e-01 1.5742347576e+02 5.8836897412e-14 1.4524550977e+00 2.2368255204e+00
8.3000000000e-01 1.5742328268e+02 5.2549566150e-14 1.4462237913e+00 2.2889222701e+00
8.4000000000e-01 1.5742384763e+02 5.9617322436e-14 1.4324769962e+00 2.3415446092e+00
8.5000000000e-01 1.5742502468e+02 6.0095481143e-14 1.4183414951e+00 2.3944586867e+00
8.6000000000e-01 1.5742511335e+02 5.3608484231e-14 1.4149871778e+00 2.4474759051e+00
8.7000000000e-01 1.5742438074e+02 5.5641117228e-14 1.4237478196e+00 2.5005890421e+00
8.8000000000e-01 1.5742401794e+02 5.2900816508e-14 1.4375640920e+00 2.5539529536e+00
8.9000000000e-01 1.5742387784e+02 5.1738775346e-14 1.4512470580e+00 2.6077592551e+00
9.0000000000e-01 1.5742381709e+02 5.0084226730e-14 1.4620778983e+00 2.6621619990e+00
9.1000000000e-01 1.5742385193e+02 5.5738061143e-14 1.4686072854e+00 2.7172615659e+00
9.2000000000e-01 1.5742394769e+02 4.9744434345e-14 1.4706309211e+00 2.7731071337e+00
9.3000000000e-01 1.5742406621e+02 4.9252876984e-14 1.4688665425e+00 2.8297041283e+00
9.4000000000e-01 1.5742418238e+02 4.3287309560e-14 1.4645398228e+00 2.8870236902e+00
9.5000000000e-01 1.5742424714e+02 4.6027548976e-14 1.4590064809e+00 2.9450136554e+00
9.6000000000e-01 1.5742427308e+02 4.9625354756e-14 1.4532578331e+00 3.0036108245e+00
9.7000000000e-01 1.5742438047e+02 5.0609611258e-14 1.4480098099e+00 3.0627524851e+00
9.8000000000e-01 1.5742455852e+02 4.7927827766e-14 1.4446041853e+00 3.1223865301e+00
9.9000000000e-01 1.5742456308e+02 5.4804998829e-14 1.4447855771e+00 3.1824818306e+00
1.0000000000e+00 1.5742424287e+02 5.6617455686e-14 1.4486579215e+00 3.2430337019e+00
1.0100000000e+00 1.5742370909e+02 5.6901069182e-14 1.4534195657e+00 3.3040522662e+00
1.0200000000e+00 1.5742324783e+02 5.7672746815e-14 1.4545303641e+00 3.3655287124e+00
1.0300000000e+00 1.5742331646e+02 5.7220446635e-14 1.4487601410e+00 3.4273898064e+00
1.0400000000e+00 1.5742412797e+02 5.0683109873e-14 1.4384171770e+00 3.4894721736e+00
1.0500000000e+00 1.5742447161e+02 5.5013875456e-14 1.4319282843e+00 3.5515690772e+00
1.0600000000e+00 1.5742359188e+02 5.1627161296e-14 1.4330796858e+00 3.6135467766e+00
1.0700000000e+00 1.5742333817e+02 4.7662199005e-14 1.4357872422e+00 3.6753852445e+00
1.0800000000e+00 1.5742377063e+02 5.4861196418e-14 1.4378255203e+00 3.7370862853e+00
1.0900000000e+00 1.5742380701e+02 4.6683261007e-14 1.4422130223e+00 3.7986194040e+00
1.1000000000e+00 1.5742394406e+02 5.3566621465e-14 1.4492344190e+00 3.8599585549e+00
1.1100000000e+00 1.5742405958e+02 5.1315368121e-14 1.4589312709e+00 3.9211321543e+00
1.1200000000e+00 1.5742401015e+02 5.7151796839e-14 1.4709603198e+00 3.9822531130e+00
1.1300000000e+00 1.5742401507e+02 4.9952140565e-14 1.4836688695e+00 4.0434985869e+00
1.1400000000e+00 1.5742403617e+02 6.1437378851e-14 1.4958163477e+00 4.1050586596e+00
1.1500000000e+00 1.5742395648e+02 5.5636243443e-14 1.5065470968e+00 4.1671045881e+00
1.1600000000e+00 1.5742380990e+02 6.6170782483e-14 1.5144876564e+00 4.2297800115e+00
1.1700000000e+00 1.5742371865e+02 6.3777843695e-14 1.5180162162e+00 4.2931970846e+00
1.1800000000e+00 1.5742378760e+02 6.6744351561e-14 1.5163594748e+00 4.3574347228e+00
1.1900000000e+00 1.5742407474e+02 6.1886444564e-14 1.5105901958e+00 4.4225430593e+00
1.2000000000e+00 1.5742439782e+02 6.0645824746e-14 1.5039365307e+00 4.4885509785e+00
1.2100000000e+00 1.5742435123e+02 6.2451796796e-14 1.4997933760e+00 4.5554673596e+00
1.2200000000e+00 1.5742391326e+02 5.8415985712e-14 1.4982046497e+00 4.6232680081e+00
1.2300000000e+00 1.5742336131e+02 6.3431443853e-14 1.4955849616e+00 4.6918679467e+00
1.2400000000e+00 1.5742303330e+02 6.9426942668e-14 1.4874657274e+00 4.7610860542e+00
1.2500000000e+00 1.5742357863e+02 7.1503275871e-14 1.4724662621e+00 4.8306191279e+00
1.2600000000e+00 1.5742458250e+02 7.5384736088e-14 1.4573383135e+00 4.9000751714e+00
1.2700000000e+00 1.5742440457e+02 7.5040913787e-14 1.4515935336e+00 4.9691197840e+00
1.2800000000e+00 1.5742395573e+02 7.4392564686e-14 1.4548303011e+00 5.0376240509e+00
1.2900000000e+00 1.5742373191e+02 7.2828937983e-14 1.4627049478e+00 5.1056297749e+00
1.3000000000e+00 1.5742329667e+02 7.7908630137e-14 1.4721577347e+00 5.1732249330e+00
1.3100000000e+00 1.5742340633e+02 7.5216196522e-14 1.4795607947e+00 5.2404573742e+00
1.3200000000e+00 1.5742391487e+02 7.2236219797e-14 1.4858736925e+00 5.3073018622e+00
1.3300000000e+00 1.5742365359e+02 7.1482349818e-14 1.4947789903e+00 5.3737149690e+00
1.3400000000e+00 1.5742305418e+02 7.6921391845e-14 1.5036358407e+00 5.4397066626e+00
1.3500000000e+00 1.5742325432e+02 8.1435312934e-14 1.5069965995e+00 5.5053037041e+00
1.3600000000e+00 1.5742384767e+02 7.6443853908e-14 1.5059879896e+00 5.5704780045e+00
1.3700000000e+00 1.5742378865e+02 7.9164818472e-14 1.5051542057e+00 5.6351849152e+00
1.3800000000e+00 1.5742334844e+02 8.0089260517e-14 1.5038942474e+00 5.6994431955e+00
1.3900000000e+00 1.5742321758e+02 7.9885233493e-14 1.4982674560e+00 5.7633051076e+00
1.4000000000e+00 1.5742355579e+02 7.2955275758e-14 1.4872682855e+00 5.8267586291e+00
1.4100000000e+00 1.5742433607e+02 7.1733553564e-14 1.4748874767e+00 5.8896919599e+00
1.4200000000e+00 1.5742498373e+02 7.2521128540e-14 1.4691673808e+00 5.9519688636e+00
1.4300000000e+00 1.5742454025e+02 7.1178393053e-14 1.4758693416e+00 6.0135884352e+00
1.4400000000e+00 1.5742369299e+02 7.6666185487e-14 1.4907361791e+00 6.0747871543e+00
1.4500000000e+00 1.5742328537e+02 6.7344544583e-14 1.5049462060e+00 6.1359357131e+00
1.4600000000e+00 1.5742307270e+02 6.5908453209e-14 1.5130202219e+00 6.1973466895e+00
1.4700000000e+00 1.5742292698e+02 6.2214604114e-14 1.5122182766e+00 6.2591740420e+00
1.4800000000e+00 1.5742325340e+02 5.7169721631e-14 1.5018402618e+00 6.3214039187e+00
1.4900000000e+00 1.5742421709e+02 5.4114034385e-14 1.4865560401e+00 6.3838891504e+00
1.5000000000e+00 1.5742431091e+02 5.4194465434e-14 1.4758232787e+00 6.4464463841e+00
1.5100000000e+00 1.5742345933e+02 5.5733223481e-14 1.4712005968e+00 6.5089901279e+00
1.5200000000e+00 1.5742353266e+02 6.1193333865e-14 1.4660319221e+00 6.5715390869e+00
1.5300000000e+00 1.5742418687e+02 6.1045333105e-14 1.4600549719e+00 6.6340937711e+00
1.5400000000e+00 1.5742445285e+02 6.1694470136e-14 1.4581983207e+00 6.6965853148e+00
1.5500000000e+00 1.5742435105e+02 6.3735529032e-14 1.4623929552e+00 6.7589388012e+00
1.5600000000e+00 1.5742417437e+02 6.4599717433e-14 1.4709163867e+00 6.8211633502e+00
1.5700000000e+00 1.5742400747e+02 5.9123128809e-14 1.4809492816e+00 6.8833933318e+00
1.5800000000e+00 1.5742392062e+02 6.3566546185e-14 1.4897857705e+00 6.9458540677e+00
1.5900000000e+00 1.5742395662e+02 6.1428650989e-14 1.4956216635e+00 7.0087874230e+00
1.6000000000e+00 1.5742407361e+02 5.9126464384e-14 1.4980143017e+00 7.0723927462e+00
1.6100000000e+00 1.5742420874e+02 5.0575533281e-14 1.4975448265e+00 7.1368053678e+00
1.6200000000e+00 1.5742432771e+02 4.5686183334e-14 1.4951927686e+00 7.2021018725e+00
1.6300000000e+00 1.5742443155e+02 4.6648957034e-14 1.4919697430e+00 7.2683147648e+00
1.6400000000e+00 1.5742452360e+02 5.2082389152e-14 1.4888387103e+00 7.3354469602e+00
1.6500000000e+00 1.5742458834e+02 5.1280076610e-14 1.4866822407e+00 7.4034840583e+00
1.6600000000e+00 1.5742458426e+02 5.3184318264e-14 1.4860919588e+00 7.4724048380e+00
1.6700000000e+00 1.5742449165e+02 4.4409476093e-14 1.4870068019e+00 7.5421890031e+00
1.6800000000e+00 1.5742434954e+02 4.8775699940e-14 1.4885619340e+00 7.6128196242e+00
1.6900000000e+00 1.5742422764e+02 5.8420100127e-14 1.4894463121e+00 7.6842792654e+00
1.7000000000e+00 1.5742417378e+02 5.5205330557e-14 1.4885507202e+00 7.7565425418e+00
1.7100000000e+00 1.5742420592e+02 5.4184371875e-14 1.4854621279e+00 7.8295696140e+00
1.7200000000e+00 1.5742431099e+02 5.6064201648e-14 1.4806332629e+00 7.9033036989e+00
1.7300000000e+00 1.5742443167e+02 5.7224458536e-14 1.4752218068e+00 7.9776735361e+00
1.7400000000e+00 1.5742448216e+02 5.3218520709e-14 1.4705436566e+00 8.0526000332e+00
1.7500000000e+00 1.5742440190e+02 5.5441496547e-14 1.4672745960e+00 8.1280042919e+00
1.7600000000e+00 1.5742420176e+02 5.4852236762e-14 1.4649210634e+00 8.2038129055e+00
1.7700000000e+00 1.5742394996e+02 5.8533528035e-14 1.4619689128e+00 8.2799577947e+00
1.7800000000e+00 1.5742379175e+02 6.1454730572e-14 1.4566530125e+00 8.3563705381e+00
1.7900000000e+00 1.5742397063e+02 5.6885064074e-14 1.4484769608e+00 8.4329721815e+00
1.8000000000e+00 1.5742441622e+02 5.9964891756e-14 1.4401444397e+00 8.5096630383e+00
1.8100000000e+00 1.5742450289e+02 6.4380683526e-14 1.4362180087e+00 8.5863268036e+00
1.8200000000e+00 1.5742422820e+02 6.4276472036e-14 1.4378084578e+00 8.6628609556e+00
1.8300000000e+00 1.5742410969e+02 5.6635331957e-14 1.4423947071e+00 8.7392209861e+00
1.8400000000e+00 1.5742415188e+02 6.1050254578e-14 1.4481649408e+00 8.8154492292e+00
1.8500000000e+00 1.5742415292e+02 6.0452255381e-14 1.4546556684e+00 8.8916669630e+00
1.8600000000e+00 1.5742406461e+02 6.0940044735e-14 1.4612096890e+00 8.9680348402e+00
1.8700000000e+00 1.5742396228e+02 6.5937738122e-14 1.4665086702e+00 9.0447059431e+00
1.8800000000e+00 1.5742394822e+02 6.2435024478e-14 1.4692383197e+00 9.1217906655e+00
1.8900000000e+00 1.5742408722e+02 5.8816212833e-14 1.4690685827e+00 9.1993415104e+00
1.9000000000e+00 1.5742434567e+02 6.5673991182e-14 1.4672203545e+00 9.2773606471e+00
1.9100000000e+00 1.5742455182e+02 7.2371576338e-14 1.4660287950e+00 9.3558292633e+00
1.9200000000e+00 1.5742452919e+02 6.6614214140e-14 1.4672744345e+00 9.4347478507e+00
1.9300000000e+00 1.5742435128e+02 6.5092997035e-14 1.4706309181e+00 9.5141622933e+00
1.9400000000e+00 1.5742421999e+02 7.6581651993e-14 1.4742721006e+00 9.5941552931e+00
1.9500000000e+00 1.5742417850e+02 7.0998051714e-14 1.4766716101e+00 9.6748135274e+00
1.9600000000e+00 1.5742411405e+02 7.1192272346e-14 1.4771708735e+00 9.7561960448e+00
1.9700000000e+00 1.5742387512e+02 7.3709194078e-14 1.4751034450e+00 9.8383103784e+00
1.9800000000e+00 1.5742344901e+02 7.1837542524e-14 1.4686527681e+00 9.9210804492e+00
1.9900000000e+00 1.5742346487e+02 7.4096803675e-14 1.4554964096e+00 1.0004288548e+01
2.0000000000e+00 1.5742496032e+02 7.8394344614e-14 1.4392035284e+00 1.0087524013e+01
2.0100000000e+00 1.5742567440e+02 7.3315773760e-14 1.4348939705e+00 1.0170307418e+01
2.0200000000e+00 1.5742393038e+02 7.7113406193e-14 1.4484360189e+00 1.0252477661e+01
2.0300000000e+00 1.5742313019e+02 7.8531172633e-14 1.4644784689e+00 1.0334334077e+01
2.0400000000e+00 1.5742342083e+02 7.1835462075e-14 1.4725944855e+00 1.0416275963e+01
2.0500000000e+00 1.5742376528e+02 6.9251102564e-14 1.4731538420e+00 1.0498520352e+01
2.0600000000e+00 1.5742408214e+02 7.8216812594e-14 1.4690834157e+00 1.0581092722e+01
2.0700000000e+00 1.5742456701e+02 6.6006721641e-14 1.4640287546e+00 1.0663903481e+01
2.0800000000e+00 1.5742482173e+02 6.8977022700e-14 1.4629392316e+00 1.0746843644e+01
2.0900000000e+00 1.5742441187e+02 7.2265880353e-14 1.4680969357e+00 1.0829900100e+01
2.1000000000e+00 1.5742393944e+02 7.7993015074e-14 1.4757400701e+00 1.0913209108e+01
2.1100000000e+00 1.5742389770e+02 8.0413129912e-14 1.4810352619e+00 1.0996984013e+01
2.1200000000e+00 1.5742410766e+02 7.2810521498e-14 1.4828324355e+00 1.1081408811e+01
2.1300000000e+00 1.5742425798e+02 7.7657083115e-14 1.4826167159e+00 1.1166591863e+01
2.1400000000e+00 1.5742420187e+02 8.1429687705e-14 1.4816632107e+00 1.1252568630e+01
2.1500000000e+00 1.5742400487e+02 6.7723746692e-14 1.4795529563e+00 1.1339311857e+01
2.1600000000e+00 1.5742382392e+02 7.2644397427e-14 1.4747155105e+00 1.1426730004e+01
2.1700000000e+00 1.5742378583e+02 7.0639875717e-14 1.4658820840e+00 1.1514655443e+01
2.1800000000e+00 1.5742402415e+02 7.6895127887e-14 1.4534177225e+00 1.1602835255e+01
2.1900000000e+00 1.5742457011e+02 7.6245697851e-14 1.4404954278e+00 1.1690947786e+01
2.2000000000e+00 1.5742504776e+02 6.6955337174e-14 1.4329410301e+00 1.1778672962e+01
2.2100000000e+00 1.5742494658e+02 7.1247996301e-14 1.4354871697e+00 1.1865811643e+01
2.2200000000e+00 1.5742442019e+02 7.4301401166e-14 1.4473813362e+00 1.1952375409e+01
2.2300000000e+00 1.5742388503e+02 7.5220048734e-14 1.4635092196e+00 1.2038562599e+01
2.2400000000e+00 1.5742349467e+02 7.1476255112e-14 1.4782361975e+00 1.2124647967e+01
2.2500000000e+00 1.5742331453e+02 6.7600026364e-14 1.4873514973e+00 1.2210872279e+01
2.2600000000e+00 1.5742338359e+02 7.5089517946e-14 1.4889361805e+00 1.2297370777e+01
2.2700000000e+00 1.5742373784e+02 7.7016721166e-14 1.4838724808e+00 1.2384141260e+01
2.2800000000e+00 1.5742435044e+02 7.6988468476e-14 1.4761429248e+00 1.2471057190e+01
2.2900000000e+00 1.5742470384e+02 6.7440908629e-14 1.4718527412e+00 1.2557945785e+01
2.3000000000e+00 1.5742432330e+02 7.3160433127e-14 1.4741950081e+00 1.2644717772e+01
2.3100000000e+00 1.5742379946e+02 7.0355648608e-14 1.4796186383e+00 1.2731445153e+01
2.3200000000e+00 1.5742371521e+02 6.2961710917e-14 1.4827578096e+00 1.2818308557e+01
2.3300000000e+00 1.5742396059e+02 6.6166032304e-14 1.4819493510e+00 1.2905496888e+01
2.3400000000e+00 1.5742425591e+02 6.0068920439e-14 1.4788812204e+00 1.2993162850e+01
2.3500000000e+00 1.5742444286e+02 6.2299663233e-14 1.4760806019e+00 1.3081434602e+01
2.3600000000e+00 1.5742449278e+02 6.0722704193e-14 1.4752577340e+00 1.3170437970e+01
2.3700000000e+00 1.5742443441e+02 6.2660878337e-14 1.4768596600e+00 1.3260297660e+01
2.3800000000e+00 1.5742430570e+02 6.3715781842e-14 1.4802567224e+00 1.3351113951e+01
2.3900000000e+00 1.5742418525e+02 6.6073871888e-14 1.4841518818e+00 1.3442935413e+01
2.4000000000e+00 1.5742415511e+02 6.2598767458e-14 1.4873193981e+00 1.3535751714e+01
2.4100000000e+00 1.5742421821e+02 6.6317968005e-14 1.4893591720e+00 1.3629510091e+01
2.4200000000e+00 1.5742429944e+02 6.9975609892e-14 1.4907390054e+00 1.3724140233e+01
2.4300000000e+00 1.5742433377e+02 7.2472672727e-14 1.4921188453e+00 1.3819573894e+01
2.4400000000e+00 1.5742433474e+02 7.7461992696e-14 1.4937588858e+00 1.3915756559e+01
2.4500000000e+00 1.5742436443e+02 7.4051506430e-14 1.4956285611e+00 1.4012654031e+01
2.4600000000e+00 1.5742443861e+02 7.0139543648e-14 1.4979294669e+00 1.4110256072e+01
2.4700000000e+00 1.5742448818e+02 7.2473671924e-14 1.5012262837e+00 1.4208575726e+01
2.4800000000e+00 1.5742442545e+02 7.9920713635e-14 1.5058512226e+00 1.4307639947e+01
2.4900000000e+00 1.5742423011e+02 7.2460523145e-14 1.5111312908e+00 1.4407468400e+01
2.5000000000e+00 1.5742398420e+02 7.3452560036e-14 1.5152805526e+00 1.4508041812e+01
2.5100000000e+00 1.5742386757e+02 7.7663334357e-14 1.5162845241e+00 1.4609264964e+01
2.5200000000e+00 1.5742414760e+02 7.2221522452e-14 1.5137750677e+00 1.4710937996e+01
2.5300000000e+00 1.5742473119e+02 6.7839850648e-14 1.5112005509e+00 1.4812778511e+01
2.5400000000e+00 1.5742478873e+02 7.9920116002e-14 1.5141129273e+00 1.4914551694e+01
2.5500000000e+00 1.5742421569e+02 7.9577050467e-14 1.5230349433e+00 1.5016248527e+01
2.5600000000e+00 1.5742386494e+02 7.8672130102e-14 1.5326423413e+00 1.5118105074e+01
2.5700000000e+00 1.5742393682e+02 8.0880337886e-14 1.5389232116e+00 1.5220436296e+01
2.5800000000e+00 1.5742413689e+02 8.0680908640e-14 1.5417652100e+00 1.5323488393e+01
2.5900000000e+00 1.5742425052e+02 9.2640111999e-14 1.5426729959e+00 1.5427401927e+01
2.6000000000e+00 1.5742424088e+02 8.4278213727e-14 1.5426626020e+00 1.5532234433e+01
2.6100000000e+00 1.5742417833e+02 7.9172700385e-14 1.5417549444e+00 1.5637991380e+01
2.6200000000e+00 1.5742413299e+02 8.0228901649e-14 1.5395339898e+00 1.5744648874e+01
2.6300000000e+00 1.5742414294e+02 9.0099369613e-14 1.5358077225e+00 1.5852166518e+01
2.6400000000e+00 1.5742423362e+02 9.2968583885e-14 1.5310102952e+00 1.5960490360e+01
2.6500000000e+00 1.5742438228e+02 9.5443349338e-14 1.5264180609e+00 1.6069546421e+01
2.6600000000e+00 1.5742446078e+02 8.2454896990e-14 1.5238404277e+00 1.6179231765e+01
2.6700000000e+00 1.5742433904e+02 8.5216849556e-14 1.5244113347e+00 1.6289418496e+01
2.6800000000e+00 1.5742414144e+02 8.3861991611e-14 1.5275085100e+00 1.6399977593e+01
2.6900000000e+00 1.5742414990e+02 8.0966644004e-14 1.5318686426e+00 1.6510808465e+01
2.7000000000e+00 1.5742420543e+02 8.0297623791e-14 1.5376560788e+00 1.6621868087e+01
2.7100000000e+00 1.5742397698e+02 8.7787757301e-14 1.5450236434e+00 1.6733205347e+01
2.7200000000e+00 1.5742369640e+02 7.8423191032e-14 1.5516045314e+00 1.6844960377e+01
2.7300000000e+00 1.5742361131e+02 8.1331774450e-14 1.5543719965e+00 1.6957292837e+01
2.7400000000e+00 1.5742365294e+02 7.4927470578e-14 1.5520367389e+00 1.7070296403e+01
2.7500000000e+00 1.5742376701e+02 7.4290202664e-14 1.5448777887e+00 1.7183964224e+01
2.7600000000e+00 1.5742398907e+02 7.9565200247e-14 1.5342812716e+00 1.7298200305e+01
2.7700000000e+00 1.5742433144e+02 7.5478857512e-14 1.5229308361e+00 1.7412846990e+01
2.7800000000e+00 1.5742468878e+02 7.1325845973e-14 1.5146942042e+00 1.7527716459e+01
2.7900000000e+00 1.5742477806e+02 7.2241658549e-14 1.5133036715e+00 1.7642630144e+01
2.8000000000e+00 1.5742438408e+02 6.7370323749e-14 1.5195820389e+00 1.7757463447e+01
2.8100000000e+00 1.5742378685e+02 7.6536894325e-14 1.5296503083e+00 1.7872168048e+01
2.8200000000e+00 1.5742347733e+02 7.2145449492e-14 1.5375643379e+00 1.7986744472e+01
2.8300000000e+00 1.5742361926e+02 7.0510700445e-14 1.5398880789e+00 1.8101187345e+01
2.8400000000e+00 1.5742405984e+02 7.1606544927e-14 1.5375249949e+00 1.8215457150e+01
2.8500000000e+00 1.5742444274e+02 6.8025784625e-14 1.5342830312e+00 1.8329502552e+01
2.8600000000e+00 1.5742448572e+02 6.9363976735e-14 1.5334801126e+00 1.8443309494e+01
2.8700000000e+00 1.5742431730e+02 7.2448156199e-14 1.5353932451e+00 1.8556931931e+01
2.8800000000e+00 1.5742418966e+02 8.2570145822e-14 1.5382233862e+00 1.8670483216e+01
2.8900000000e+00 1.5742413402e+02 7.7630871367e-14 1.5403262380e+00 1.8784106667e+01
2.9000000000e+00 1.5742409674e+02 8.1473427513e-14 1.5407594911e+00 1.8897946543e+01
2.9100000000e+00 1.5742409252e+02 8.3974263531e-14 1.5389459680e+00 1.9012121832e+01
2.9200000000e+00 1.5742417353e+02 8.2533713818e-14 1.5347794700e+00 1.9126703310e+01
2.9300000000e+00 1.5742436009e+02 8.5787415161e-14 1.5290645146e+00 1.9241702061e+01
2.9400000000e+00 1.5742457671e+02 9.2606443727e-14 1.5236126309e+00 1.9357078238e+01
2.9500000000e+00 1.5742467699e+02 9.8507005252e-14 1.5204611645e+00 1.9472770891e+01
2.9600000000e+00 1.5742458983e+02 8.5898838624e-14 1.5205260844e+00 1.9588735928e+01
2.9700000000e+00 1.5742436980e+02 9.4043426817e-14 1.5229393331e+00 1.9704970206e+01
2.9800000000e+00 1.5742411247e+02 1.0240903238e-13 1.5255671228e+00 1.9821508094e+01
2.9900000000e+00 1.5742390382e+02 8.6929541182e-14 1.5259735852e+00 1.9938395609e+01
3.0000000000e+00 1.5742382443e+02 8.5092927659e-14 1.5223298423e+00 2.0055659444e+01
3.0100000000e+00 1.5742395998e+02 7.7991409278e-14 1.5142824104e+00 2.0173288503e+01
3.0200000000e+00 1.5742432859e+02 8.6951161840e-14 1.5037647205e+00 2.0291233147e+01
3.0300000000e+00 1.5742463266e+02 7.5921093911e-14 1.4948439959e+00 2.0409410605e+01
3.0400000000e+00 1.5742449952e+02 8.2954806298e-14 1.4907373908e+00 2.0527704691e+01
3.0500000000e+00 1.5742428155e+02 9.1242366932e-14 1.4907686610e+00 2.0645969026e+01
3.0600000000e+00 1.5742433078e+02 9.4101766123e-14 1.4930852609e+00 2.0764059011e+01
3.0700000000e+00 1.5742430319e+02 8.7210845332e-14 1.4975118624e+00 2.0881903307e+01
3.0800000000e+00 1.5742407355e+02 9.5793977419e-14 1.5031735485e+00 2.0999568239e+01
3.0900000000e+00 1.5742392186e+02 9.2929977963e-14 1.5075134451e+00 2.1117240649e+01
3.1000000000e+00 1.5742394776e+02 9.9091743119e-14 1.5086215982e+00 2.1235140230e+01
3.1100000000e+00 1.5742405319e+02 9.8884729687e-14 1.5063524241e+00 2.1353439929e+01
3.1200000000e+00 1.5742414955e+02 8.2333349052e-14 1.5016241322e+00 2.1472226348e+01
3.1300000000e+00 1.5742422132e+02 7.3611805330e-14 1.4955560640e+00 2.1591481228e+01
3.1400000000e+00 1.5742436880e+02 8.1280249567e-14 1.4893211746e+00 2.1711072585e+01
3.1500000000e+00 1.5742463526e+02 7.9153315308e-14 1.4848926424e+00 2.1830779164e+01
3.1600000000e+00 1.5742470284e+02 8.3004597673e-14 1.4850063840e+00 2.1950385443e+01
3.1700000000e+00 1.5742435286e+02 9.0837837942e-14 1.4903243923e+00 2.2069816907e+01
3.1800000000e+00 1.5742395563e+02 8.5540882888e-14 1.4977265363e+00 2.2189187741e+01
3.1900000000e+00 1.5742381541e+02 7.8126970888e-14 1.5033775492e+00 2.2308706296e+01
3.2000000000e+00 1.5742389321e+02 7.6851996271e-14 1.5056475890e+00 2.2428552129e+01
3.2100000000e+00 1.5742409314e+02 8.8118160872e-14 1.5051208690e+00 2.2548825247e+01
3.2200000000e+00 1.5742432101e+02 8.6884510420e-14 1.5037287957e+00 2.2669559790e+01
3.2300000000e+00 1.5742441076e+02 8.1575879626e-14 1.5037196984e+00 2.2790761255e+01
3.2400000000e+00 1.5742422440e+02 6.8757255652e-14 1.5060687677e+00 2.2912443926e+01
3.2500000000e+00 1.5742384600e+02 5.9106865182e-14 1.5093057104e+00 2.3034660455e+01
3.2600000000e+00 1.5742358022e+02 5.2483496375e-14 1.5103774616e+00 2.3157517122e+01
3.2700000000e+00 1.5742375964e+02 5.8514230523e-14 1.5075377122e+00 2.3281163729e+01
3.2800000000e+00 1.5742424269e+02 5.9822196800e-14 1.5030987282e+00 2.3405752819e+01
3.2900000000e+00 1.5742431285e+02 5.7060819348e-14 1.5016429161e+00 2.3531380874e+01
3.3000000000e+00 1.5742408303e+02 6.4862588947e-14 1.5041927764e+00 2.3658043291e+01
3.3100000000e+00 1.5742411732e+02 7.0135346484e-14 1.5088780879e+00 2.3785649196e+01
3.3200000000e+00 1.5742413560e+02 7.3065918882e-14 1.5152104662e+00 2.3914102002e+01
3.3300000000e+00 1.5742395662e+02 7.0412476406e-14 1.5224789828e+00 2.4043369098e+01
3.3400000000e+00 1.5742380879e+02 7.6038627057e-14 1.5283840658e+00 2.4173474881e+01
3.3500000000e+00 1.5742381361e+02 7.5742031579e-14 1.5309317868e+00 2.4304442895e+01
3.3600000000e+00 1.5742396287e+02 7.5719591036e-14 1.5297483150e+00 2.4436246903e+01
3.3700000000e+00 1.5742424726e+02 8.6648977462e-14 1.5261583089e+00 2.4568796673e+01
3.3800000000e+00 1.5742453517e+02 8.0367341595e-14 1.5229088978e+00 2.4701959325e+01
3.3900000000e+00 1.5742452116e+02 7.7984000687e-14 1.5226279165e+00 2.4835608693e+01
3.4000000000e+00 1.5742418420e+02 8.7028544548e-14 1.5250957095e+00 2.4969670520e+01
3.4100000000e+00 1.5742386618e+02 9.1981977590e-14 1.5270873873e+00 2.5104119351e+01
3.4200000000e+00 1.5742375287e+02 7.7043798605e-14 1.5253551044e+00 2.5238930940e+01
3.4300000000e+00 1.5742382030e+02 8.0975549258e-14 1.5186042951e+00 2.5374037914e+01
3.4400000000e+00 1.5742406591e+02 8.3611975095e-14 1.5076001430e+00 2.5509316219e+01
3.4500000000e+00 1.5742447482e+02 8.0031988243e-14 1.4950879148e+00 2.5644601323e+01
3.4600000000e+00 1.5742480835e+02 8.4733003862e-14 1.4853058822e+00 2.5779729665e+01
3.4700000000e+00 1.5742472797e+02 8.1888280935e-14 1.4815591090e+00 2.5914592373e+01
3.4800000000e+00 1.5742431590e+02 7.3786494678e-14 1.4832650725e+00 2.6049162353e+01
3.4900000000e+00 1.5742402684e+02 8.0051487740e-14 1.4867224889e+00 2.6183460580e+01
3.5000000000e+00 1.5742411520e+02 8.0825627772e-14 1.4891656295e+00 2.6317490894e+01
3.5100000000e+00 1.5742438599e+02 8.4706397200e-14 1.4911544449e+00 2.6451216974e+01
3.5200000000e+00 1.5742441412e+02 7.9139045949e-14 1.4948104487e+00 2.6584614796e+01
3.5300000000e+00 1.5742413819e+02 8.3080667638e-14 1.5001380098e+00 2.6717743502e+01
3.5400000000e+00 1.5742387153e+02 9.1520718373e-14 1.5044513663e+00 2.6850741921e+01
3.5500000000e+00 1.5742376289e+02 9.1375621024e-14 1.5050598488e+00 2.6983747320e+01
3.5600000000e+00 1.5742372778e+02 9.6637006580e-14 1.5008568385e+00 2.7116814512e+01
3.5700000000e+00 1.5742363928e+02 8.4456162162e-14 1.4918107836e+00 2.7249871949e+01
3.5800000000e+00 1.5742353269e+02 8.8133878463e-14 1.4780181341e+00 2.7382681634e+01
3.5900000000e+00 1.5742395113e+02 7.9840397997e-14 1.4604970950e+00 2.7514771570e+01
3.6000000000e+00 1.5742512583e+02 7.8830232516e-14 1.4457977930e+00 2.7645436947e+01
3.6100000000e+00 1.5742489130e+02 8.6473635044e-14 1.4450419707e+00 2.7774071887e+01
3.6200000000e+00 1.5742340077e+02 7.5685133993e-14 1.4562574637e+00 2.7900706458e+01
3.6300000000e+00 1.5742321505e+02 7.5557120902e-14 1.4660781225e+00 2.8025947676e+01
3.6400000000e+00 1.5742391307e+02 7.7923421400e-14 1.4705902827e+00 2.8150390899e+01
3.6500000000e+00 1.5742431797e+02 7.3069398161e-14 1.4743666002e+00 2.8274349464e+01
3.6600000000e+00 1.5742428257e+02 6.6891282738e-14 1.4803360781e+00 2.8397972572e+01
3.6700000000e+00 1.5742412790e+02 6.1366516914e-14 1.4875752247e+00 2.8521408404e+01
3.6800000000e+00 1.5742402862e+02 6.2531112813e-14 1.4939311704e+00 2.8644851790e+01
3.6900000000e+00 1.5742402009e+02 6.2882766515e-14 1.4978418825e+00 2.8768498373e+01
3.7000000000e+00 1.5742407919e+02 6.4815848048e-14 1.4988015540e+00 2.8892485172e+01
3.7100000000e+00 1.5742416169e+02 6.9763737313e-14 1.4971530516e+00 2.9016865963e+01
3.7200000000e+00 1.5742423897e+02 6.3068705653e-14 1.4936448652e+00 2.9141620597e+01
3.7300000000e+00 1.5742433383e+02 7.0365130393e-14 1.4891662469e+00 2.9266677858e+01
3.7400000000e+00 1.5742443550e+02 6.6700222953e-14 1.4848250486e+00 2.9391937456e+01
3.7500000000e+00 1.5742444010e+02 6.1782814055e-14 1.4817172589e+00 2.9517287412e+01
3.7600000000e+00 1.5742431279e+02 6.2610500610e-14 1.4800040815e+00 2.9642612874e+01
3.7700000000e+00 1.5742419612e+02 6.3012296884e-14 1.4786714269e+00 2.9767789999e+01
3.7800000000e+00 1.5742418940e+02 7.6823101387e-14 1.4767350596e+00 2.9892673551e+01
3.7900000000e+00 1.5742421067e+02 6.5710315569e-14 1.4741337793e+00 3.0017100094e+01
3.8000000000e+00 1.5742417543e+02 6.9763913994e-14 1.4711330552e+00 3.0140908877e+01
3.8100000000e+00 1.5742418539e+02 6.7985547371e-14 1.4676556127e+00 3.0263954968e+01
3.8200000000e+00 1.5742439722e+02 7.0758081035e-14 1.4641602101e+00 3.0386104102e+01
3.8300000000e+00 1.5742470043e+02 7.4130169991e-14 1.4628282278e+00 3.0507246002e+01
3.8400000000e+00 1.5742475321e+02 6.0628571886e-14 1.4664286529e+00 3.0627360437e+01
3.8500000000e+00 1.5742443278e+02 6.5095245635e-14 1.4753203443e+00 3.0746590174e+01
3.8600000000e+00 1.5742395585e+02 5.9274187603e-14 1.4863812504e+00 3.0865224288e+01
3.8700000000e+00 1.5742349296e+02 6.0244057110e-14 1.4949395025e+00 3.0983568910e+01
3.8800000000e+00 1.5742301919e+02 5.7209378790e-14 1.4966008808e+00 3.1101770027e+01
3.8900000000e+00 1.5742274358e+02 5.7147220399e-14 1.4877741291e+00 3.1219631096e+01
3.9000000000e+00 1.5742366394e+02 6.8563805816e-14 1.4686863690e+00 3.1336449252e+01
3.9100000000e+00 1.5742523789e+02 6.6865301602e-14 1.4509693677e+00 3.1451083869e+01
3.9200000000e+00 1.5742448256e+02 6.7340678001e-14 1.4491459456e+00 3.1562609995e+01
3.9300000000e+00 1.5742363404e+02 6.8382984953e-14 1.4584767078e+00 3.1670994858e+01
3.9400000000e+00 1.5742361129e+02 6.5539753836e-14 1.4698361633e+00 3.1776829974e+01
3.9500000000e+00 1.5742346342e+02 7.6832852870e-14 1.4800980229e+00 3.1880836876e+01
3.9600000000e+00 1.5742365042e+02 8.6404332836e-14 1.4865883812e+00 3.1983688299e+01
3.9700000000e+00 1.5742403776e+02 8.8358705586e-14 1.4896505412e+00 3.2085883543e+01
3.9800000000e+00 1.5742417866e+02 8.4466856515e-14 1.4918065893e+00 3.2187726560e+01
3.9900000000e+00 1.5742406010e+02 9.2421286550e-14 1.4939229928e+00 3.2289410854e+01
4.0000000000e+00 1.5742387320e+02 7.9974063276e-14 1.4947218037e+00 3.2391083081e+01
4.0100000000e+00 1.5742370565e+02 8.7864034971e-14 1.4923914353e+00 3.2492850874e+01
4.0200000000e+00 1.5742361101e+02 8.0848739022e-14 1.4855875143e+00 3.2594773868e+01
4.0300000000e+00 1.5742380625e+02 7.8784250276e-14 1.4742054510e+00 3.2696858524e+01
4.0400000000e+00 1.5742444060e+02 8.7601961149e-14 1.4612335860e+00 3.2799054881e+01
4.0500000000e+00 1.5742501524e+02 8.1789037673e-14 1.4533391512e+00 3.2901271798e+01
4.0600000000e+00 1.5742490716e+02 8.6525504047e-14 1.4559881655e+00 3.3003436929e+01
4.0700000000e+00 1.5742430270e+02 9.1000505518e-14 1.4679735497e+00 3.3105573958e+01
4.0800000000e+00 1.5742381655e+02 9.6061309407e-14 1.4830174247e+00 3.3207821506e+01
4.0900000000e+00 1.5742375123e+02 9.2165431404e-14 1.4955462310e+00 3.3310371556e+01
4.1000000000e+00 1.5742389234e+02 8.7075085594e-14 1.5037524455e+00 3.3413395908e+01
4.1100000000e+00 1.5742398268e+02 9.5730135097e-14 1.5081231843e+00 3.3517019221e+01
4.1200000000e+00 1.5742398711e+02 9.7697686412e-14 1.5092033246e+00 3.3621322973e+01
4.1300000000e+00 1.5742399746e+02 9.8531817485e-14 1.5071080343e+00 3.3726345465e+01
4.1400000000e+00 1.5742414145e+02 9.5248954869e-14 1.5023161811e+00 3.3832070059e+01
4.1500000000e+00 1.5742444111e+02 9.1256107831e-14 1.4967310673e+00 3.3938416167e+01
4.1600000000e+00 1.5742458507e+02 8.9473618768e-14 1.4935029485e+00 3.4045251886e+01
4.1700000000e+00 1.5742429409e+02 8.7465971750e-14 1.4940643443e+00 3.4152426079e+01
4.1800000000e+00 1.5742391376e+02 8.5766080491e-14 1.4959136154e+00 3.4259779543e+01
4.1900000000e+00 1.5742385731e+02 8.2570001208e-14 1.4955634463e+00 3.4367109417e+01
4.2000000000e+00 1.5742411251e+02 8.6834743620e-14 1.4923761655e+00 3.4474141654e+01
4.2100000000e+00 1.5742435117e+02 8.6045306412e-14 1.4886418527e+00 3.4580599196e+01
4.2200000000e+00 1.5742428647e+02 8.7758111489e-14 1.4865424205e+00 3.4686369949e+01
4.2300000000e+00 1.5742408453e+02 8.3749316224e-14 1.4856221259e+00 3.4791633446e+01
4.2400000000e+00 1.5742403426e+02 8.4584464350e-14 1.4840968759e+00 3.4896803672e+01
4.2500000000e+00 1.5742411438e+02 8.0004689629e-14 1.4813740878e+00 3.5002349381e+01
4.2600000000e+00 1.5742415975e+02 8.2971542339e-14 1.4781069068e+00 3.5108649830e+01
4.2700000000e+00 1.5742411512e+02 7.7823170689e-14 1.4748361927e+00 3.5215938475e+01
4.2800000000e+00 1.5742405645e+02 8.0310901030e-14 1.4714510940e+00 3.5324301215e+01
4.2900000000e+00 1.5742411234e+02 6.3809489216e-14 1.4678753082e+00 3.5433697171e+01
4.3000000000e+00 1.5742429209e+02 6.5821762380e-14 1.4651086936e+00 3.5543991624e+01
4.3100000000e+00 1.5742438124e+02 6.0175957054e-14 1.4650846704e+00 3.5654999172e+01
4.3200000000e+00 1.5742423518e+02 6.5434477748e-14 1.4686881782e+00 3.5766529917e+01
4.3300000000e+00 1.5742400789e+02 5.9133063318e-14 1.4744699497e+00 3.5878422637e+01
4.3400000000e+00 1.5742392858e+02 6.2161423724e-14 1.4800234176e+00 3.5990553912e+01
4.3500000000e+00 1.5742401680e+02 6.7087279263e-14 1.4841473503e+00 3.6102833194e+01
4.3600000000e+00 1.5742408913e+02 6.8495362240e-14 1.4871570956e+00 3.6215204584e+01
4.3700000000e+00 1.5742406516e+02 7.5266657796e-14 1.4893971952e+00 3.6327654010e+01
4.3800000000e+00 1.5742404775e+02 7.5532382901e-14 1.4905047609e+00 3.6440198554e+01
4.3900000000e+00 1.5742412122e+02 7.5760103603e-14 1.4902024177e+00 3.6552857227e+01
4.4000000000e+00 1.5742426785e+02 7.7415226688e-14 1.4890517068e+00 3.6665633082e+01
4.4100000000e+00 1.5742437184e+02 6.9404564016e-14 1.4882587329e+00 3.6778526554e+01
4.4200000000e+00 1.5742428591e+02 6.5000740772e-14 1.4885994043e+00 3.6891566434e+01
4.4300000000e+00 1.5742402887e+02 7.0919270573e-14 1.4892154684e+00 3.7004824246e+01
4.4400000000e+00 1.5742381321e+02 7.2165847337e-14 1.4878697462e+00 3.7118389137e+01
4.4500000000e+00 1.5742385191e+02 6.8575759708e-14 1.4828905178e+00 3.7232313790e+01
4.4600000000e+00 1.5742421056e+02 6.5396356856e-14 1.4751573072e+00 3.7346559529e+01
4.4700000000e+00 1.5742468802e+02 7.0390788311e-14 1.4685418080e+00 3.7460967543e+01
4.4800000000e+00 1.5742486606e+02 6.8567116095e-14 1.4677661828e+00 3.7575292644e+01
4.4900000000e+00 1.5742452371e+02 6.8232724712e-14 1.4745105264e+00 3.7689322272e+01
4.5000000000e+00 1.5742392371e+02 7.1079142177e-14 1.4854592354e+00 3.7803008021e+01
4.5100000000e+00 1.5742350005e+02 6.5998101960e-14 1.4947526729e+00 3.7916476404e+01
4.5200000000e+00 1.5742342618e+02 6.5785302283e-14 1.4980885993e+00 3.8029907289e+01
4.5300000000e+00 1.5742362958e+02 6.8679558398e-14 1.4946408145e+00 3.8143398946e+01
4.5400000000e+00 1.5742396534e+02 6.4921810250e-14 1.4865225708e+00 3.8256905977e+01
4.5500000000e+00 1.5742435945e+02 6.8887666837e-14 1.4773658735e+00 3.8370263686e+01
4.5600000000e+00 1.5742464340e+02 6.9009320113e-14 1.4712827643e+00 3.8483295982e+01
4.5700000000e+00 1.5742445257e+02 6.4704369073e-14 1.4709644943e+00 3.8595963972e+01
4.5800000000e+00 1.5742391538e+02 6.3467928283e-14 1.4748400970e+00 3.8708404598e+01
4.5900000000e+00 1.5742358012e+02 7.6182700511e-14 1.4783058956e+00 3.8820756205e+01
4.6000000000e+00 1.5742383163e+02 6.9086441980e-14 1.4786329458e+00 3.8932932290e+01
4.6100000000e+00 1.5742437685e+02 5.9701306121e-14 1.4783316863e+00 3.9044603215e+01
4.6200000000e+00 1.5742425497e+02 6.0442235389e-14 1.4819034987e+00 3.9155467344e+01
4.6300000000e+00 1.5742359537e+02 6.4438741259e-14 1.4879560509e+00 3.9265544854e+01
4.6400000000e+00 1.5742304432e+02 6.2091587787e-14 1.4901068950e+00 3.9375091830e+01
4.6500000000e+00 1.5742248742e+02 6.8882964218e-14 1.4827656028e+00 3.9484202011e+01
4.6600000000e+00 1.5742249210e+02 7.4410125536e-14 1.4622760230e+00 3.9592431046e+01
4.6700000000e+00 1.5742437025e+02 6.9077845518e-14 1.4333435789e+00 3.9698632213e+01
4.6800000000e+00 1.5742520809e+02 7.6618626764e-14 1.4155066375e+00 3.9801446627e+01
4.6900000000e+00 1.5742412325e+02 7.8988311064e-14 1.4180211111e+00 3.9900549005e+01
4.7000000000e+00 1.5742344797e+02 6.9630458517e-14 1.4312615140e+00 3.9996960269e+01
4.7100000000e+00 1.5742323806e+02 7.3759558349e-14 1.4455707448e+00 4.0092016309e+01
4.7200000000e+00 1.5742371035e+02 6.9969268334e-14 1.4563470179e+00 4.0186687798e+01
4.7300000000e+00 1.5742405307e+02 7.5817117346e-14 1.4652063895e+00 4.0281554199e+01
4.7400000000e+00 1.5742404323e+02 7.0124647178e-14 1.4737602654e+00 4.0376962378e+01
4.7500000000e+00 1.5742399873e+02 7.4266166844e-14 1.4810569999e+00 4.0473144610e+01
4.7600000000e+00 1.5742401907e+02 8.0926010868e-14 1.4859021563e+00 4.0570269858e+01
4.7700000000e+00 1.5742400916e+02 7.7961406313e-14 1.4878951738e+00 4.0668460251e+01
4.7800000000e+00 1.5742389196e+02 8.2410890463e-14 1.4867097673e+00 4.0767789331e+01
4.7900000000e+00 1.5742375212e+02 7.7504025702e-14 1.4815055582e+00 4.0868264643e+01
4.8000000000e+00 1.5742399137e+02 8.4114177469e-14 1.4719571137e+00 4.0969804887e+01
4.8100000000e+00 1.5742488705e+02 8.5682042974e-14 1.4618143525e+00 4.1072245295e+01
4.8200000000e+00 1.5742526692e+02 9.0816320819e-14 1.4597863274e+00 4.1175418889e+01
4.8300000000e+00 1.5742445320e+02 9.2927749013e-14 1.4691264989e+00 4.1279278446e+01
4.8400000000e+00 1.5742387283e+02 9.5791661305e-14 1.4825223967e+00 4.1383904100e+01
4.8500000000e+00 1.5742390868e+02 9.3681909716e-14 1.4933412375e+00 4.1489389118e+01
4.8600000000e+00 1.5742408380e+02 9.3122516617e-14 1.5004437000e+00 4.1595766257e+01
4.8700000000e+00 1.5742418830e+02 9.6745744683e-14 1.5047450521e+00 4.1703011080e+01
4.8800000000e+00 1.5742422338e+02 8.3642043062e-14 1.5069628184e+00 4.1811064846e+01
4.8900000000e+00 1.5742422815e+02 8.3207512401e-14 1.5073950310e+00 4.1919850483e+01
4.9000000000e+00 1.5742420766e+02 8.7284260088e-14 1.5061440299e+00 4.2029283792e+01
4.9100000000e+00 1.5742416223e+02 7.9180197205e-14 1.5031764184e+00 4.2139284840e+01
4.9200000000e+00 1.5742412182e+02 8.2038687883e-14 1.4983510841e+00 4.2249789337e+01
4.9300000000e+00 1.5742415280e+02 8.4586044526e-14 1.4917380958e+00 4.2360757136e+01
4.9400000000e+00 1.5742427796e+02 9.0800786519e-14 1.4842009868e+00 4.2472176622e+01
4.9500000000e+00 1.5742436778e+02 8.7910877467e-14 1.4774953118e+00 4.2584064517e+01
4.9600000000e+00 1.5742420739e+02 8.5299020943e-14 1.4730292191e+00 4.2696452760e+01
4.9700000000e+00 1.5742379772e+02 8.0111650227e-14 1.4700612121e+00 4.2809343220e+01
4.9800000000e+00 1.5742357846e+02 7.5162857224e-14 1.4660044731e+00 4.2922622551e+01
4.9900000000e+00 1.5742409976e+02 7.0283080489e-14 1.4605671613e+00 4.3035981337e+01
5.0000000000e+00 1.5742466949e+02 6.4060253346e-14 1.4595776289e+00 4.3148950651e+01
5.0100000000e+00 1.5742413428e+02 6.3869771037e-14 1.4680859679e+00 4.3261121613e+01
5.0200000000e+00 1.5742364364e+02 6.3928026147e-14 1.4815863450e+00 4.3372330970e+01
5.0300000000e+00 1.5742376252e+02 5.5296351583e-14 1.4945055954e+00 4.3482585256e+01
5.0400000000e+00 1.5742386968e+02 6.1524013391e-14 1.5060278945e+00 4.3591929007e+01
5.0500000000e+00 1.5742395569e+02 6.0644833920e-14 1.5161281793e+00 4.3700430851e+01
5.0600000000e+00 1.5742405838e+02 5.9440391007e-14 1.5247619398e+00 4.3808220369e+01
5.0700000000e+00 1.5742408223e+02 6.0512171009e-14 1.5320497842e+00 4.3915524821e+01
5.0800000000e+00 1.5742407284e+02 6.0916172957e-14 1.5376217028e+00 4.4022662649e+01
5.0900000000e+00 1.5742407932e+02 6.8277903651e-14 1.5409355802e+00 4.4129979139e+01
5.1000000000e+00 1.5742408630e+02 7.0108100683e-14 1.5417346092e+00 4.4237772104e+01
5.1100000000e+00 1.5742405774e+02 7.1552215904e-14 1.5399497633e+00 4.4346242973e+01
5.1200000000e+00 1.5742397515e+02 8.2713403594e-14 1.5354195260e+00 4.4455465010e+01
5.1300000000e+00 1.5742384649e+02 8.1119324890e-14 1.5277438198e+00 4.4565348974e+01
5.1400000000e+00 1.5742378539e+02 6.9222739453e-14 1.5164991391e+00 4.4675602352e+01
5.1500000000e+00 1.5742412822e+02 7.9295809386e-14 1.5025466120e+00 4.4785709041e+01
5.1600000000e+00 1.5742495476e+02 7.4430331952e-14 1.4908498318e+00 4.4894996309e+01
5.1700000000e+00 1.5742510702e+02 7.9132114745e-14 1.4896910936e+00 4.5002858596e+01
5.1800000000e+00 1.5742415577e+02 7.9317490674e-14 1.5004073521e+00 4.5109048284e+01
5.1900000000e+00 1.5742352862e+02 8.7704597400e-14 1.5142022526e+00 4.5213728619e+01
5.2000000000e+00 1.5742362835e+02 8.5435034188e-14 1.5238570773e+00 4.5317224098e+01
5.2100000000e+00 1.5742395888e+02 8.8384421973e-14 1.5287168023e+00 4.5419783285e+01
5.2200000000e+00 1.5742420265e+02 8.8288701666e-14 1.5309908236e+00 4.5521521922e+01
5.2300000000e+00 1.5742430922e+02 9.0793506784e-14 1.5325806980e+00 4.5622480160e+01
5.2400000000e+00 1.5742432049e+02 8.5913186807e-14 1.5342838581e+00 4.5722712816e+01
5.2500000000e+00 1.5742430153e+02 9.8075181645e-14 1.5360760281e+00 4.5822365184e+01
5.2600000000e+00 1.5742431697e+02 9.1343291517e-14 1.5376865410e+00 4.5921696860e+01
5.2700000000e+00 1.5742438488e+02 9.9903355794e-14 1.5391966352e+00 4.6021042325e+01
5.2800000000e+00 1.5742444180e+02 9.4766493909e-14 1.5411553730e+00 4.6120740050e+01
5.2900000000e+00 1.5742442191e+02 9.9976122758e-14 1.5440146133e+00 4.6221073103e+01
5.3000000000e+00 1.5742433364e+02 9.8415932775e-14 1.5475336487e+00 4.6322238244e+01
5.3100000000e+00 1.5742423360e+02 1.0052148347e-13 1.5508326032e+00 4.6424336075e+01
5.3200000000e+00 1.5742416421e+02 1.0055783375e-13 1.5529255778e+00 4.6527370987e+01
5.3300000000e+00 1.5742412428e+02 1.0251753962e-13 1.5531363533e+00 4.6631256730e+01
5.3400000000e+00 1.5742408225e+02 1.0640061448e-13 1.5511500624e+00 4.6735828788e+01
5.3500000000e+00 1.5742396925e+02 1.0111157723e-13 1.5467478578e+00 4.6840865402e+01
5.3600000000e+00 1.5742368037e+02 9.9850288835e-14 1.5392055306e+00 4.6946115592e+01
5.3700000000e+00 1.5742321038e+02 9.8950024571e-14 1.5265305985e+00 4.7051324223e+01
5.3800000000e+00 1.5742305956e+02 9.7907634634e-14 1.5060457095e+00 4.7156236276e+01
5.3900000000e+00 1.5742425080e+02 9.5069649395e-14 1.4796685118e+00 4.7260578290e+01
5.4000000000e+00 1.5742578108e+02 9.4976448889e-14 1.4611723827e+00 4.7364073791e+01
5.4100000000e+00 1.5742490415e+02 9.1375132035e-14 1.4645903270e+00 4.7466568995e+01
5.4200000000e+00 1.5742338893e+02 9.0948952469e-14 1.4827097792e+00 4.7568161253e+01
5.4300000000e+00 1.5742322956e+02 9.3617017948e-14 1.5004205918e+00 4.7669129283e+01
5.4400000000e+00 1.5742368594e+02 9.2645367404e-14 1.5132265723e+00 4.7769770676e+01
5.4500000000e+00 1.5742393049e+02 9.4185134107e-14 1.5232827876e+00 4.7870336728e+01
5.4600000000e+00 1.5742390330e+02 9.1608672236e-14 1.5318455004e+00 4.7971040651e+01
5.4700000000e+00 1.5742375389e+02 9.3651836489e-14 1.5380092078e+00 4.8072057125e+01
5.4800000000e+00 1.5742353059e+02 9.3520656446e-14 1.5399200756e+00 4.8173499576e+01
5.4900000000e+00 1.5742322065e+02 9.9812013758e-14 1.5354149041e+00 4.8275387215e+01
5.5000000000e+00 1.5742311760e+02 9.6184087000e-14 1.5224682136e+00 4.8377598835e+01
5.5100000000e+00 1.5742420093e+02 9.4452252367e-14 1.5027197639e+00 4.8479824866e+01
5.5200000000e+00 1.5742565721e+02 9.8473778253e-14 1.4884835956e+00 4.8581635696e+01
5.5300000000e+00 1.5742463798e+02 1.0622861980e-13 1.4922990056e+00 4.8682825610e+01
5.5400000000e+00 1.5742339150e+02 1.0053521598e-13 1.5057168312e+00 4.8783697391e+01
5.5500000000e+00 1.5742336223e+02 1.0255744907e-13 1.5155086501e+00 4.8884797957e+01
5.5600000000e+00 1.5742362386e+02 1.0021108199e-13 1.5184909084e+00 4.8986540919e+01
5.5700000000e+00 1.5742378546e+02 9.4057580944e-14 1.5158036346e+00 4.9089131673e+01
5.5800000000e+00 1.5742392189e+02 9.2446651977e-14 1.5087463302e+00 4.9192643008e+01
5.5900000000e+00 1.5742424335e+02 9.8485230631e-14 1.4990210630e+00 4.9297088162e+01
5.6000000000e+00 1.5742475052e+02 1.0282445487e-13 1.4902624849e+00 4.9402464201e+01
5.6100000000e+00 1.5742491325e+02 9.9278337955e-14 1.4874040173e+00 4.9508768258e+01
5.6200000000e+00 1.5742444461e+02 9.8480975258e-14 1.4919225254e+00 4.9615990807e+01
5.6300000000e+00 1.5742386749e+02 9.8201470170e-14 1.4995418776e+00 4.9724104592e+01
5.6400000000e+00 1.5742359655e+02 1.0180424292e-13 1.5046374830e+00 4.9833065542e+01
5.6500000000e+00 1.5742370912e+02 9.2063466169e-14 1.5044660486e+00 4.9942816087e+01
5.6600000000e+00 1.5742415325e+02 9.1773818118e-14 1.5003091058e+00 5.0053279607e+01
5.6700000000e+00 1.5742447742e+02 8.9210824196e-14 1.4965701920e+00 5.0164351052e+01
5.6800000000e+00 1.5742427292e+02 9.8800430559e-14 1.4964046532e+00 5.0275890020e+01
5.6900000000e+00 1.5742406117e+02 9.7474862869e-14 1.4984272896e+00 5.0387714944e+01
5.7000000000e+00 1.5742424156e+02 9.7629518184e-14 1.5008239877e+00 5.0499612424e+01
5.7100000000e+00 1.5742432917e+02 9.9285787006e-14 1.5046509177e+00 5.0611396835e+01
5.7200000000e+00 1.5742404706e+02 1.0104133587e-13 1.5101603228e+00 5.0723000948e+01
5.7300000000e+00 1.5742377356e+02 1.0085129621e-13 1.5145182910e+00 5.0834497214e+01
5.7400000000e+00 1.5742370338e+02 9.8922055226e-14 1.5148207771e+00 5.0946016106e+01
5.7500000000e+00 1.5742368530e+02 1.0217878061e-13 1.5100946641e+00 5.1057649912e+01
5.7600000000e+00 1.5742364502e+02 1.0061942452e-13 1.5003961403e+00 5.1169403401e+01
5.7700000000e+00 1.5742393835e+02 9.6189469132e-14 1.4865543905e+00 5.1281174737e+01
5.7800000000e+00 1.5742486216e+02 9.8482868296e-14 1.4732715972e+00 5.1392757803e+01
5.7900000000e+00 1.5742510682e+02 9.7711374270e-14 1.4698272926e+00 5.1503919222e+01
5.8000000000e+00 1.5742406596e+02 1.0289858504e-13 1.4784084568e+00 5.1614557142e+01
5.8100000000e+00 1.5742339894e+02 9.4863100379e-14 1.4896143354e+00 5.1724772769e+01
5.8200000000e+00 1.5742345025e+02 9.7475368678e-14 1.4958245107e+00 5.1834791383e+01
5.8300000000e+00 1.5742374069e+02 9.8131171190e-14 1.4961574114e+00 5.1944903047e+01
5.8400000000e+00 1.5742408102e+02 1.0264312081e-13 1.4929359517e+00 5.2055474572e+01
5.8500000000e+00 1.5742433385e+02 1.0129134839e-13 1.4893796777e+00 5.2166946707e+01
5.8600000000e+00 1.5742428268e+02 9.8671036180e-14 1.4879123397e+00 5.2279761105e+01
5.8700000000e+00 1.5742399333e+02 1.0500252306e-13 1.4882515448e+00 5.2394245030e+01
5.8800000000e+00 1.5742395479e+02 9.6427791104e-14 1.4882338990e+00 5.2510543460e+01
5.8900000000e+00 1.5742433008e+02 9.5725757250e-14 1.4879128954e+00 5.2628647544e+01
5.9000000000e+00 1.5742444114e+02 9.6305944146e-14 1.4904449262e+00 5.2748466862e+01
5.9100000000e+00 1.5742401066e+02 9.3371274500e-14 1.4964123308e+00 5.2869876621e+01
5.9200000000e+00 1.5742360514e+02 9.7628003145e-14 1.5015547946e+00 5.2992735373e+01
5.9300000000e+00 1.5742344142e+02 1.0062418662e-13 1.5014892752e+00 5.3116901298e+01
5.9400000000e+00 1.5742343342e+02 1.0853893701e-13 1.4943507046e+00 5.3242260825e+01
5.9500000000e+00 1.5742368812e+02 1.0720892077e-13 1.4805729368e+00 5.3368767426e+01
5.9600000000e+00 1.5742437711e+02 1.0637952865e-13 1.4637646977e+00 5.3496461204e+01
5.9700000000e+00 1.5742499600e+02 1.1212461075e-13 1.4512981924e+00 5.3625405254e+01
5.9800000000e+00 1.5742485341e+02 1.1851972873e-13 1.4492337946e+00 5.3755542290e+01
5.9900000000e+00 1.5742437756e+02 1.1570730567e-13 1.4565079768e+00 5.3886652409e+01
6.0000000000e+00 1.5742406377e+02 1.1953199580e-13 1.4680891208e+00 5.4018506914e+01
6.0100000000e+00 1.5742393856e+02 1.1140804546e-13 1.4798113381e+00 5.4151007462e+01
6.0200000000e+00 1.5742391710e+02 1.1751090558e-13 1.4893592526e+00 5.4284162238e+01
6.0300000000e+00 1.5742393407e+02 1.1969254649e-13 1.4957195429e+00 5.4417985045e+01
6.0400000000e+00 1.5742399978e+02 1.1359073679e-13 1.4986230097e+00 5.4552419042e+01
6.0500000000e+00 1.5742414610e+02 1.1741268564e-13 1.4985502043e+00 5.4687309985e+01
6.0600000000e+00 1.5742430006e+02 1.1069786534e-13 1.4968498743e+00 5.4822425491e+01
6.0700000000e+00 1.5742429619e+02 1.1016657538e-13 1.4949406552e+00 5.4957510160e+01
6.0800000000e+00 1.5742412208e+02 1.0550653326e-13 1.4928744345e+00 5.5092340362e+01
6.0900000000e+00 1.5742397779e+02 1.0960459979e-13 1.4892869719e+00 5.5226731148e+01
6.1000000000e+00 1.5742402113e+02 1.0723099299e-13 1.4831270894e+00 5.5360498030e+01
6.1100000000e+00 1.5742422721e+02 1.1420569130e-13 1.4751055646e+00 5.5493428785e+01
6.1200000000e+00 1.5742440902e+02 1.0882049070e-13 1.4674454901e+00 5.5625300892e+01
6.1300000000e+00 1.5742439446e+02 1.0629473763e-13 1.4621612871e+00 5.5755924914e+01
6.1400000000e+00 1.5742418554e+02 1.0230354268e-13 1.4594439019e+00 5.5885170702e+01
6.1500000000e+00 1.5742398198e+02 9.9019197607e-14 1.4576812858e+00 5.6012956988e+01
6.1600000000e+00 1.5742408418e+02 9.6512103241e-14 1.4553951890e+00 5.6139219320e+01
6.1700000000e+00 1.5742445961e+02 9.4474173703e-14 1.4537959477e+00 5.6263899541e+01
6.1800000000e+00 1.5742457382e+02 9.7862995151e-14 1.4561478228e+00 5.6387004390e+01
6.1900000000e+00 1.5742427786e+02 9.2117205463e-14 1.4632482245e+00 5.6508701472e+01
6.2000000000e+00 1.5742400483e+02 9.4974437293e-14 1.4721505126e+00 5.6629346382e+01
6.2100000000e+00 1.5742395928e+02 1.0339961872e-13 1.4797935972e+00 5.6749423190e+01
6.2200000000e+00 1.5742406956e+02 9.6994677594e-14 1.4852303568e+00 5.6869474153e+01
6.2300000000e+00 1.5742421510e+02 1.0077113448e-13 1.4892314036e+00 5.6990036693e+01
6.2400000000e+00 1.5742422423e+02 1.0141442198e-13 1.4930429753e+00 5.7111549859e+01
6.2500000000e+00 1.5742400745e+02 1.0162713771e-13 1.4967470298e+00 5.7234235604e+01
6.2600000000e+00 1.5742373460e+02 9.0939194071e-14 1.4985639173e+00 5.7358026336e+01
6.2700000000e+00 1.5742365219e+02 9.2937339024e-14 1.4964412170e+00 5.7482596075e+01
6.2800000000e+00 1.5742381136e+02 9.1856984199e-14 1.4903472881e+00 5.7607479923e+01
6.2900000000e+00 1.5742399541e+02 9.2836952880e-14 1.4827639880e+00 5.7732239518e+01
6.3000000000e+00 1.5742373490e+02 8.9111842036e-14 1.4764274955e+00 5.7856634827e+01
6.3100000000e+00 1.5742314990e+02 8.6333957763e-14 1.4703103660e+00 5.7980740259e+01
6.3200000000e+00 1.5742382894e+02 8.3011725233e-14 1.4619151145e+00 5.8104923987e+01
6.3300000000e+00 1.5742510120e+02 8.0208215897e-14 1.4591274592e+00 5.8229654421e+01
6.3400000000e+00 1.5742429223e+02 8.2520047670e-14 1.4721426367e+00 5.8355226454e+01
6.3500000000e+00 1.5742328219e+02 8.3628686997e-14 1.4934877949e+00 5.8481631188e+01
6.3600000000e+00 1.5742317443e+02 8.4342175195e-14 1.5114636443e+00 5.8608669410e+01
6.3700000000e+00 1.5742339976e+02 7.8870543729e-14 1.5221740465e+00 5.8736092053e+01
6.3800000000e+00 1.5742367257e+02 7.3296584392e-14 1.5261719881e+00 5.8863640085e+01
6.3900000000e+00 1.5742391709e+02 7.6101719031e-14 1.5253351758e+00 5.8991055809e+01
6.4000000000e+00 1.5742413352e+02 7.5718919548e-14 1.5217816718e+00 5.9118115744e+01
6.4100000000e+00 1.5742432186e+02 7.2821152285e-14 1.5176268301e+00 5.9244678106e+01
6.4200000000e+00 1.5742436373e+02 7.0950113823e-14 1.5147089770e+00 5.9370727916e+01
6.4300000000e+00 1.5742412252e+02 7.9045384431e-14 1.5134528146e+00 5.9496393867e+01
6.4400000000e+00 1.5742361946e+02 7.5529117803e-14 1.5117340359e+00 5.9621890106e+01
6.4500000000e+00 1.5742311267e+02 8.1700421513e-14 1.5053429893e+00 5.9747365951e+01
6.4600000000e+00 1.5742339005e+02 8.2456317106e-14 1.4911976066e+00 5.9872728388e+01
6.4700000000e+00 1.5742499940e+02 8.6466632484e-14 1.4747016996e+00 5.9997567276e+01
6.4800000000e+00 1.5742571742e+02 8.6978091535e-14 1.4716546184e+00 6.0121361007e+01
6.4900000000e+00 1.5742440760e+02 8.5012133849e-14 1.4885218170e+00 6.0243942640e+01
6.5000000000e+00 1.5742335867e+02 8.8227461611e-14 1.5132044910e+00 6.0365703241e+01
6.5100000000e+00 1.5742321901e+02 8.5127685240e-14 1.5334552706e+00 6.0487290516e+01
6.5200000000e+00 1.5742342034e+02 8.8901139026e-14 1.5452962146e+00 6.0609263853e+01
6.5300000000e+00 1.5742359718e+02 8.5935852053e-14 1.5491217293e+00 6.0731978999e+01
6.5400000000e+00 1.5742370599e+02 8.9660115762e-14 1.5460869481e+00 6.0855619591e+01
6.5500000000e+00 1.5742386584e+02 8.7882059665e-14 1.5373438144e+00 6.0980266916e+01
6.5600000000e+00 1.5742420778e+02 9.8351536570e-14 1.5249345672e+00 6.1105964279e+01
6.5700000000e+00 1.5742466252e+02 9.0100053630e-14 1.5126970146e+00 6.1232762291e+01
6.5800000000e+00 1.5742495844e+02 9.5359368683e-14 1.5053508115e+00 6.1360734702e+01
6.5900000000e+00 1.5742490400e+02 9.0163507847e-14 1.5058980510e+00 6.1489962596e+01
6.6000000000e+00 1.5742452030e+02 9.2667450150e-14 1.5137454462e+00 6.1620501253e+01
6.6100000000e+00 1.5742405998e+02 8.8618958765e-14 1.5250086140e+00 6.1752348093e+01
6.6200000000e+00 1.5742375495e+02 8.6235961509e-14 1.5349446239e+00 6.1885426441e+01
6.6300000000e+00 1.5742358014e+02 9.5157707015e-14 1.5402000656e+00 6.2019587919e+01
6.6400000000e+00 1.5742346961e+02 8.5024529633e-14 1.5389936990e+00 6.2154615924e+01
6.6500000000e+00 1.5742353471e+02 8.9524532435e-14 1.5308200775e+00 6.2290217919e+01
6.6600000000e+00 1.5742400709e+02 8.8083796192e-14 1.5175681014e+00 6.2426026424e+01
6.6700000000e+00 1.5742483085e+02 9.1836921151e-14 1.5052690738e+00 6.2561654273e+01
6.6800000000e+00 1.5742511286e+02 9.3009923674e-14 1.5024703305e+00 6.2696827674e+01
6.6900000000e+00 1.5742426858e+02 8.0122188921e-14 1.5116886714e+00 6.2831531480e+01
6.7000000000e+00 1.5742351136e+02 7.8643374994e-14 1.5250887457e+00 6.2966006628e+01
6.7100000000e+00 1.5742342489e+02 8.2540956706e-14 1.5344836621e+00 6.3100548279e+01
6.7200000000e+00 1.5742357336e+02 8.5800704549e-14 1.5376399588e+00 6.3235292970e+01
6.7300000000e+00 1.5742373106e+02 8.2878948175e-14 1.5354858285e+00 6.3370129529e+01
6.7400000000e+00 1.5742401346e+02 7.9463432570e-14 1.5299015575e+00 6.3504701121e+01
6.7500000000e+00 1.5742443201e+02 8.0012503250e-14 1.5242428699e+00 6.3638470359e+01
6.7600000000e+00 1.5742460627e+02 9.0711743607e-14 1.5228691481e+00 6.3770867732e+01
6.7700000000e+00 1.5742434165e+02 8.4534862802e-14 1.5276682396e+00 6.3901489499e+01
6.7800000000e+00 1.5742396656e+02 7.9371629157e-14 1.5363291958e+00 6.4030216518e+01
6.7900000000e+00 1.5742379672e+02 7.6925237530e-14 1.5451155314e+00 6.4157182685e+01
6.8000000000e+00 1.5742386918e+02 8.1509501714e-14 1.5519236699e+00 6.4282665388e+01
6.8100000000e+00 1.5742399043e+02 8.6259970885e-14 1.5568363019e+00 6.4406988577e+01
6.8200000000e+00 1.5742396346e+02 7.6615685728e-14 1.5605319556e+00 6.4530458054e+01
6.8300000000e+00 1.5742380382e+02 7.3159232709e-14 1.5625790938e+00 6.4653311197e+01
6.8400000000e+00 1.5742368694e+02 7.7435966810e-14 1.5615153074e+00 6.4775681291e+01
6.8500000000e+00 1.5742375086e+02 7.5560770942e-14 1.5563735674e+00 6.4897591714e+01
6.8600000000e+00 1.5742397076e+02 7.7535229048e-14 1.5479459701e+00 6.5018981405e+01
6.8700000000e+00 1.5742417586e+02 6.8753558157e-14 1.5385391657e+00 6.5139748807e+01
6.8800000000e+00 1.5742433598e+02 6.9154329774e-14 1.5305758314e+00 6.5259792838e+01
6.8900000000e+00 1.5742455803e+02 6.7428479348e-14 1.5262736832e+00 6.5379032052e+01
6.9000000000e+00 1.5742453694e+02 6.6820670659e-14 1.5279304113e+00 6.5497415452e+01
6.9100000000e+00 1.5742401636e+02 7.0139388507e-14 1.5351591051e+00 6.5614947290e+01
6.9200000000e+00 1.5742340115e+02 6.6832475258e-14 1.5430114767e+00 6.5731695157e+01
6.9300000000e+00 1.5742298502e+02 7.1411768117e-14 1.5454697283e+00 6.5847743980e+01
6.9400000000e+00 1.5742283384e+02 7.0944901821e-14 1.5387339043e+00 6.5963118430e+01
6.9500000000e+00 1.5742328331e+02 7.5145615806e-14 1.5227010241e+00 6.6077705941e+01
6.9600000000e+00 1.5742449635e+02 6.7730520292e-14 1.5038447439e+00 6.6191204280e+01
6.9700000000e+00 1.5742538444e+02 6.6066759360e-14 1.4950862717e+00 6.6303177697e+01
6.9800000000e+00 1.5742468261e+02 7.6849249619e-14 1.5049209712e+00 6.6413344547e+01
6.9900000000e+00 1.5742336864e+02 7.5853830037e-14 1.5264405311e+00 6.6521949994e+01
7.0000000000e+00 1.5742311036e+02 6.7834535952e-14 1.5459188982e+00 6.6629719057e+01
7.0100000000e+00 1.5742352593e+02 7.2035937825e-14 1.5578160822e+00 6.6737401577e+01
7.0200000000e+00 1.5742389638e+02 6.9155755666e-14 1.5637404484e+00 6.6845485857e+01
7.0300000000e+00 1.5742408796e+02 7.5986311164e-14 1.5661669809e+00 6.6954223099e+01
7.0400000000e+00 1.5742419705e+02 7.6710546358e-14 1.5665100571e+00 6.7063755042e+01
7.0500000000e+00 1.5742430489e+02 7.6976494972e-14 1.5656498860e+00 6.7174208856e+01
7.0600000000e+00 1.5742441672e+02 8.6978020678e-14 1.5645267038e+00 6.7285732221e+01
7.0700000000e+00 1.5742448280e+02 8.7320293672e-14 1.5641282003e+00 6.7398485098e+01
7.0800000000e+00 1.5742447573e+02 8.8703415289e-14 1.5650480074e+00 6.7512613284e+01
7.0900000000e+00 1.5742441172e+02 7.8034069066e-14 1.5671835795e+00 6.7628224883e+01
7.1000000000e+00 1.5742432412e+02 8.2614022058e-14 1.5698845431e+00 6.7745381127e+01
7.1100000000e+00 1.5742422623e+02 8.8844760799e-14 1.5722667428e+00 6.7864102393e+01
7.1200000000e+00 1.5742411982e+02 8.6766326656e-14 1.5733719109e+00 6.7984384635e+01
7.1300000000e+00 1.5742402003e+02 9.1690173313e-14 1.5722511232e+00 6.8106220868e+01
7.1400000000e+00 1.5742395727e+02 9.1587410860e-14 1.5681556769e+00 6.8229621815e+01
7.1500000000e+00 1.5742399772e+02 8.6693561854e-14 1.5609067717e+00 6.8354628183e+01
7.1600000000e+00 1.5742422770e+02 8.8784806691e-14 1.5515560633e+00 6.8481303602e+01
7.1700000000e+00 1.5742452864e+02 8.8801464670e-14 1.5430047808e+00 6.8609690237e+01
7.1800000000e+00 1.5742443105e+02 9.1071047244e-14 1.5385599932e+00 6.8739717396e+01
7.1900000000e+00 1.5742384986e+02 9.0396155839e-14 1.5379425577e+00 6.8871119722e+01
7.2000000000e+00 1.5742337789e+02 1.0156762950e-13 1.5368325623e+00 6.9003491939e+01
7.2100000000e+00 1.5742368446e+02 9.8156022508e-14 1.5323589923e+00 6.9136521402e+01
7.2200000000e+00 1.5742487700e+02 9.8341447353e-14 1.5293896717e+00 6.9270231509e+01
7.2300000000e+00 1.5742475876e+02 9.9780086056e-14 1.5386893576e+00 6.9404964561e+01
7.2400000000e+00 1.5742339877e+02 1.0127790097e-13 1.5585954123e+00 6.9541080456e+01
7.2500000000e+00 1.5742313813e+02 9.6254223331e-14 1.5758346099e+00 6.9678753586e+01
7.2600000000e+00 1.5742360495e+02 1.0443487427e-13 1.5849608278e+00 6.9818026900e+01
7.2700000000e+00 1.5742401910e+02 1.1543458142e-13 1.5882773158e+00 6.9958893834e+01
7.2800000000e+00 1.5742419641e+02 1.1264929223e-13 1.5889064571e+00 7.0101315317e+01
7.2900000000e+00 1.5742417655e+02 1.0861227360e-13 1.5883274224e+00 7.0245215594e+01
7.3000000000e+00 1.5742404961e+02 1.1028376819e-13 1.5864309794e+00 7.0390478512e+01
7.3100000000e+00 1.5742389814e+02 1.1286769929e-13 1.5822946512e+00 7.0536939244e+01
7.3200000000e+00 1.5742376450e+02 1.1271667407e-13 1.5749998374e+00 7.0684361749e+01
7.3300000000e+00 1.5742373918e+02 1.1158531230e-13 1.5642217463e+00 7.0832395350e+01
7.3400000000e+00 1.5742422073e+02 1.1546170002e-13 1.5514961500e+00 7.0980521201e+01
7.3500000000e+00 1.5742522607e+02 1.1893178326e-13 1.5434543885e+00 7.1128080626e+01
7.3600000000e+00 1.5742503822e+02 1.2051050308e-13 1.5496045907e+00 7.1274583214e+01
7.3700000000e+00 1.5742376646e+02 1.1394177308e-13 1.5680329071e+00 7.1420162167e+01
7.3800000000e+00 1.5742323951e+02 1.1692393257e-13 1.5864997356e+00 7.1565499238e+01
7.3900000000e+00 1.5742328127e+02 1.2357036625e-13 1.5978535563e+00 7.1711263939e+01
7.4000000000e+00 1.5742320018e+02 1.1817488402e-13 1.6009496655e+00 7.1857789564e+01
7.4100000000e+00 1.5742282631e+02 1.2615104229e-13 1.5949516267e+00 7.2005075110e+01
7.4200000000e+00 1.5742287951e+02 1.2208435621e-13 1.5781023443e+00 7.2152843821e+01
7.4300000000e+00 1.5742461345e+02 1.2537048183e-13 1.5547759041e+00 7.2300602460e+01
7.4400000000e+00 1.5742548376e+02 1.2950550522e-13 1.5424877264e+00 7.2447906965e+01
7.4500000000e+00 1.5742373190e+02 1.2984844993e-13 1.5489641999e+00 7.2594799928e+01
7.4600000000e+00 1.5742313225e+02 1.3311199047e-13 1.5596755063e+00 7.2741715085e+01
7.4700000000e+00 1.5742354015e+02 1.3792134007e-13 1.5661743638e+00 7.2888903857e+01
7.4800000000e+00 1.5742383929e+02 1.3311273126e-13 1.5698579662e+00 7.3036204613e+01
7.4900000000e+00 1.5742403061e+02 1.3388387475e-13 1.5728044393e+00 7.3183179656e+01
7.5000000000e+00 1.5742421159e+02 1.3223515926e-13 1.5764852698e+00 7.3329355723e+01
7.5100000000e+00 1.5742417940e+02 1.3348131596e-13 1.5820511498e+00 7.3474463937e+01
7.5200000000e+00 1.5742397118e+02 1.3378072278e-13 1.5887110383e+00 7.3618582417e+01
7.5300000000e+00 1.5742386289e+02 1.3703516568e-13 1.5940687271e+00 7.3762082379e+01
7.5400000000e+00 1.5742391588e+02 1.3242145276e-13 1.5965219331e+00 7.3905434080e+01
7.5500000000e+00 1.5742407390e+02 1.3636738847e-13 1.5961307730e+00 7.4049039658e+01
7.5600000000e+00 1.5742428235e+02 1.4317263255e-13 1.5941810499e+00 7.4193168018e+01
7.5700000000e+00 1.5742441393e+02 1.3408424130e-13 1.5925240318e+00 7.4337959672e+01
7.5800000000e+00 1.5742434702e+02 1.4093064547e-13 1.5922851428e+00 7.4483452943e+01
7.5900000000e+00 1.5742418187e+02 1.3119473116e-13 1.5928486693e+00 7.4629604114e+01
7.6000000000e+00 1.5742408828e+02 1.2270229872e-13 1.5927247443e+00 7.4776294163e+01
7.6100000000e+00 1.5742404440e+02 1.2022131416e-13 1.5910186064e+00 7.4923323680e+01
7.6200000000e+00 1.5742391257e+02 1.2126644451e-13 1.5873860997e+00 7.5070394143e+01
7.6300000000e+00 1.5742371188e+02 1.2210596029e-13 1.5810502750e+00 7.5217071802e+01
7.6400000000e+00 1.5742375895e+02 1.1768699218e-13 1.5712259820e+00 7.5362756850e+01
7.6500000000e+00 1.5742446048e+02 1.1065955510e-13 1.5600604636e+00 7.5506741941e+01
7.6600000000e+00 1.5742538599e+02 1.1845200410e-13 1.5555301528e+00 7.5648463280e+01
7.6700000000e+00 1.5742486769e+02 1.1660999634e-13 1.5657631280e+00 7.5787894384e+01
7.6800000000e+00 1.5742362629e+02 1.1913122443e-13 1.5857455538e+00 7.5925719494e+01
7.6900000000e+00 1.5742332584e+02 1.1163810071e-13 1.6031883630e+00 7.6062973514e+01
7.7000000000e+00 1.5742360044e+02 1.1471693352e-13 1.6129520180e+00 7.6200534150e+01
7.7100000000e+00 1.5742386311e+02 1.1981688188e-13 1.6160299698e+00 7.6338936451e+01
7.7200000000e+00 1.5742397864e+02 1.2259114611e-13 1.6143367379e+00 7.6478428063e+01
7.7300000000e+00 1.5742398678e+02 1.2479617951e-13 1.6089384540e+00 7.6619057302e+01
7.7400000000e+00 1.5742396342e+02 1.2536871212e-13 1.6002065549e+00 7.6760722737e+01
7.7500000000e+00 1.5742400131e+02 1.2735221153e-13 1.5884995844e+00 7.6903191514e+01
7.7600000000e+00 1.5742413588e+02 1.2657496847e-13 1.5749493687e+00 7.7046117183e+01
7.7700000000e+00 1.5742425367e+02 1.2079736710e-13 1.5616639017e+00 7.7189090898e+01
7.7800000000e+00 1.5742425816e+02 1.2751857533e-13 1.5506520804e+00 7.7331731174e+01
7.7900000000e+00 1.5742433124e+02 1.1666389209e-13 1.5430374534e+00 7.7473768441e+01
7.8000000000e+00 1.5742443704e+02 1.1802835227e-13 1.5402336393e+00 7.7615107381e+01
7.8100000000e+00 1.5742415273e+02 1.1672452146e-13 1.5432312117e+00 7.7755924610e+01
7.8200000000e+00 1.5742370481e+02 1.2051295781e-13 1.5494179601e+00 7.7896753873e+01
7.8300000000e+00 1.5742366270e+02 1.2647345714e-13 1.5546507989e+00 7.8038389410e+01
7.8400000000e+00 1.5742387534e+02 1.2505586844e-13 1.5580768378e+00 7.8181635381e+01
7.8500000000e+00 1.5742386208e+02 1.2616823771e-13 1.5611075888e+00 7.8327091745e+01
7.8600000000e+00 1.5742371565e+02 1.2232864318e-13 1.5634638504e+00 7.8475080128e+01
7.8700000000e+00 1.5742381521e+02 1.2425771633e-13 1.5637921019e+00 7.8625703050e+01
7.8800000000e+00 1.5742415419e+02 1.2878376524e-13 1.5628264653e+00 7.8778936649e+01
7.8900000000e+00 1.5742446855e+02 1.4079186381e-13 1.5635072654e+00 7.8934658209e+01
7.9000000000e+00 1.5742456046e+02 1.3195503905e-13 1.5686148449e+00 7.9092625193e+01
7.9100000000e+00 1.5742438542e+02 1.4185157574e-13 1.5788068815e+00 7.9252489603e+01
7.9200000000e+00 1.5742399877e+02 1.3841716412e-13 1.5921061579e+00 7.9413875445e+01
7.9300000000e+00 1.5742351450e+02 1.4115890905e-13 1.6044882821e+00 7.9576459696e+01
7.9400000000e+00 1.5742304982e+02 1.4148284268e-13 1.6111642648e+00 7.9739994429e+01
7.9500000000e+00 1.5742280069e+02 1.4764296625e-13 1.6080769059e+00 7.9904274851e+01
7.9600000000e+00 1.5742327146e+02 1.4383623784e-13 1.5943648065e+00 8.0069103331e+01
7.9700000000e+00 1.5742426343e+02 1.4248984824e-13 1.5764530647e+00 8.0234297914e+01
7.9800000000e+00 1.5742421368e+02 1.4018173768e-13 1.5645502055e+00 8.0399764996e+01
7.9900000000e+00 1.5742419506e+02 1.4738226333e-13 1.5609025264e+00 8.0565579158e+01
8.0000000000e+00 1.5742446217e+02 1.4804964528e-13 1.5662766390e+00 8.0731928263e+01
8.0100000000e+00 1.5742348487e+02 1.4005805583e-13 1.5808522263e+00 8.0898879996e+01
8.0200000000e+00 1.5742293176e+02 1.3660057047e-13 1.5947204845e+00 8.1066225345e+01
8.0300000000e+00 1.5742332331e+02 1.3561836641e-13 1.6004601242e+00 8.1233585394e+01
8.0400000000e+00 1.5742393946e+02 1.3636214587e-13 1.5995812565e+00 8.1400568727e+01
8.0500000000e+00 1.5742429996e+02 1.4781834725e-13 1.5968865325e+00 8.1566857787e+01
8.0600000000e+00 1.5742419828e+02 1.4364295293e-13 1.5954559122e+00 8.1732269204e+01
8.0700000000e+00 1.5742385850e+02 1.4805047783e-13 1.5946572446e+00 8.1896739634e+01
8.0800000000e+00 1.5742386159e+02 1.4963829583e-13 1.5922414865e+00 8.2060181654e+01
8.0900000000e+00 1.5742436073e+02 1.5249809438e-13 1.5892647813e+00 8.2222345797e+01
8.1000000000e+00 1.5742434887e+02 1.5778796473e-13 1.5904307064e+00 8.2382932359e+01
8.1100000000e+00 1.5742355679e+02 1.5558356655e-13 1.5955712390e+00 8.2541904995e+01
8.1200000000e+00 1.5742317947e+02 1.5492493018e-13 1.5977933241e+00 8.2699551510e+01
8.1300000000e+00 1.5742370478e+02 1.6061117276e-13 1.5935982058e+00 8.2856179233e+01
8.1400000000e+00 1.5742452032e+02 1.6254696403e-13 1.5878233493e+00 8.3011883830e+01
8.1500000000e+00 1.5742465615e+02 1.6861243309e-13 1.5878661608e+00 8.3166619424e+01
8.1600000000e+00 1.5742426972e+02 1.6638417281e-13 1.5951338808e+00 8.3320396656e+01
8.1700000000e+00 1.5742391782e+02 1.5881591936e-13 1.6056695852e+00 8.3473370164e+01
8.1800000000e+00 1.5742373566e+02 1.6432335940e-13 1.6151562398e+00 8.3625790206e+01
8.1900000000e+00 1.5742376692e+02 1.6323299197e-13 1.6209559094e+00 8.3777916710e+01
8.2000000000e+00 1.5742393668e+02 1.6888357072e-13 1.6226507779e+00 8.3929957132e+01
8.2100000000e+00 1.5742410975e+02 1.6909305345e-13 1.6213935003e+00 8.4082054438e+01
8.2200000000e+00 1.5742421725e+02 1.6140504655e-13 1.6186574823e+00 8.4234314459e+01
8.2300000000e+00 1.5742427491e+02 1.6653300960e-13 1.6155001223e+00 8.4386836590e+01
8.2400000000e+00 1.5742432685e+02 1.6988443936e-13 1.6126020233e+00 8.4539726222e+01
8.2500000000e+00 1.5742436473e+02 1.6829809273e-13 1.6105663027e+00 8.4693099648e+01
8.2600000000e+00 1.5742434080e+02 1.7084294294e-13 1.6098075144e+00 8.4847099213e+01
8.2700000000e+00 1.5742425041e+02 1.7448199498e-13 1.6101217279e+00 8.5001909046e+01
8.2800000000e+00 1.5742413340e+02 1.7664998541e-13 1.6106560766e+00 8.5157746860e+01
8.2900000000e+00 1.5742402899e+02 1.8218864699e-13 1.6103258247e+00 8.5314834230e+01
8.3000000000e+00 1.5742398420e+02 1.7888707710e-13 1.6082517221e+00 8.5473372923e+01
8.3100000000e+00 1.5742406077e+02 1.7915642495e-13 1.6042680971e+00 8.5633543048e+01
8.3200000000e+00 1.5742425089e+02 1.8424203778e-13 1.5994143227e+00 8.5795512709e+01
8.3300000000e+00 1.5742443581e+02 1.8070188582e-13 1.5957572918e+00 8.5959435002e+01
8.3400000000e+00 1.5742441555e+02 1.8136409774e-13 1.5951802834e+00 8.6125407301e+01
8.3500000000e+00 1.5742403840e+02 1.8105174512e-13 1.5974990541e+00 8.6293382129e+01
8.3600000000e+00 1.5742341784e+02 1.8001080938e-13 1.5992727642e+00 8.6463055789e+01
8.3700000000e+00 1.5742291125e+02 1.7587012060e-13 1.5951242628e+00 8.6633775201e+01
8.3800000000e+00 1.5742303483e+02 1.8053977662e-13 1.5814864924e+00 8.6804480289e+01
8.3900000000e+00 1.5742415877e+02 1.8254325535e-13 1.5616079935e+00 8.6973775132e+01
8.4000000000e+00 1.5742551692e+02 1.7257051850e-13 1.5479186467e+00 8.7140355571e+01
8.4100000000e+00 1.5742536667e+02 1.6786924580e-13 1.5535702125e+00 8.7303737653e+01
8.4200000000e+00 1.5742381990e+02 1.7306379292e-13 1.5768731708e+00 8.7464612795e+01
8.4300000000e+00 1.5742294911e+02 1.7037362586e-13 1.6026525130e+00 8.7624361468e+01
8.4400000000e+00 1.5742302636e+02 1.7507608120e-13 1.6200005533e+00 8.7784245358e+01
8.4500000000e+00 1.5742333783e+02 1.7042903434e-13 1.6270806629e+00 8.7945016147e+01
8.4600000000e+00 1.5742359011e+02 1.7227656611e-13 1.6256557424e+00 8.8106953010e+01
8.4700000000e+00 1.5742384689e+02 1.7410562640e-13 1.6179326327e+00 8.8270001742e+01
8.4800000000e+00 1.5742427837e+02 1.7373397642e-13 1.6067702913e+00 8.8433870924e+01
8.4900000000e+00 1.5742477916e+02 1.7795486386e-13 1.5967498330e+00 8.8598122539e+01
8.5000000000e+00 1.5742484927e+02 1.7523329181e-13 1.5926613619e+00 8.8762332842e+01
8.5100000000e+00 1.5742446198e+02 1.8133065712e-13 1.5951815289e+00 8.8926279039e+01
8.5200000000e+00 1.5742413201e+02 1.7046562589e-13 1.6005973358e+00 8.9089987336e+01
8.5300000000e+00 1.5742404194e+02 1.7254766080e-13 1.6052021327e+00 8.9253618202e+01
8.5400000000e+00 1.5742406357e+02 1.6689263059e-13 1.6074122914e+00 8.9417340351e+01
8.5500000000e+00 1.5742409758e+02 1.6340220083e-13 1.6069768395e+00 8.9581277481e+01
8.5600000000e+00 1.5742412569e+02 1.5550876112e-13 1.6040477174e+00 8.9745502917e+01
8.5700000000e+00 1.5742416325e+02 1.5600130842e-13 1.5989242156e+00 8.9910046075e+01
8.5800000000e+00 1.5742421274e+02 1.6475305691e-13 1.5921311874e+00 9.0074897859e+01
8.5900000000e+00 1.5742425809e+02 1.5410295513e-13 1.5844094428e+00 9.0240013611e+01
8.6000000000e+00 1.5742432266e+02 1.5711817250e-13 1.5765996777e+00 9.0405313304e+01
8.6100000000e+00 1.5742443453e+02 1.5781014845e-13 1.5698035204e+00 9.0570684873e+01
8.6200000000e+00 1.5742446739e+02 1.5831842616e-13 1.5654222854e+00 9.0736008988e+01
8.6300000000e+00 1.5742427217e+02 1.6069250086e-13 1.5639384177e+00 9.0901206393e+01
8.6400000000e+00 1.5742398507e+02 1.6018775493e-13 1.5637217756e+00 9.1066257918e+01
8.6500000000e+00 1.5742384190e+02 1.5879046073e-13 1.5622668276e+00 9.1231156238e+01
8.6600000000e+00 1.5742388701e+02 1.6982682098e-13 1.5583926472e+00 9.1395839804e+01
8.6700000000e+00 1.5742396322e+02 1.6803804053e-13 1.5527547278e+00 9.1560201007e+01
8.6800000000e+00 1.5742392581e+02 1.7499946553e-13 1.5465061662e+00 9.1724195595e+01
8.6900000000e+00 1.5742394003e+02 1.8008584058e-13 1.5401431677e+00 9.1887964387e+01
8.7000000000e+00 1.5742421391e+02 1.7700896771e-13 1.5348159805e+00 9.2051826636e+01
8.7100000000e+00 1.5742450936e+02 1.7519839958e-13 1.5337447885e+00 9.2216123379e+01
8.7200000000e+00 1.5742434017e+02 1.7281833023e-13 1.5398256805e+00 9.2381039949e+01
8.7300000000e+00 1.5742359074e+02 1.7594411536e-13 1.5511053873e+00 9.2546513217e+01
8.7400000000e+00 1.5742295183e+02 1.7987586620e-13 1.5601974267e+00 9.2712213519e+01
8.7500000000e+00 1.5742287338e+02 1.8129462679e-13 1.5605113842e+00 9.2877563992e+01
8.7600000000e+00 1.5742330850e+02 1.8813468686e-13 1.5510335657e+00 9.3041789247e+01
8.7700000000e+00 1.5742425960e+02 1.8138869849e-13 1.5366394806e+00 9.3204016675e+01
8.7800000000e+00 1.5742512637e+02 1.8453923932e-13 1.5271155652e+00 9.3363516538e+01
8.7900000000e+00 1.5742479263e+02 1.8920193945e-13 1.5303672771e+00 9.3520119495e+01
8.8000000000e+00 1.5742389226e+02 1.8992914673e-13 1.5432198315e+00 9.3674474632e+01
8.8100000000e+00 1.5742346157e+02 1.8629052737e-13 1.5565023849e+00 9.3827730187e+01
8.8200000000e+00 1.5742336186e+02 1.8161647068e-13 1.5645585877e+00 9.3980970173e+01
8.8300000000e+00 1.5742328306e+02 1.8365518538e-13 1.5654837056e+00 9.4134943910e+01
8.8400000000e+00 1.5742340502e+02 1.8606344230e-13 1.5588402091e+00 9.4290081398e+01
8.8500000000e+00 1.5742437786e+02 1.8889210689e-13 1.5474999333e+00 9.4446588726e+01
8.8600000000e+00 1.5742541241e+02 1.9778105146e-13 1.5418186257e+00 9.4604538651e+01
8.8700000000e+00 1.5742455381e+02 2.0135381375e-13 1.5506460676e+00 9.4763948220e+01
8.8800000000e+00 1.5742343497e+02 2.0681830968e-13 1.5665369485e+00 9.4924806345e+01
8.8900000000e+00 1.5742330694e+02 2.0609375954e-13 1.5779919810e+00 9.5087039596e+01
8.9000000000e+00 1.5742352648e+02 2.1936231437e-13 1.5817475175e+00 9.5250483595e+01
8.9100000000e+00 1.5742377994e+02 2.0611696354e-13 1.5791034682e+00 9.5414884110e+01
8.9200000000e+00 1.5742415820e+02 1.9895915259e-13 1.5726751931e+00 9.5579916624e+01
8.9300000000e+00 1.5742458086e+02 2.0016862384e-13 1.5664574965e+00 9.5745242370e+01
8.9400000000e+00 1.5742475971e+02 2.0230737290e-13 1.5647481516e+00 9.5910605452e+01
8.9500000000e+00 1.5742452474e+02 2.1304957103e-13 1.5694159153e+00 9.6075906444e+01
8.9600000000e+00 1.5742394709e+02 2.1050484365e-13 1.5782392988e+00 9.6241176966e+01
8.9700000000e+00 1.5742326940e+02 2.1227510684e-13 1.5857314313e+00 9.6406458863e+01
8.9800000000e+00 1.5742255260e+02 2.1404201583e-13 1.5855756182e+00 9.6571626444e+01
8.9900000000e+00 1.5742220027e+02 2.2040698227e-13 1.5723412981e+00 9.6736135391e+01
9.0000000000e+00 1.5742390243e+02 2.2166869828e-13 1.5472579892e+00 9.6898729594e+01
9.0100000000e+00 1.5742554556e+02 2.2082623421e-13 1.5296097257e+00 9.7057676679e+01
9.0200000000e+00 1.5742313798e+02 2.1898822001e-13 1.5333602925e+00 9.7212294482e+01
9.0300000000e+00 1.5742187920e+02 2.1612652051e-13 1.5391567692e+00 9.7363888639e+01
9.0400000000e+00 1.5742221018e+02 2.1730193074e-13 1.5321305831e+00 9.7514269278e+01
9.0500000000e+00 1.5742304653e+02 2.2588485360e-13 1.5137922825e+00 9.7664399358e+01
9.0600000000e+00 1.5742477504e+02 2.2069144982e-13 1.4939733030e+00 9.7814290013e+01
9.0700000000e+00 1.5742576826e+02 2.2002379622e-13 1.4898126630e+00 9.7963373916e+01
9.0800000000e+00 1.5742437315e+02 2.2286742099e-13 1.5097076744e+00 9.8111108320e+01
9.0900000000e+00 1.5742279557e+02 2.1968831083e-13 1.5404453051e+00 9.8257465872e+01
9.1000000000e+00 1.5742225306e+02 2.1651808411e-13 1.5647853020e+00 9.8402837266e+01
9.1100000000e+00 1.5742214104e+02 2.1788720148e-13 1.5746014804e+00 9.8547557709e+01
9.1200000000e+00 1.5742232762e+02 2.2142712850e-13 1.5680099347e+00 9.8691490185e+01
9.1300000000e+00 1.5742368994e+02 2.1631760458e-13 1.5489136934e+00 9.8833808027e+01
9.1400000000e+00 1.5742500185e+02 2.2094319656e-13 1.5320374785e+00 9.8973204666e+01
9.1500000000e+00 1.5742416554e+02 2.2338095584e-13 1.5296077983e+00 9.9108779816e+01
9.1600000000e+00 1.5742376242e+02 2.1883788503e-13 1.5358319688e+00 9.9240682224e+01
9.1700000000e+00 1.5742376393e+02 2.2461312707e-13 1.5447689612e+00 9.9369628050e+01
9.1800000000e+00 1.5742344013e+02 2.2052774416e-13 1.5538682274e+00 9.9496325446e+01
9.1900000000e+00 1.5742343892e+02 2.2780954063e-13 1.5590486040e+00 9.9621302909e+01
9.2000000000e+00 1.5742383895e+02 2.2835039534e-13 1.5592774458e+00 9.9744840171e+01
9.2100000000e+00 1.5742414107e+02 2.3079825091e-13 1.5574747507e+00 9.9867023804e+01
9.2200000000e+00 1.5742400754e+02 2.3333285549e-13 1.5561219552e+00 9.9987947741e+01
9.2300000000e+00 1.5742376385e+02 2.3415969613e-13 1.5542874899e+00 1.0010788714e+02
9.2400000000e+00 1.5742393405e+02 2.3185763254e-13 1.5503757901e+00 1.0022730356e+02
9.2500000000e+00 1.5742435412e+02 2.2738766122e-13 1.5464246122e+00 1.0034674117e+02
9.2600000000e+00 1.5742420384e+02 2.2534333231e-13 1.5461504466e+00 1.0046674600e+02
9.2700000000e+00 1.5742372812e+02 2.2818797104e-13 1.5482862989e+00 1.0058785517e+02
9.2800000000e+00 1.5742383375e+02 2.2788289708e-13 1.5485989842e+00 1.0071061459e+02
9.2900000000e+00 1.5742435128e+02 2.3533931451e-13 1.5473943351e+00 1.0083553019e+02
9.3000000000e+00 1.5742453499e+02 2.2537396142e-13 1.5485930534e+00 1.0096290228e+02
9.3100000000e+00 1.5742426861e+02 2.2188956366e-13 1.5535061874e+00 1.0109266649e+02
9.3200000000e+00 1.5742398826e+02 2.2295312913e-13 1.5595078972e+00 1.0122443080e+02
9.3300000000e+00 1.5742391981e+02 2.2404608724e-13 1.5635827754e+00 1.0135767868e+02
9.3400000000e+00 1.5742400273e+02 2.2561928159e-13 1.5645835733e+00 1.0149194764e+02
9.3500000000e+00 1.5742412197e+02 2.2003231125e-13 1.5629360358e+00 1.0162689619e+02
9.3600000000e+00 1.5742420992e+02 2.2283865991e-13 1.5596299365e+00 1.0176229291e+02
9.3700000000e+00 1.5742425162e+02 2.1968371005e-13 1.5555507781e+00 1.0189797781e+02
9.3800000000e+00 1.5742426405e+02 2.2087356232e-13 1.5512819641e+00 1.0203382565e+02
9.3900000000e+00 1.5742430294e+02 2.1633686323e-13 1.5472565065e+00 1.0216972368e+02
9.4000000000e+00 1.5742444441e+02 2.1708764017e-13 1.5442617322e+00 1.0230556609e+02
9.4100000000e+00 1.5742462271e+02 2.1449704216e-13 1.5439714703e+00 1.0244126869e+02
9.4200000000e+00 1.5742457734e+02 2.1517279385e-13 1.5480993372e+00 1.0257681093e+02
9.4300000000e+00 1.5742428077e+02 2.1136185562e-13 1.5561643081e+00 1.0271228410e+02
9.4400000000e+00 1.5742400318e+02 2.1179482278e-13 1.5652973901e+00 1.0284789137e+02
9.4500000000e+00 1.5742386770e+02 2.1061091721e-13 1.5726049529e+00 1.0298389037e+02
9.4600000000e+00 1.5742380912e+02 2.0757655546e-13 1.5765310722e+00 1.0312053258e+02
9.4700000000e+00 1.5742378293e+02 2.0599002723e-13 1.5765292767e+00 1.0325803171e+02
9.4800000000e+00 1.5742382620e+02 2.0612401991e-13 1.5727187661e+00 1.0339654706e+02
9.4900000000e+00 1.5742397075e+02 2.0855521048e-13 1.5661634482e+00 1.0353615989e+02
9.5000000000e+00 1.5742406642e+02 2.1010864412e-13 1.5589518417e+00 1.0367683265e+02
9.5100000000e+00 1.5742385056e+02 2.1475616518e-13 1.5526031228e+00 1.0381835198e+02
9.5200000000e+00 1.5742350949e+02 2.1224189053e-13 1.5459271794e+00 1.0396028146e+02
9.5300000000e+00 1.5742347412e+02 2.1271235749e-13 1.5366871081e+00 1.0410199387e+02
9.5400000000e+00 1.5742371496e+02 2.1783967721e-13 1.5252452053e+00 1.0424283471e+02
9.5500000000e+00 1.5742413339e+02 2.2614109324e-13 1.5147855976e+00 1.0438233035e+02
9.5600000000e+00 1.5742472400e+02 2.2609001063e-13 1.5104364408e+00 1.0452026977e+02
9.5700000000e+00 1.5742484361e+02 2.2284072032e-13 1.5180747665e+00 1.0465666751e+02
9.5800000000e+00 1.5742397070e+02 2.2107421782e-13 1.5380714950e+00 1.0479175866e+02
9.5900000000e+00 1.5742317770e+02 2.2765171342e-13 1.5616060432e+00 1.0492596988e+02
9.6000000000e+00 1.5742307642e+02 2.2591547066e-13 1.5796217078e+00 1.0505973963e+02
9.6100000000e+00 1.5742318130e+02 2.3054272989e-13 1.5891199880e+00 1.0519333522e+02
9.6200000000e+00 1.5742316881e+02 2.3477004045e-13 1.5900142575e+00 1.0532680733e+02
9.6300000000e+00 1.5742319933e+02 2.3456151397e-13 1.5822515142e+00 1.0546002963e+02
9.6400000000e+00 1.5742364972e+02 2.3335716061e-13 1.5670663873e+00 1.0559277561e+02
9.6500000000e+00 1.5742451027e+02 2.3959888719e-13 1.5499204843e+00 1.0572487595e+02
9.6600000000e+00 1.5742494746e+02 2.3585203329e-13 1.5395185769e+00 1.0585647908e+02
9.6700000000e+00 1.5742437899e+02 2.3618786097e-13 1.5400566747e+00 1.0598824412e+02
9.6800000000e+00 1.5742358329e+02 2.3917245402e-13 1.5464474482e+00 1.0612122170e+02
9.6900000000e+00 1.5742328887e+02 2.3855358410e-13 1.5508598685e+00 1.0625648694e+02
9.7000000000e+00 1.5742335631e+02 2.3035220239e-13 1.5496765496e+00 1.0639479882e+02
9.7100000000e+00 1.5742356117e+02 2.3456935019e-13 1.5432002842e+00 1.0653639683e+02
9.7200000000e+00 1.5742403854e+02 2.3954362985e-13 1.5339092907e+00 1.0668094693e+02
9.7300000000e+00 1.5742460322e+02 2.4044396758e-13 1.5268740757e+00 1.0682768980e+02
9.7400000000e+00 1.5742455649e+02 2.4170246257e-13 1.5272781339e+00 1.0697574866e+02
9.7500000000e+00 1.5742390959e+02 2.3822364620e-13 1.5344006401e+00 1.0712440764e+02
9.7600000000e+00 1.5742342441e+02 2.3215398589e-13 1.5417971958e+00 1.0727320193e+02
9.7700000000e+00 1.5742344228e+02 2.3409290242e-13 1.5440366737e+00 1.0742184066e+02
9.7800000000e+00 1.5742383138e+02 2.3700175273e-13 1.5404544286e+00 1.0757009839e+02
9.7900000000e+00 1.5742438421e+02 2.3486747094e-13 1.5343881940e+00 1.0771776938e+02
9.8000000000e+00 1.5742472091e+02 2.3520655822e-13 1.5308340085e+00 1.0786470533e+02
9.8100000000e+00 1.5742455406e+02 2.3094154744e-13 1.5327188734e+00 1.0801090245e+02
9.8200000000e+00 1.5742414119e+02 2.3001501012e-13 1.5383416917e+00 1.0815654494e+02
9.8300000000e+00 1.5742389400e+02 2.3795419599e-13 1.5435646870e+00 1.0830193995e+02
9.8400000000e+00 1.5742390631e+02 2.4063197913e-13 1.5455679926e+00 1.0844740496e+02
9.8500000000e+00 1.5742409798e+02 2.3815462005e-13 1.5440690888e+00 1.0859320196e+02
9.8600000000e+00 1.5742434163e+02 2.4098761546e-13 1.5406767671e+00 1.0873953303e+02
9.8700000000e+00 1.5742443839e+02 2.4233513712e-13 1.5375672392e+00 1.0888655864e+02
9.8800000000e+00 1.5742418837e+02 2.4510870723e-13 1.5355827846e+00 1.0903439881e+02
9.8900000000e+00 1.5742340158e+02 2.4062921306e-13 1.5324522058e+00 1.0918308728e+02
9.9000000000e+00 1.5742178145e+02 2.3699728489e-13 1.5213769409e+00 1.0933243354e+02
9.9100000000e+00 1.5742088931e+02 2.4226697078e-13 1.4911351714e+00 1.0948168205e+02
9.9200000000e+00 1.5742683091e+02 2.4435474084e-13 1.4477875539e+00 1.0962900209e+02
9.9300000000e+00 1.5742614933e+02 2.3900386599e-13 1.4458540444e+00 1.0977217864e+02
9.9400000000e+00 1.5742097006e+02 2.3161403051e-13 1.4807194060e+00 1.0991142768e+02
9.9500000000e+00 1.5742222794e+02 2.2987722025e-13 1.5016227289e+00 1.1004906002e+02
9.9600000000e+00 1.5742367686e+02 2.3397815252e-13 1.5068029420e+00 1.1018670928e+02
9.9700000000e+00 1.5742425442e+02 2.2930441773e-13 1.5064396073e+00 1.1032493944e+02
9.9800000000e+00 1.5742441838e+02 2.2006325948e-13 1.5054097327e+00 1.1046380531e+02
9.9900000000e+00 1.5742441599e+02 2.1695866455e-13 1.5051050727e+00 1.1060319758e+02
