0.0000000000e+00 -2.5318788236e+01 1.2167603080e+00 9.8282997448e-01 0.0000000000e+00
1.0000000000e-02 -2.4580789340e+01 2.7549768271e-15 9.9541897033e-01 2.9858037635e-04
2.0000000000e-02 -2.4580797754e+01 2.8699855725e-15 9.9568778413e-01 1.1944707304e-03
3.0000000000e-02 -2.4580814298e+01 4.0902116331e-15 9.9577010931e-01 2.6877815415e-03
4.0000000000e-02 -2.4580838595e+01 6.4182180539e-15 9.9533775496e-01 4.7781717114e-03
5.0000000000e-02 -2.4580869530e+01 5.8739325074e-15 9.9391581609e-01 7.4642335511e-03
6.0000000000e-02 -2.4580905440e+01 6.9382867241e-15 9.9090532092e-01 1.0742604221e-02
7.0000000000e-02 -2.4580942094e+01 1.0519262461e-14 9.8563597858e-01 1.4606832824e-02
8.0000000000e-02 -2.4580971019e+01 1.0931806181e-14 9.7747771263e-01 1.9046089812e-02
9.0000000000e-02 -2.4580981129e+01 1.0414454539e-14 9.6603853510e-01 2.4043925012e-02
1.0000000000e-01 -2.4580958150e+01 1.2236597257e-14 9.5145405475e-01 2.9577463479e-02
1.1000000000e-01 -2.4580894288e+01 6.9257808818e-15 9.3469715202e-01 3.5617621431e-02
1.2000000000e-01 -2.4580799758e+01 1.0281895552e-14 9.1772395834e-01 4.2130964624e-02
1.3000000000e-01 -2.4580707604e+01 1.0353387778e-14 9.0319159344e-01 4.9083462236e-02
1.4000000000e-01 -2.4580670210e+01 9.3489744415e-15 8.9361732145e-01 5.6445448959e-02
1.5000000000e-01 -2.4580723182e+01 1.2344586735e-14 8.9021701742e-01 6.4195887545e-02
1.6000000000e-01 -2.4580856608e+01 1.0798452854e-14 8.9204593125e-01 7.2323337794e-02
1.7000000000e-01 -2.4581054694e+01 1.4633164847e-14 8.9597143723e-01 8.0821670459e-02
1.8000000000e-01 -2.4581202499e+01 1.5215322007e-14 8.9790323226e-01 8.9680592413e-02
1.9000000000e-01 -2.4581135958e+01 1.3576534200e-14 8.9532112957e-01 9.8874508346e-02
2.0000000000e-01 -2.4580859307e+01 1.5241324292e-14 8.9061881196e-01 1.0835832660e-01
2.1000000000e-01 -2.4580606887e+01 1.6736036722e-14 8.9148446928e-01 1.1808193538e-01
2.2000000000e-01 -2.4580703185e+01 1.7911294671e-14 9.0388473119e-01 1.2802266963e-01
2.3000000000e-01 -2.4580972754e+01 1.6096702442e-14 9.2523079494e-01 1.3820778712e-01
2.4000000000e-01 -2.4581099620e+01 1.3310296183e-14 9.4847604739e-01 1.4870250491e-01
2.5000000000e-01 -2.4581015907e+01 1.3334264991e-14 9.6935353592e-01 1.5958091002e-01
2.6000000000e-01 -2.4580944029e+01 1.0092195991e-14 9.8726776933e-01 1.7090786219e-01
2.7000000000e-01 -2.4580924021e+01 1.4424810573e-14 1.0027740011e+00 1.8273516081e-01
2.8000000000e-01 -2.4580936003e+01 1.3173931859e-14 1.0159027406e+00 1.9510228712e-01
2.9000000000e-01 -2.4580987602e+01 1.7119971131e-14 1.0261096975e+00 2.0803593266e-01
3.0000000000e-01 -2.4580987356e+01 1.7136342735e-14 1.0329283312e+00 2.2154851623e-01
3.1000000000e-01 -2.4580930868e+01 1.9183741508e-14 1.0366320756e+00 2.3563716896e-01
3.2000000000e-01 -2.4580832214e+01 1.7992657595e-14 1.0388131142e+00 2.5028494997e-01
3.3000000000e-01 -2.4580850286e+01 1.7922301952e-14 1.0419166447e+00 2.6546533981e-01
3.4000000000e-01 -2.4580922546e+01 1.5963896253e-14 1.0473084071e+00 2.8114799238e-01
3.5000000000e-01 -2.4581154618e+01 2.0022526744e-14 1.0535456891e+00 2.9730005731e-01
3.6000000000e-01 -2.4581244794e+01 2.0247269130e-14 1.0574831375e+00 3.1388004927e-01
3.7000000000e-01 -2.4581201421e+01 2.0723138788e-14 1.0576602033e+00 3.3083064630e-01
3.8000000000e-01 -2.4581329115e+01 2.2101247424e-14 1.0551955375e+00 3.4808332510e-01
3.9000000000e-01 -2.4581422806e+01 2.1560602778e-14 1.0504500532e+00 3.6557223977e-01
4.0000000000e-01 -2.4581528444e+01 2.1167266169e-14 1.0414333758e+00 3.8323673261e-01
4.1000000000e-01 -2.4581338315e+01 2.4651674299e-14 1.0276167847e+00 4.0100691267e-01
4.2000000000e-01 -2.4581019562e+01 2.2622676702e-14 1.0135050386e+00 4.1879290678e-01
4.3000000000e-01 -2.4580856920e+01 2.2101530631e-14 1.0068236498e+00 4.3650016884e-01
4.4000000000e-01 -2.4581129475e+01 2.1943521044e-14 1.0124048752e+00 4.5406369736e-01
4.5000000000e-01 -2.4581583271e+01 2.5260657998e-14 1.0265058487e+00 4.7147060180e-01
4.6000000000e-01 -2.4581873159e+01 2.4017555691e-14 1.0391216578e+00 4.8874133251e-01
4.7000000000e-01 -2.4581567586e+01 2.6435666823e-14 1.0450114967e+00 5.0588347633e-01
4.8000000000e-01 -2.4581103704e+01 2.7758031875e-14 1.0514380480e+00 5.2287428557e-01
4.9000000000e-01 -2.4581352126e+01 2.8213115969e-14 1.0678795153e+00 5.3971065568e-01
5.0000000000e-01 -2.4581941940e+01 2.2530160030e-14 1.0887555627e+00 5.5646604821e-01
5.1000000000e-01 -2.4582108901e+01 2.5242685113e-14 1.1000641732e+00 5.7326271325e-01
5.2000000000e-01 -2.4581819921e+01 2.4965025544e-14 1.0961016581e+00 5.9019557652e-01
5.3000000000e-01 -2.4581339207e+01 2.9321030016e-14 1.0822304829e+00 6.0730009059e-01
5.4000000000e-01 -2.4580902496e+01 3.4918808628e-14 1.0697924976e+00 6.2457587912e-01
5.5000000000e-01 -2.4580740446e+01 3.3631695655e-14 1.0696892869e+00 6.4203033706e-01
5.6000000000e-01 -2.4580950247e+01 3.4574847711e-14 1.0858637659e+00 6.5970899287e-01
5.7000000000e-01 -2.4581294070e+01 3.5643692483e-14 1.1130100523e+00 6.7769630640e-01
5.8000000000e-01 -2.4581568582e+01 3.7618584711e-14 1.1414844121e+00 6.9609167927e-01
5.9000000000e-01 -2.4581656503e+01 3.8490208982e-14 1.1636885536e+00 7.1498067395e-01
6.0000000000e-01 -2.4581696312e+01 3.9388711770e-14 1.1760146817e+00 7.3441698108e-01
6.1000000000e-01 -2.4581658812e+01 4.1333038101e-14 1.1777474184e+00 7.5441589650e-01
6.2000000000e-01 -2.4581596909e+01 4.0430909742e-14 1.1697318812e+00 7.7495467641e-01
6.3000000000e-01 -2.4581500696e+01 4.3949698527e-14 1.1538371337e+00 7.9597662357e-01
6.4000000000e-01 -2.4581382462e+01 4.0531846350e-14 1.1329455067e+00 8.1739810662e-01
6.5000000000e-01 -2.4581232240e+01 4.0308785578e-14 1.1107915796e+00 8.3911865826e-01
6.6000000000e-01 -2.4581133697e+01 4.0733999938e-14 1.0914805953e+00 8.6103316624e-01
6.7000000000e-01 -2.4581069719e+01 3.9798708164e-14 1.0784611176e+00 8.8304505608e-01
6.8000000000e-01 -2.4581114030e+01 3.8477837877e-14 1.0735952828e+00 9.0507769185e-01
6.9000000000e-01 -2.4581291641e+01 3.8354027878e-14 1.0762845631e+00 9.2708176667e-01
7.0000000000e-01 -2.4581623562e+01 3.7792984879e-14 1.0827441588e+00 9.4903405907e-01
7.1000000000e-01 -2.4581943173e+01 3.8942091401e-14 1.0861658282e+00 9.7092210970e-01
7.2000000000e-01 -2.4582265676e+01 4.1262226971e-14 1.0786399970e+00 9.9271352472e-01
7.3000000000e-01 -2.4582386107e+01 4.0927344461e-14 1.0543268345e+00 1.0143210168e+00
7.4000000000e-01 -2.4582066225e+01 4.1208870525e-14 1.0138357536e+00 1.0355793760e+00
7.5000000000e-01 -2.4581129166e+01 3.9091991645e-14 9.7010167556e-01 1.0562573142e+00
7.6000000000e-01 -2.4580211890e+01 3.6565292652e-14 9.4964252386e-01 1.0761273658e+00
7.7000000000e-01 -2.4580551038e+01 3.9092464602e-14 9.7474651795e-01 1.0950883387e+00
7.8000000000e-01 -2.4581799851e+01 4.0566803391e-14 1.0363494685e+00 1.1132537463e+00
7.9000000000e-01 -2.4582678022e+01 4.1456127644e-14 1.1019293919e+00 1.1308946428e+00
8.0000000000e-01 -2.4582940637e+01 4.1314927157e-14 1.1454041803e+00 1.1482760303e+00
8.1000000000e-01 -2.4582740790e+01 4.8298558186e-14 1.1567104003e+00 1.1655268068e+00
8.2000000000e-01 -2.4582235147e+01 4.6662581355e-14 1.1390895754e+00 1.1826109062e+00
8.3000000000e-01 -2.4581664404e+01 4.7746869291e-14 1.1060071861e+00 1.1993931482e+00
8.4000000000e-01 -2.4581021399e+01 4.9471150544e-14 1.0750225921e+00 1.2157536246e+00
8.5000000000e-01 -2.4580517477e+01 4.8704329123e-14 1.0653826445e+00 1.2316614270e+00
8.6000000000e-01 -2.4581328048e+01 4.9654581751e-14 1.0876474466e+00 1.2471922867e+00
8.7000000000e-01 -2.4582460677e+01 4.8176297621e-14 1.1225712692e+00 1.2625088450e+00
8.8000000000e-01 -2.4582726380e+01 4.5911108010e-14 1.1408154164e+00 1.2777737704e+00
8.9000000000e-01 -2.4582333488e+01 4.5643611604e-14 1.1312683260e+00 1.2930525521e+00
9.0000000000e-01 -2.4581523390e+01 4.0642693233e-14 1.1016879121e+00 1.3082852139e+00
9.1000000000e-01 -2.4580741183e+01 4.4595402536e-14 1.0712829004e+00 1.3233315468e+00
9.2000000000e-01 -2.4580702229e+01 4.5151045124e-14 1.0581784487e+00 1.3380598752e+00
9.3000000000e-01 -2.4581266725e+01 4.9590949945e-14 1.0642821936e+00 1.3524189791e+00
9.4000000000e-01 -2.4581657834e+01 5.0805320738e-14 1.0778344400e+00 1.3664357491e+00
9.5000000000e-01 -2.4581792119e+01 4.9300035956e-14 1.0884638875e+00 1.3801648449e+00
9.6000000000e-01 -2.4581752869e+01 5.0452552041e-14 1.0926413945e+00 1.3936518525e+00
9.7000000000e-01 -2.4581617769e+01 5.2415814823e-14 1.0916169254e+00 1.4069240777e+00
9.8000000000e-01 -2.4581650222e+01 4.8775139244e-14 1.0881452600e+00 1.4199877805e+00
9.9000000000e-01 -2.4581771775e+01 5.1517167191e-14 1.0826878414e+00 1.4328161699e+00
1.0000000000e+00 -2.4581784887e+01 5.3155463667e-14 1.0734726142e+00 1.4453280049e+00
1.0100000000e+00 -2.4581762502e+01 5.2159934557e-14 1.0611973675e+00 1.4573777813e+00
1.0200000000e+00 -2.4581782823e+01 5.2366408545e-14 1.0479728819e+00 1.4687753065e+00
1.0300000000e+00 -2.4581220526e+01 5.2064910168e-14 1.0369915706e+00 1.4793149640e+00
1.0400000000e+00 -2.4580728129e+01 5.0587321559e-14 1.0417265382e+00 1.4888365937e+00
1.0500000000e+00 -2.4581499169e+01 5.1859168805e-14 1.0704121236e+00 1.4973786604e+00
1.0600000000e+00 -2.4582068342e+01 4.9907897809e-14 1.1076137530e+00 1.5052484955e+00
1.0700000000e+00 -2.4582176446e+01 5.1300673002e-14 1.1372606565e+00 1.5128585369e+00
1.0800000000e+00 -2.4582069206e+01 5.0692989241e-14 1.1552616591e+00 1.5205523503e+00
1.0900000000e+00 -2.4582090086e+01 5.3394578935e-14 1.1611150562e+00 1.5285639615e+00
1.1000000000e+00 -2.4582069109e+01 5.2930738690e-14 1.1539380670e+00 1.5370396825e+00
1.1100000000e+00 -2.4581847331e+01 5.3399080252e-14 1.1346329940e+00 1.5460566541e+00
1.1200000000e+00 -2.4581698463e+01 5.4315665669e-14 1.1071619554e+00 1.5556269940e+00
1.1300000000e+00 -2.4581586345e+01 5.4789703113e-14 1.0763800836e+00 1.5656978129e+00
1.1400000000e+00 -2.4581515366e+01 5.5713607642e-14 1.0455962849e+00 1.5761640282e+00
1.1500000000e+00 -2.4581317102e+01 5.2817336224e-14 1.0180323929e+00 1.5869022175e+00
1.1600000000e+00 -2.4581121160e+01 5.0470797388e-14 9.9863664662e-01 1.5978123375e+00
1.1700000000e+00 -2.4581096517e+01 5.0716204183e-14 9.9191986656e-01 1.6088482062e+00
1.1800000000e+00 -2.4581310672e+01 5.1946522936e-14 9.9807336060e-01 1.6200236245e+00
1.1900000000e+00 -2.4581608663e+01 5.3058933621e-14 1.0121295911e+00 1.6313965052e+00
1.2000000000e+00 -2.4581772559e+01 5.5973362613e-14 1.0271529198e+00 1.6430438344e+00
1.2100000000e+00 -2.4581775437e+01 5.4521361720e-14 1.0380188423e+00 1.6550387791e+00
1.2200000000e+00 -2.4581717611e+01 5.6763158343e-14 1.0431934404e+00 1.6674379256e+00
1.2300000000e+00 -2.4581510885e+01 5.3088929019e-14 1.0444824627e+00 1.6802798391e+00
1.2400000000e+00 -2.4581297031e+01 5.3053975091e-14 1.0453167565e+00 1.6935899894e+00
1.2500000000e+00 -2.4581282630e+01 5.8328697107e-14 1.0482116464e+00 1.7073849773e+00
1.2600000000e+00 -2.4581376057e+01 6.0349130030e-14 1.0532344141e+00 1.7216741033e+00
1.2700000000e+00 -2.4581414782e+01 5.9813213933e-14 1.0587355654e+00 1.7364579733e+00
1.2800000000e+00 -2.4581326995e+01 6.2453795109e-14 1.0630072907e+00 1.7517271522e+00
1.2900000000e+00 -2.4581335617e+01 6.3852019918e-14 1.0652194304e+00 1.7674633995e+00
1.3000000000e+00 -2.4581377894e+01 6.3890953734e-14 1.0650452692e+00 1.7836423509e+00
1.3100000000e+00 -2.4581419309e+01 6.2382507055e-14 1.0621618785e+00 1.8002370249e+00
1.3200000000e+00 -2.4581461215e+01 5.8774808729e-14 1.0559560658e+00 1.8172188420e+00
1.3300000000e+00 -2.4581483037e+01 6.1860048849e-14 1.0458042161e+00 1.8345577945e+00
1.3400000000e+00 -2.4581563692e+01 6.1360290003e-14 1.0313413184e+00 1.8522217362e+00
1.3500000000e+00 -2.4581584592e+01 6.3019216273e-14 1.0125847695e+00 1.8701729580e+00
1.3600000000e+00 -2.4581509053e+01 6.5207056973e-14 9.9051417452e-01 1.8883611788e+00
1.3700000000e+00 -2.4581244673e+01 6.4054865587e-14 9.6906065708e-01 1.9067200920e+00
1.3800000000e+00 -2.4581123652e+01 6.2901066733e-14 9.5585619430e-01 1.9251854501e+00
1.3900000000e+00 -2.4581284550e+01 6.4623182191e-14 9.5637353896e-01 1.9437411745e+00
1.4000000000e+00 -2.4581662331e+01 6.6811683443e-14 9.6732273911e-01 1.9624501746e+00
1.4100000000e+00 -2.4581925691e+01 6.7039184668e-14 9.7996727143e-01 1.9814241155e+00
1.4200000000e+00 -2.4581891401e+01 6.9424691500e-14 9.8729658965e-01 2.0007621631e+00
1.4300000000e+00 -2.4581802269e+01 7.3491891382e-14 9.8733845123e-01 2.0205154588e+00
1.4400000000e+00 -2.4581636288e+01 7.4232539376e-14 9.8254111999e-01 2.0406894279e+00
1.4500000000e+00 -2.4581558299e+01 7.1294063196e-14 9.7657600082e-01 2.0612658259e+00
1.4600000000e+00 -2.4581501346e+01 7.3483655761e-14 9.7184023820e-01 2.0822188870e+00
1.4700000000e+00 -2.4581455343e+01 7.7119158101e-14 9.6983035420e-01 2.1035157153e+00
1.4800000000e+00 -2.4581417417e+01 7.6492410402e-14 9.7197849152e-01 2.1251115828e+00
1.4900000000e+00 -2.4581466499e+01 7.8749715712e-14 9.7895276756e-01 2.1469523738e+00
1.5000000000e+00 -2.4581609040e+01 7.9627140565e-14 9.8959533664e-01 2.1689849851e+00
1.5100000000e+00 -2.4581798052e+01 7.7526343556e-14 1.0009465959e+00 2.1911637662e+00
1.5200000000e+00 -2.4581927733e+01 7.9119190203e-14 1.0093252509e+00 2.2134443937e+00
1.5300000000e+00 -2.4582186818e+01 7.8683174910e-14 1.0108654063e+00 2.2357670471e+00
1.5400000000e+00 -2.4582452196e+01 7.4939233055e-14 1.0014339127e+00 2.2580304916e+00
1.5500000000e+00 -2.4582265145e+01 7.8074179589e-14 9.7952360809e-01 2.2800634770e+00
1.5600000000e+00 -2.4581719676e+01 7.7058775866e-14 9.5451012419e-01 2.3016202925e+00
1.5700000000e+00 -2.4581362269e+01 7.7218670145e-14 9.4372149965e-01 2.3224534206e+00
1.5800000000e+00 -2.4581203209e+01 8.0244417264e-14 9.5791549392e-01 2.3424401520e+00
1.5900000000e+00 -2.4581863139e+01 8.1658846894e-14 9.9806853470e-01 2.3616710189e+00
1.6000000000e+00 -2.4582571967e+01 7.7908140672e-14 1.0462439060e+00 2.3804482496e+00
1.6100000000e+00 -2.4582477852e+01 7.9094683540e-14 1.0815496990e+00 2.3991430246e+00
1.6200000000e+00 -2.4582152210e+01 7.8931285488e-14 1.0996634168e+00 2.4180327246e+00
1.6300000000e+00 -2.4581915150e+01 7.8662181838e-14 1.1048402301e+00 2.4372546033e+00
1.6400000000e+00 -2.4581685413e+01 8.0470240117e-14 1.1011019640e+00 2.4568302529e+00
1.6500000000e+00 -2.4581611618e+01 8.0399825838e-14 1.0910251418e+00 2.4766954025e+00
1.6600000000e+00 -2.4581554000e+01 8.1272552570e-14 1.0768131073e+00 2.4967236864e+00
1.6700000000e+00 -2.4581533397e+01 8.1051209164e-14 1.0608113860e+00 2.5167562644e+00
1.6800000000e+00 -2.4581597345e+01 8.3059455067e-14 1.0449492576e+00 2.5366369038e+00
1.6900000000e+00 -2.4581486584e+01 8.7192303069e-14 1.0304803597e+00 2.5562401853e+00
1.7000000000e+00 -2.4581413055e+01 8.2634017002e-14 1.0191305174e+00 2.5754819636e+00
1.7100000000e+00 -2.4581468392e+01 8.2264026462e-14 1.0135189494e+00 2.5943230796e+00
1.7200000000e+00 -2.4581550846e+01 8.4940685460e-14 1.0147190957e+00 2.6127784670e+00
1.7300000000e+00 -2.4581483343e+01 8.3072202502e-14 1.0224477899e+00 2.6309139120e+00
1.7400000000e+00 -2.4581307454e+01 8.2092905107e-14 1.0404290083e+00 2.6488241751e+00
1.7500000000e+00 -2.4581778788e+01 8.3378886760e-14 1.0708422804e+00 2.6666375171e+00
1.7600000000e+00 -2.4582497141e+01 8.3715676132e-14 1.1020386601e+00 2.6845327166e+00
1.7700000000e+00 -2.4582738984e+01 8.2755104712e-14 1.1179911406e+00 2.7026863881e+00
1.7800000000e+00 -2.4582440450e+01 8.2170653493e-14 1.1142552034e+00 2.7211786543e+00
1.7900000000e+00 -2.4582152948e+01 8.3741147516e-14 1.0981837150e+00 2.7399667438e+00
1.8000000000e+00 -2.4582242292e+01 8.1811384760e-14 1.0778752004e+00 2.7589467895e+00
1.8100000000e+00 -2.4582075872e+01 7.9850760242e-14 1.0555238454e+00 2.7780175205e+00
1.8200000000e+00 -2.4581546274e+01 7.7794784136e-14 1.0379147648e+00 2.7970846049e+00
1.8300000000e+00 -2.4581766413e+01 7.4928236872e-14 1.0359827556e+00 2.8160744914e+00
1.8400000000e+00 -2.4582502637e+01 7.4647708903e-14 1.0447746244e+00 2.8349920234e+00
1.8500000000e+00 -2.4582863875e+01 7.7323287668e-14 1.0465428902e+00 2.8539178888e+00
1.8600000000e+00 -2.4582651095e+01 7.3495469727e-14 1.0315565496e+00 2.8729185974e+00
1.8700000000e+00 -2.4582151447e+01 7.2082742147e-14 1.0039753954e+00 2.8919710246e+00
1.8800000000e+00 -2.4582089906e+01 7.3696175579e-14 9.7411783126e-01 2.9109492800e+00
1.8900000000e+00 -2.4582053058e+01 7.6159662105e-14 9.4741236514e-01 2.9296447917e+00
1.9000000000e+00 -2.4581555383e+01 7.6971771105e-14 9.2698890051e-01 2.9478013323e+00
1.9100000000e+00 -2.4581083261e+01 7.7450888128e-14 9.2380000699e-01 2.9651900498e+00
1.9200000000e+00 -2.4581325994e+01 7.6378785266e-14 9.4727692302e-01 2.9817214026e+00
1.9300000000e+00 -2.4582000354e+01 7.7491837347e-14 9.9034598678e-01 2.9975015799e+00
1.9400000000e+00 -2.4582464401e+01 7.6576023505e-14 1.0349549233e+00 3.0127568369e+00
1.9500000000e+00 -2.4582416610e+01 7.9681264139e-14 1.0677629660e+00 3.0276976871e+00
1.9600000000e+00 -2.4582136196e+01 7.7017317573e-14 1.0869078744e+00 3.0424409081e+00
1.9700000000e+00 -2.4581837837e+01 7.7340310383e-14 1.0983593372e+00 3.0570283057e+00
1.9800000000e+00 -2.4581776972e+01 7.6047137605e-14 1.1080820680e+00 3.0714987891e+00
1.9900000000e+00 -2.4581905149e+01 7.6874078145e-14 1.1170410961e+00 3.0859367710e+00
2.0000000000e+00 -2.4582125963e+01 7.8226442351e-14 1.1220631670e+00 3.1004468528e+00
2.0100000000e+00 -2.4582362951e+01 8.0644845897e-14 1.1179996877e+00 3.1150787167e+00
2.0200000000e+00 -2.4582358283e+01 8.0455481402e-14 1.1002854614e+00 3.1297636522e+00
2.0300000000e+00 -2.4581755528e+01 7.9883039570e-14 1.0724513620e+00 3.1443096801e+00
2.0400000000e+00 -2.4581099742e+01 7.7849098361e-14 1.0510318901e+00 3.1584967103e+00
2.0500000000e+00 -2.4581232103e+01 7.4088709625e-14 1.0509551597e+00 3.1722503794e+00
2.0600000000e+00 -2.4581755320e+01 7.8081501926e-14 1.0693271253e+00 3.1857220091e+00
2.0700000000e+00 -2.4582046790e+01 7.6087366217e-14 1.0935791845e+00 3.1991763093e+00
2.0800000000e+00 -2.4582195745e+01 7.7451761246e-14 1.1139400231e+00 3.2128367921e+00
2.0900000000e+00 -2.4582304000e+01 7.4793873895e-14 1.1254357978e+00 3.2268091570e+00
2.1000000000e+00 -2.4582282733e+01 7.2938172626e-14 1.1258246393e+00 3.2410436586e+00
2.1100000000e+00 -2.4581982814e+01 7.1236273189e-14 1.1164447433e+00 3.2553038068e+00
2.1200000000e+00 -2.4581494068e+01 7.2028214893e-14 1.1051724623e+00 3.2691985810e+00
2.1300000000e+00 -2.4581408749e+01 7.3568001505e-14 1.1032031391e+00 3.2823655569e+00
2.1400000000e+00 -2.4581938176e+01 7.1677223696e-14 1.1121175783e+00 3.2947268353e+00
2.1500000000e+00 -2.4582248251e+01 7.0569035688e-14 1.1214932123e+00 3.3065301800e+00
2.1600000000e+00 -2.4582127008e+01 6.7827549056e-14 1.1230682132e+00 3.3181118190e+00
2.1700000000e+00 -2.4581793967e+01 6.8618100168e-14 1.1183730804e+00 3.3296800058e+00
2.1800000000e+00 -2.4581530663e+01 7.0111698329e-14 1.1143933945e+00 3.3413047160e+00
2.1900000000e+00 -2.4581473105e+01 6.9975155010e-14 1.1159499343e+00 3.3530361714e+00
2.2000000000e+00 -2.4581693285e+01 6.8656258011e-14 1.1220284021e+00 3.3649991640e+00
2.2100000000e+00 -2.4581837293e+01 6.6984012733e-14 1.1280737619e+00 3.3773844475e+00
2.2200000000e+00 -2.4581966581e+01 7.0615470698e-14 1.1299799687e+00 3.3903742906e+00
2.2300000000e+00 -2.4582056635e+01 6.9891068585e-14 1.1248892917e+00 3.4040850892e+00
2.2400000000e+00 -2.4582284439e+01 7.0941292641e-14 1.1099538974e+00 3.4185549443e+00
2.2500000000e+00 -2.4582428317e+01 7.1520975348e-14 1.0818271586e+00 3.4337528698e+00
2.2600000000e+00 -2.4582055427e+01 7.0606219757e-14 1.0410311752e+00 3.4495887436e+00
2.2700000000e+00 -2.4581181820e+01 7.0080976201e-14 1.0013508542e+00 3.4659164505e+00
2.2800000000e+00 -2.4581224799e+01 6.9003001394e-14 9.8468662225e-01 3.4825374922e+00
2.2900000000e+00 -2.4582145801e+01 6.8625597565e-14 9.9167786655e-01 3.4992234524e+00
2.3000000000e+00 -2.4582450547e+01 6.8450154142e-14 1.0037553023e+00 3.5157589818e+00
2.3100000000e+00 -2.4582356517e+01 7.1034172674e-14 1.0111208695e+00 3.5319964454e+00
2.3200000000e+00 -2.4582161254e+01 7.1338439875e-14 1.0144543492e+00 3.5478948633e+00
2.3300000000e+00 -2.4581812519e+01 6.9791871252e-14 1.0188237609e+00 3.5635130401e+00
2.3400000000e+00 -2.4581712500e+01 7.3701216862e-14 1.0319668018e+00 3.5789665471e+00
2.3500000000e+00 -2.4582037407e+01 7.4366863081e-14 1.0548929282e+00 3.5943912581e+00
2.3600000000e+00 -2.4582395073e+01 6.9730430448e-14 1.0778999912e+00 3.6099269050e+00
2.3700000000e+00 -2.4582528367e+01 6.8378609555e-14 1.0905964027e+00 3.6257030456e+00
2.3800000000e+00 -2.4582514874e+01 6.6248413552e-14 1.0880729426e+00 3.6418192383e+00
2.3900000000e+00 -2.4582231134e+01 6.2062981450e-14 1.0711578970e+00 3.6583244100e+00
2.4000000000e+00 -2.4581801966e+01 6.0482176034e-14 1.0467800780e+00 3.6751998445e+00
2.4100000000e+00 -2.4581492514e+01 6.3545309902e-14 1.0258052356e+00 3.6923547350e+00
2.4200000000e+00 -2.4581469117e+01 6.3544273360e-14 1.0164682181e+00 3.7096557082e+00
2.4300000000e+00 -2.4581723663e+01 5.9802825611e-14 1.0192443187e+00 3.7269972313e+00
2.4400000000e+00 -2.4582076703e+01 5.8950152255e-14 1.0274469825e+00 3.7443523858e+00
2.4500000000e+00 -2.4582338835e+01 6.3448397461e-14 1.0322889932e+00 3.7617443145e+00
2.4600000000e+00 -2.4582423607e+01 6.5242702614e-14 1.0275856263e+00 3.7791710540e+00
2.4700000000e+00 -2.4582287644e+01 6.7196255731e-14 1.0119294185e+00 3.7965494062e+00
2.4800000000e+00 -2.4581836088e+01 6.5911842791e-14 9.9048388875e-01 3.8137102234e+00
2.4900000000e+00 -2.4581428387e+01 6.6813085623e-14 9.7440712681e-01 3.8304514395e+00
2.5000000000e+00 -2.4581380892e+01 6.5484447596e-14 9.7385891546e-01 3.8466276552e+00
2.5100000000e+00 -2.4581720812e+01 6.2369515923e-14 9.9005520061e-01 3.8622262627e+00
2.5200000000e+00 -2.4582242437e+01 6.2398540387e-14 1.0134745320e+00 3.8773840499e+00
2.5300000000e+00 -2.4582340403e+01 6.3587865577e-14 1.0310319522e+00 3.8923272696e+00
2.5400000000e+00 -2.4582159182e+01 6.2600188843e-14 1.0363709264e+00 3.9072698819e+00
2.5500000000e+00 -2.4581815944e+01 6.1188588776e-14 1.0320399150e+00 3.9223369695e+00
2.5600000000e+00 -2.4581558880e+01 5.9831651927e-14 1.0248215099e+00 3.9375502755e+00
2.5700000000e+00 -2.4581439280e+01 6.0813615882e-14 1.0202176393e+00 3.9528615701e+00
2.5800000000e+00 -2.4581468666e+01 6.0934276222e-14 1.0199905498e+00 3.9682005361e+00
2.5900000000e+00 -2.4581595875e+01 6.0891368089e-14 1.0227718483e+00 3.9835147834e+00
2.6000000000e+00 -2.4581718507e+01 5.7907250308e-14 1.0257357684e+00 3.9987933338e+00
2.6100000000e+00 -2.4581785506e+01 6.0950975864e-14 1.0257164372e+00 4.0140714470e+00
2.6200000000e+00 -2.4581873645e+01 6.1686709047e-14 1.0199200035e+00 4.0294183233e+00
2.6300000000e+00 -2.4581904985e+01 6.0389524923e-14 1.0066438929e+00 4.0449170911e+00
2.6400000000e+00 -2.4582012636e+01 6.0263900071e-14 9.8546322783e-01 4.0606504435e+00
2.6500000000e+00 -2.4581949195e+01 5.7317575444e-14 9.5700452621e-01 4.0766997307e+00
2.6600000000e+00 -2.4581797521e+01 5.9055621137e-14 9.2310419601e-01 4.0931534767e+00
2.6700000000e+00 -2.4581342345e+01 5.7386181303e-14 8.8997243599e-01 4.1101156652e+00
2.6800000000e+00 -2.4580807121e+01 5.4986338213e-14 8.7138125946e-01 4.1276912285e+00
2.6900000000e+00 -2.4580936465e+01 5.7165705888e-14 8.7985696588e-01 4.1459340341e+00
2.7000000000e+00 -2.4581651635e+01 5.7014465457e-14 9.1085719495e-01 4.1648034390e+00
2.7100000000e+00 -2.4582115450e+01 5.7770548698e-14 9.4730284794e-01 4.1841929367e+00
2.7200000000e+00 -2.4582160791e+01 5.6911466028e-14 9.7671205983e-01 4.2039960591e+00
2.7300000000e+00 -2.4582008547e+01 5.7810646552e-14 9.9603887950e-01 4.2241427810e+00
2.7400000000e+00 -2.4581837353e+01 5.7883519292e-14 1.0071553368e+00 4.2446021338e+00
2.7500000000e+00 -2.4581722761e+01 5.9312931258e-14 1.0127738131e+00 4.2653787409e+00
2.7600000000e+00 -2.4581679112e+01 5.9895271717e-14 1.0145837898e+00 4.2865077292e+00
2.7700000000e+00 -2.4581675816e+01 6.1120777353e-14 1.0129269956e+00 4.3080470426e+00
2.7800000000e+00 -2.4581691459e+01 6.1215587433e-14 1.0071867368e+00 4.3300639203e+00
2.7900000000e+00 -2.4581753445e+01 6.1765529557e-14 9.9657729609e-01 4.3526183325e+00
2.8000000000e+00 -2.4581735146e+01 5.8526894410e-14 9.8104437580e-01 4.3757425401e+00
2.8100000000e+00 -2.4581636061e+01 5.7512901465e-14 9.6229338674e-01 4.3994171181e+00
2.8200000000e+00 -2.4581652631e+01 5.4876584513e-14 9.4336461828e-01 4.4235419139e+00
2.8300000000e+00 -2.4581904791e+01 5.5392014418e-14 9.2547402771e-01 4.4478916229e+00
2.8400000000e+00 -2.4582202866e+01 5.3337584099e-14 9.0505750020e-01 4.4720562749e+00
2.8500000000e+00 -2.4582061779e+01 5.3660984911e-14 8.7848343491e-01 4.4953918785e+00
2.8600000000e+00 -2.4581372668e+01 5.4061664740e-14 8.5285822981e-01 4.5170645987e+00
2.8700000000e+00 -2.4580968884e+01 5.3950585063e-14 8.4548683770e-01 4.5362817247e+00
2.8800000000e+00 -2.4581207257e+01 5.1579090608e-14 8.6679172880e-01 4.5526353562e+00
2.8900000000e+00 -2.4581872679e+01 4.8411993936e-14 9.1031665143e-01 4.5663033244e+00
2.9000000000e+00 -2.4582382884e+01 5.1775487629e-14 9.5807141275e-01 4.5779640012e+00
2.9100000000e+00 -2.4582447104e+01 5.0353265382e-14 9.9396864848e-01 4.5885063968e+00
2.9200000000e+00 -2.4582219065e+01 5.0031809814e-14 1.0129988144e+00 4.5987602775e+00
2.9300000000e+00 -2.4581916038e+01 5.0331359605e-14 1.0187166333e+00 4.6094023771e+00
2.9400000000e+00 -2.4581621589e+01 4.9445519938e-14 1.0185625061e+00 4.6209807456e+00
2.9500000000e+00 -2.4581532282e+01 4.8626501084e-14 1.0202236426e+00 4.6339356578e+00
2.9600000000e+00 -2.4581839522e+01 4.7447618692e-14 1.0258759996e+00 4.6485819878e+00
2.9700000000e+00 -2.4582203763e+01 5.1248067988e-14 1.0296004429e+00 4.6651033862e+00
2.9800000000e+00 -2.4582296328e+01 5.2158280355e-14 1.0245147921e+00 4.6835945983e+00
2.9900000000e+00 -2.4581814212e+01 5.2966140283e-14 1.0128456562e+00 4.7041148559e+00
3.0000000000e+00 -2.4581542085e+01 5.3088762143e-14 1.0066480922e+00 4.7266847986e+00
3.0100000000e+00 -2.4581943967e+01 5.5550473893e-14 1.0128551459e+00 4.7512212242e+00
3.0200000000e+00 -2.4582413583e+01 5.4201295291e-14 1.0220642368e+00 4.7774860781e+00
3.0300000000e+00 -2.4582492641e+01 5.5207367900e-14 1.0211740261e+00 4.8051036602e+00
3.0400000000e+00 -2.4582195325e+01 5.4575035329e-14 1.0075810331e+00 4.8336042638e+00
3.0500000000e+00 -2.4581960082e+01 5.5255523606e-14 9.8832323499e-01 4.8624531704e+00
3.0600000000e+00 -2.4581840517e+01 5.5601948729e-14 9.7116839120e-01 4.8910869754e+00
3.0700000000e+00 -2.4581829020e+01 5.2025501753e-14 9.5980722730e-01 4.9190037914e+00
3.0800000000e+00 -2.4581880734e+01 5.3954840101e-14 9.5568423846e-01 4.9458912345e+00
3.0900000000e+00 -2.4581980007e+01 5.2354527915e-14 9.5863587088e-01 4.9716985570e+00
3.1000000000e+00 -2.4581941636e+01 5.2911056760e-14 9.6704885191e-01 4.9966002310e+00
3.1100000000e+00 -2.4581851074e+01 5.1899262016e-14 9.8047368702e-01 5.0208946292e+00
3.1200000000e+00 -2.4581927108e+01 5.2362320515e-14 9.9917805131e-01 5.0449123943e+00
3.1300000000e+00 -2.4582165445e+01 5.2412669503e-14 1.0201214405e+00 5.0689719991e+00
3.1400000000e+00 -2.4582386400e+01 5.0055739728e-14 1.0368479404e+00 5.0933677871e+00
3.1500000000e+00 -2.4582423908e+01 4.8885409256e-14 1.0435149912e+00 5.1183760470e+00
3.1600000000e+00 -2.4582160488e+01 5.0651028190e-14 1.0391516734e+00 5.1442627690e+00
3.1700000000e+00 -2.4581740441e+01 5.0706967908e-14 1.0301124134e+00 5.1712693299e+00
3.1800000000e+00 -2.4581735883e+01 5.1643035688e-14 1.0259813616e+00 5.1995484981e+00
3.1900000000e+00 -2.4582089122e+01 4.8666788062e-14 1.0286719316e+00 5.2290717767e+00
3.2000000000e+00 -2.4582492639e+01 4.8202222053e-14 1.0301269906e+00 5.2595815164e+00
3.2100000000e+00 -2.4582619682e+01 4.8047907750e-14 1.0217816409e+00 5.2905946603e+00
3.2200000000e+00 -2.4582341454e+01 4.9997522911e-14 1.0019050306e+00 5.3213908086e+00
3.2300000000e+00 -2.4581496449e+01 4.9698820892e-14 9.7993919957e-01 5.3510167445e+00
3.2400000000e+00 -2.4581159748e+01 4.7264216614e-14 9.7590422395e-01 5.3785393661e+00
3.2500000000e+00 -2.4582141787e+01 4.7837731010e-14 9.9653139071e-01 5.4036129290e+00
3.2600000000e+00 -2.4583065338e+01 5.1630384312e-14 1.0195527348e+00 5.4267262279e+00
3.2700000000e+00 -2.4583279127e+01 5.0004671806e-14 1.0211769032e+00 5.4487005342e+00
3.2800000000e+00 -2.4582970406e+01 5.2267337971e-14 9.9472657486e-01 5.4701019395e+00
3.2900000000e+00 -2.4582162273e+01 5.2732440031e-14 9.4929483611e-01 5.4910663282e+00
3.3000000000e+00 -2.4581042124e+01 5.2363620701e-14 9.0872895137e-01 5.5114271129e+00
3.3100000000e+00 -2.4580896163e+01 5.0126239617e-14 8.9943837932e-01 5.5309970895e+00
3.3200000000e+00 -2.4581793189e+01 5.2716453457e-14 9.2475251947e-01 5.5498479354e+00
3.3300000000e+00 -2.4582638198e+01 5.2123877324e-14 9.6328543443e-01 5.5683500088e+00
3.3400000000e+00 -2.4582909731e+01 5.4273215937e-14 9.9323428340e-01 5.5869678978e+00
3.3500000000e+00 -2.4582858059e+01 5.7055634770e-14 1.0046475993e+00 5.6060608189e+00
3.3600000000e+00 -2.4582653004e+01 5.7902574649e-14 9.9675204013e-01 5.6258192165e+00
3.3700000000e+00 -2.4582229882e+01 5.6261147412e-14 9.7458434355e-01 5.6462863738e+00
3.3800000000e+00 -2.4581738200e+01 5.8234769508e-14 9.4798107682e-01 5.6674004545e+00
3.3900000000e+00 -2.4581411239e+01 5.7773002292e-14 9.2904681449e-01 5.6890414650e+00
3.4000000000e+00 -2.4581475735e+01 5.6459616633e-14 9.2553331231e-01 5.7110846014e+00
3.4100000000e+00 -2.4581786637e+01 5.5632393959e-14 9.3582319463e-01 5.7334375430e+00
3.4200000000e+00 -2.4582025762e+01 5.5866285807e-14 9.5217365978e-01 5.7560412971e+00
3.4300000000e+00 -2.4582191904e+01 5.5044589969e-14 9.6694747684e-01 5.7788451152e+00
3.4400000000e+00 -2.4582261626e+01 5.8497246145e-14 9.7509138062e-01 5.8017763658e+00
3.4500000000e+00 -2.4582195011e+01 5.8156909796e-14 9.7457496991e-01 5.8247177865e+00
3.4600000000e+00 -2.4581955589e+01 5.8285578733e-14 9.6760721915e-01 5.8475001851e+00
3.4700000000e+00 -2.4581650155e+01 5.7251302768e-14 9.6126143298e-01 5.8699220256e+00
3.4800000000e+00 -2.4581596764e+01 5.5676135000e-14 9.6326872082e-01 5.8917989632e+00
3.4900000000e+00 -2.4581766739e+01 5.5630621446e-14 9.7521604822e-01 5.9130177916e+00
3.5000000000e+00 -2.4581949328e+01 5.4974119923e-14 9.9248680761e-01 5.9335512642e+00
3.5100000000e+00 -2.4582069583e+01 5.4000253866e-14 1.0097904788e+00 5.9534364085e+00
3.5200000000e+00 -2.4582137844e+01 5.5592138434e-14 1.0238157826e+00 5.9727505494e+00
3.5300000000e+00 -2.4582194150e+01 5.8445334140e-14 1.0323921455e+00 5.9915948141e+00
3.5400000000e+00 -2.4582229503e+01 6.0795963872e-14 1.0338533050e+00 6.0100734523e+00
3.5500000000e+00 -2.4582147796e+01 5.8508386373e-14 1.0277872434e+00 6.0282707478e+00
3.5600000000e+00 -2.4581920193e+01 6.2137097142e-14 1.0166113949e+00 6.0462354188e+00
3.5700000000e+00 -2.4581600197e+01 6.2200871960e-14 1.0064096248e+00 6.0639840195e+00
3.5800000000e+00 -2.4581385652e+01 6.1245421723e-14 1.0049559484e+00 6.0815285403e+00
3.5900000000e+00 -2.4581480265e+01 6.1156789243e-14 1.0165256252e+00 6.0989126729e+00
3.6000000000e+00 -2.4581852239e+01 6.0755604634e-14 1.0378228466e+00 6.1162271316e+00
3.6100000000e+00 -2.4582282354e+01 6.1396061026e-14 1.0594640963e+00 6.1335867244e+00
3.6200000000e+00 -2.4582667746e+01 6.2337416301e-14 1.0709551828e+00 6.1510786412e+00
3.6300000000e+00 -2.4582875368e+01 6.3955110191e-14 1.0645327614e+00 6.1687107094e+00
3.6400000000e+00 -2.4582781880e+01 6.4039277020e-14 1.0372829356e+00 6.1863715666e+00
3.6500000000e+00 -2.4582233735e+01 6.2808702818e-14 9.9437901187e-01 6.2038198245e+00
3.6600000000e+00 -2.4581444277e+01 6.3303842069e-14 9.5154352618e-01 6.2207366242e+00
3.6700000000e+00 -2.4581070455e+01 6.1193837429e-14 9.2898346061e-01 6.2368760985e+00
3.6800000000e+00 -2.4581448999e+01 6.1914844735e-14 9.3598670991e-01 6.2522481872e+00
3.6900000000e+00 -2.4581933925e+01 6.1174900575e-14 9.6469993848e-01 6.2671574980e+00
3.7000000000e+00 -2.4582198593e+01 6.0486780347e-14 1.0014077809e+00 6.2820500983e+00
3.7100000000e+00 -2.4582320613e+01 5.8296356361e-14 1.0372587283e+00 6.2973368178e+00
3.7200000000e+00 -2.4582286388e+01 5.8049802704e-14 1.0687996079e+00 6.3133193832e+00
3.7300000000e+00 -2.4582339977e+01 6.1627879082e-14 1.0945473370e+00 6.3301910256e+00
3.7400000000e+00 -2.4582388908e+01 6.0127526842e-14 1.1130568930e+00 6.3480580178e+00
3.7500000000e+00 -2.4582413062e+01 5.9240880564e-14 1.1228800953e+00 6.3669591030e+00
3.7600000000e+00 -2.4582385209e+01 5.6968837887e-14 1.1234423576e+00 6.3868866102e+00
3.7700000000e+00 -2.4582300560e+01 5.5810658572e-14 1.1154570580e+00 6.4078025734e+00
3.7800000000e+00 -2.4582158191e+01 5.8732476955e-14 1.1013812656e+00 6.4296459506e+00
3.7900000000e+00 -2.4582086917e+01 5.7454450482e-14 1.0849397948e+00 6.4523316724e+00
3.8000000000e+00 -2.4582133640e+01 5.7918325182e-14 1.0690350321e+00 6.4757472345e+00
3.8100000000e+00 -2.4582292667e+01 5.8227890163e-14 1.0534847973e+00 6.4997549325e+00
3.8200000000e+00 -2.4582421975e+01 5.8542871748e-14 1.0356868593e+00 6.5242043888e+00
3.8300000000e+00 -2.4582449852e+01 5.7003330590e-14 1.0135276173e+00 6.5489415044e+00
3.8400000000e+00 -2.4582498412e+01 5.9937341352e-14 9.8716181036e-01 6.5737902826e+00
3.8500000000e+00 -2.4582559770e+01 5.6223342615e-14 9.5783299256e-01 6.5985083784e+00
3.8600000000e+00 -2.4582634402e+01 5.8238790903e-14 9.2609359908e-01 6.6227469648e+00
3.8700000000e+00 -2.4582555692e+01 6.0649483043e-14 8.9279893544e-01 6.6460550265e+00
3.8800000000e+00 -2.4582230299e+01 6.4191248086e-14 8.6266711300e-01 6.6679346187e+00
3.8900000000e+00 -2.4581779327e+01 6.4353970124e-14 8.4672725318e-01 6.6879468245e+00
3.9000000000e+00 -2.4581778501e+01 6.5271766914e-14 8.5612833505e-01 6.7058577107e+00
3.9100000000e+00 -2.4582246238e+01 6.8074780306e-14 8.9014251122e-01 6.7217294131e+00
3.9200000000e+00 -2.4582666007e+01 6.8117045834e-14 9.3639712615e-01 6.7358641345e+00
3.9300000000e+00 -2.4582904648e+01 7.0206838350e-14 9.8138607418e-01 6.7486877048e+00
3.9400000000e+00 -2.4583024911e+01 6.9769722137e-14 1.0153321636e+00 6.7606729422e+00
3.9500000000e+00 -2.4583011991e+01 7.1042476477e-14 1.0328142626e+00 6.7722809960e+00
3.9600000000e+00 -2.4582865371e+01 7.1547047764e-14 1.0324355910e+00 6.7839090231e+00
3.9700000000e+00 -2.4582719456e+01 7.0553341109e-14 1.0154389671e+00 6.7958676455e+00
3.9800000000e+00 -2.4582494269e+01 7.0232817349e-14 9.8501494182e-01 6.8083909197e+00
3.9900000000e+00 -2.4582056844e+01 6.6037275017e-14 9.4805465140e-01 6.8216563361e+00
4.0000000000e+00 -2.4581505625e+01 6.5137930643e-14 9.1680327834e-01 6.8357938892e+00
4.0100000000e+00 -2.4581319627e+01 6.5343864158e-14 9.0455504394e-01 6.8508752923e+00
4.0200000000e+00 -2.4581657033e+01 6.5638127897e-14 9.1582041360e-01 6.8668978804e+00
4.0300000000e+00 -2.4582126596e+01 6.2977859789e-14 9.4279535230e-01 6.8837951093e+00
4.0400000000e+00 -2.4582437909e+01 6.4403677854e-14 9.7319132507e-01 6.9014765125e+00
4.0500000000e+00 -2.4582567209e+01 6.2082516037e-14 9.9787154951e-01 6.9198733947e+00
4.0600000000e+00 -2.4582579982e+01 6.3312019401e-14 1.0122608365e+00 6.9389652576e+00
4.0700000000e+00 -2.4582590391e+01 6.3769049583e-14 1.0147012048e+00 6.9587879457e+00
4.0800000000e+00 -2.4582569657e+01 6.5356689883e-14 1.0047858762e+00 6.9794359827e+00
4.0900000000e+00 -2.4582491180e+01 6.3408242747e-14 9.8327647952e-01 7.0010662653e+00
4.1000000000e+00 -2.4582236172e+01 6.1709327745e-14 9.5374168042e-01 7.0238932255e+00
4.1100000000e+00 -2.4581828205e+01 6.0701310614e-14 9.2458720137e-01 7.0481626824e+00
4.1200000000e+00 -2.4581575409e+01 5.7416056122e-14 9.0693743486e-01 7.0740898366e+00
4.1300000000e+00 -2.4581723493e+01 5.7341622022e-14 9.0702365406e-01 7.1017826793e+00
4.1400000000e+00 -2.4582086510e+01 5.4177546995e-14 9.2137133099e-01 7.1312039426e+00
4.1500000000e+00 -2.4582373321e+01 5.6412686806e-14 9.4096922648e-01 7.1621940503e+00
4.1600000000e+00 -2.4582478963e+01 5.6953386117e-14 9.5800717784e-01 7.1945206251e+00
4.1700000000e+00 -2.4582525340e+01 5.5897083214e-14 9.6890164209e-01 7.2279099440e+00
4.1800000000e+00 -2.4582465209e+01 5.6499070012e-14 9.7366321129e-01 7.2620523379e+00
4.1900000000e+00 -2.4582429405e+01 5.8290786076e-14 9.7371623645e-01 7.2965987527e+00
4.2000000000e+00 -2.4582428320e+01 6.0582792438e-14 9.7045100929e-01 7.3311625009e+00
4.2100000000e+00 -2.4582270941e+01 5.9078895094e-14 9.6520752341e-01 7.3653250401e+00
4.2200000000e+00 -2.4582246269e+01 6.1343169015e-14 9.5969258366e-01 7.3986475083e+00
4.2300000000e+00 -2.4582044699e+01 6.3517274898e-14 9.5674137259e-01 7.4306871013e+00
4.2400000000e+00 -2.4581789245e+01 6.5686517888e-14 9.6327862167e-01 7.4610455482e+00
4.2500000000e+00 -2.4582130575e+01 6.7975308673e-14 9.8646344990e-01 7.4895165062e+00
4.2600000000e+00 -2.4582837134e+01 6.6447566836e-14 1.0194398337e+00 7.5162388536e+00
4.2700000000e+00 -2.4583056223e+01 6.9492002218e-14 1.0454863987e+00 7.5415861565e+00
4.2800000000e+00 -2.4582783048e+01 7.2063828437e-14 1.0573607526e+00 7.5658515609e+00
4.2900000000e+00 -2.4582339024e+01 7.2992942367e-14 1.0605268442e+00 7.5890779777e+00
4.3000000000e+00 -2.4582039000e+01 7.4135973781e-14 1.0645040285e+00 7.6111343356e+00
4.3100000000e+00 -2.4581997751e+01 7.5226356001e-14 1.0756957944e+00 7.6319070855e+00
4.3200000000e+00 -2.4582133009e+01 7.2515009592e-14 1.0949181695e+00 7.6514634012e+00
4.3300000000e+00 -2.4582368380e+01 7.3082723320e-14 1.1179285267e+00 7.6700923217e+00
4.3400000000e+00 -2.4582620277e+01 7.4442440751e-14 1.1377568862e+00 7.6882169542e+00
4.3500000000e+00 -2.4582924955e+01 7.2305746334e-14 1.1469606258e+00 7.7062557101e+00
4.3600000000e+00 -2.4583111236e+01 7.4057581645e-14 1.1391501848e+00 7.7245073924e+00
4.3700000000e+00 -2.4582891786e+01 7.5352993668e-14 1.1122195155e+00 7.7430949419e+00
4.3800000000e+00 -2.4582107590e+01 7.6038546006e-14 1.0750941033e+00 7.7619701611e+00
4.3900000000e+00 -2.4581659452e+01 7.6695084244e-14 1.0476770608e+00 7.7809969378e+00
4.4000000000e+00 -2.4581945533e+01 7.9706311639e-14 1.0417693828e+00 7.8000888738e+00
4.4100000000e+00 -2.4582154048e+01 7.6379476168e-14 1.0523054340e+00 7.8192826352e+00
4.4200000000e+00 -2.4582396163e+01 7.9000974302e-14 1.0709272487e+00 7.8386784565e+00
4.4300000000e+00 -2.4582781659e+01 7.7481546629e-14 1.0887539146e+00 7.8583370887e+00
4.4400000000e+00 -2.4582960654e+01 7.7291215176e-14 1.0962599360e+00 7.8782190977e+00
4.4500000000e+00 -2.4582523731e+01 8.2185052645e-14 1.0912582921e+00 7.8981768858e+00
4.4600000000e+00 -2.4581974233e+01 8.3483595956e-14 1.0835326774e+00 7.9180027334e+00
4.4700000000e+00 -2.4582050812e+01 8.4447204315e-14 1.0851908190e+00 7.9375372690e+00
4.4800000000e+00 -2.4582450077e+01 8.3914648679e-14 1.0952210508e+00 7.9567690238e+00
4.4900000000e+00 -2.4582544521e+01 8.1635980322e-14 1.1035022754e+00 7.9758458860e+00
4.5000000000e+00 -2.4582517690e+01 7.9109681518e-14 1.1035734942e+00 7.9950184616e+00
4.5100000000e+00 -2.4582365569e+01 8.0255615254e-14 1.0949778677e+00 8.0145858112e+00
4.5200000000e+00 -2.4582086834e+01 8.2855074800e-14 1.0814125348e+00 8.0348613601e+00
4.5300000000e+00 -2.4581781686e+01 8.2495771608e-14 1.0705108848e+00 8.0561362025e+00
4.5400000000e+00 -2.4581811396e+01 8.4329574055e-14 1.0701993809e+00 8.0786236245e+00
4.5500000000e+00 -2.4582283629e+01 8.6117425560e-14 1.0801180269e+00 8.1023992433e+00
4.5600000000e+00 -2.4582604125e+01 8.4166439929e-14 1.0910993133e+00 8.1273837970e+00
4.5700000000e+00 -2.4582655744e+01 8.3337060129e-14 1.0954300014e+00 8.1533834333e+00
4.5800000000e+00 -2.4582580263e+01 8.3751199498e-14 1.0919133600e+00 8.1801320040e+00
4.5900000000e+00 -2.4582625777e+01 8.2161979740e-14 1.0820854018e+00 8.2072739599e+00
4.6000000000e+00 -2.4582644988e+01 8.3762318510e-14 1.0667774169e+00 8.2343060538e+00
4.6100000000e+00 -2.4582306871e+01 8.2853997407e-14 1.0491249940e+00 8.2605432110e+00
4.6200000000e+00 -2.4581814680e+01 8.6770890186e-14 1.0399500581e+00 8.2852127666e+00
4.6300000000e+00 -2.4582089226e+01 8.7282247734e-14 1.0511197170e+00 8.3077621515e+00
4.6400000000e+00 -2.4582902027e+01 8.5925811226e-14 1.0761936145e+00 8.3282004630e+00
4.6500000000e+00 -2.4583110068e+01 8.6286977912e-14 1.0957314872e+00 8.3470372794e+00
4.6600000000e+00 -2.4582640303e+01 8.6889422388e-14 1.1023901413e+00 8.3648750685e+00
4.6700000000e+00 -2.4582100706e+01 8.9070202304e-14 1.1049153919e+00 8.3821413375e+00
4.6800000000e+00 -2.4582116261e+01 8.9835910385e-14 1.1146977392e+00 8.3990749548e+00
4.6900000000e+00 -2.4582734655e+01 8.8061771265e-14 1.1317238093e+00 8.4157758733e+00
4.7000000000e+00 -2.4583327750e+01 8.9240356725e-14 1.1429462387e+00 8.4321982984e+00
4.7100000000e+00 -2.4583265883e+01 8.8589466920e-14 1.1360292900e+00 8.4481108880e+00
4.7200000000e+00 -2.4582628208e+01 8.7413765182e-14 1.1137221674e+00 8.4631203366e+00
4.7300000000e+00 -2.4582236008e+01 8.9484772118e-14 1.0921346590e+00 8.4768326267e+00
4.7400000000e+00 -2.4582544604e+01 8.4622758216e-14 1.0821831246e+00 8.4890598683e+00
4.7500000000e+00 -2.4582991982e+01 8.2973931973e-14 1.0791650329e+00 8.4997945634e+00
4.7600000000e+00 -2.4582840372e+01 8.6478432273e-14 1.0753224653e+00 8.5089021058e+00
4.7700000000e+00 -2.4582365514e+01 8.6788058986e-14 1.0755392337e+00 8.5159402296e+00
4.7800000000e+00 -2.4582839878e+01 8.4144693122e-14 1.0890948183e+00 8.5204961182e+00
4.7900000000e+00 -2.4583428882e+01 8.5734651470e-14 1.1040454874e+00 8.5226883196e+00
4.8000000000e+00 -2.4582903196e+01 8.4387686499e-14 1.1058525444e+00 8.5230807786e+00
4.8100000000e+00 -2.4582287259e+01 8.3700127571e-14 1.1029021849e+00 8.5222867678e+00
4.8200000000e+00 -2.4582235106e+01 8.6054142385e-14 1.1082454243e+00 8.5209003437e+00
4.8300000000e+00 -2.4582518484e+01 8.4262947175e-14 1.1212282150e+00 8.5196099395e+00
4.8400000000e+00 -2.4582746734e+01 8.5802715736e-14 1.1333906974e+00 8.5191887111e+00
4.8500000000e+00 -2.4582775959e+01 8.4584878751e-14 1.1382462796e+00 8.5203785768e+00
4.8600000000e+00 -2.4582582139e+01 8.4493447431e-14 1.1343711051e+00 8.5238030594e+00
4.8700000000e+00 -2.4582179884e+01 8.8174654206e-14 1.1265778425e+00 8.5299234069e+00
4.8800000000e+00 -2.4581853681e+01 9.2651923769e-14 1.1242115933e+00 8.5389807433e+00
4.8900000000e+00 -2.4581983549e+01 9.3567235879e-14 1.1337758585e+00 8.5509289988e+00
4.9000000000e+00 -2.4582343653e+01 9.4159742022e-14 1.1519770071e+00 8.5654271913e+00
4.9100000000e+00 -2.4582604323e+01 9.2149999132e-14 1.1686703982e+00 8.5819261721e+00
4.9200000000e+00 -2.4582522460e+01 8.9462553905e-14 1.1764376234e+00 8.5997994414e+00
4.9300000000e+00 -2.4582202137e+01 9.0255191399e-14 1.1748165408e+00 8.6184571949e+00
4.9400000000e+00 -2.4582045423e+01 9.4113979713e-14 1.1670492442e+00 8.6374264029e+00
4.9500000000e+00 -2.4581937790e+01 8.9625052988e-14 1.1567528343e+00 8.6563973502e+00
4.9600000000e+00 -2.4581921540e+01 8.8741481312e-14 1.1465103683e+00 8.6752287365e+00
4.9700000000e+00 -2.4581943966e+01 8.2164923832e-14 1.1368786059e+00 8.6939017862e+00
4.9800000000e+00 -2.4582071515e+01 8.0249608768e-14 1.1260482884e+00 8.7124359450e+00
4.9900000000e+00 -2.4582072068e+01 8.0891503274e-14 1.1119496444e+00 8.7308053957e+00
