0.0000000000e+00 2.3844879355e+00 0.0000000000e+00 7.9482931183e-01 0.0000000000e+00
1.0000000000e-02 2.4426813364e+00 0.0000000000e+00 6.0305188821e-01 2.1240133038e-04
2.0000000000e-02 2.4428698157e+00 0.0000000000e+00 4.1455879528e-01 7.1109500397e-04
3.0000000000e-02 2.4429612070e+00 0.0000000000e+00 3.4361301744e-01 1.3106516026e-03
4.0000000000e-02 2.4428472128e+00 0.0000000000e+00 4.3356682700e-01 1.9435232816e-03
5.0000000000e-02 2.4426608601e+00 0.0000000000e+00 6.3013868412e-01 2.7077152304e-03
6.0000000000e-02 2.4425616265e+00 0.0000000000e+00 8.3828465987e-01 3.8014977396e-03
7.0000000000e-02 2.3991760657e+00 0.0000000000e+00 7.4673717733e-01 5.3925799181e-03
8.0000000000e-02 2.3992779378e+00 0.0000000000e+00 6.2235052967e-01 7.4446603747e-03
9.0000000000e-02 2.3993378983e+00 0.0000000000e+00 5.6428109999e-01 9.8634906610e-03
1.0000000000e-01 2.3992987310e+00 0.0000000000e+00 6.0134416926e-01 1.2615449150e-02
1.1000000000e-01 2.3991986989e+00 0.0000000000e+00 7.1480426869e-01 1.5751431060e-02
1.2000000000e-01 2.3991181842e+00 0.0000000000e+00 8.5502793538e-01 1.9380003146e-02
1.3000000000e-01 2.3990909287e+00 0.0000000000e+00 9.7814234298e-01 2.3613816300e-02
1.4000000000e-01 2.3991023445e+00 0.0000000000e+00 1.0641521785e+00 2.8530587844e-02
1.5000000000e-01 2.3964858779e+00 0.0000000000e+00 1.0550644260e+00 3.4163980620e-02
1.6000000000e-01 2.3964893011e+00 0.0000000000e+00 1.0484506957e+00 4.0524184004e-02
1.7000000000e-01 2.3964884953e+00 0.0000000000e+00 1.0499811677e+00 4.7621236150e-02
1.8000000000e-01 2.3964837752e+00 0.0000000000e+00 1.0592840226e+00 5.5466359561e-02
1.9000000000e-01 2.3964768849e+00 0.0000000000e+00 1.0741752728e+00 6.4069440101e-02
2.0000000000e-01 2.3964700215e+00 0.0000000000e+00 1.0914444506e+00 7.3435929608e-02
2.1000000000e-01 2.3964648315e+00 0.0000000000e+00 1.1078542075e+00 8.3564273078e-02
2.2000000000e-01 2.3964619762e+00 0.0000000000e+00 1.1209032788e+00 9.4444673757e-02
2.3000000000e-01 2.3964612832e+00 0.0000000000e+00 1.1291474886e+00 1.0605939403e-01
2.4000000000e-01 2.3964621525e+00 0.0000000000e+00 1.1321372215e+00 1.1838424825e-01
2.5000000000e-01 2.3964639147e+00 0.0000000000e+00 1.1301513165e+00 1.3139070397e-01
2.6000000000e-01 2.3964660268e+00 0.0000000000e+00 1.1238921030e+00 1.4504805185e-01
2.7000000000e-01 2.3964681285e+00 0.0000000000e+00 1.1142348309e+00 1.5932528898e-01
2.8000000000e-01 2.3964700210e+00 0.0000000000e+00 1.1020599815e+00 1.7419255644e-01
2.9000000000e-01 2.3964716206e+00 0.0000000000e+00 1.0881602254e+00 1.8962211388e-01
3.0000000000e-01 2.3964729139e+00 0.0000000000e+00 1.0732009755e+00 2.0558891201e-01
3.1000000000e-01 2.3964739247e+00 0.0000000000e+00 1.0577138205e+00 2.2207085252e-01
3.2000000000e-01 2.3964746924e+00 0.0000000000e+00 1.0421072575e+00 2.3904882478e-01
3.3000000000e-01 2.3964752597e+00 0.0000000000e+00 1.0266846684e+00 2.5650659498e-01
3.4000000000e-01 2.3945204700e+00 0.0000000000e+00 1.0457638000e+00 2.7456239938e-01
3.5000000000e-01 2.3945164957e+00 0.0000000000e+00 1.0717299602e+00 2.9345830767e-01
3.6000000000e-01 2.3945090622e+00 0.0000000000e+00 1.0970101839e+00 3.1321940922e-01
3.7000000000e-01 2.3944958839e+00 0.0000000000e+00 1.1185237333e+00 3.3384674691e-01
3.8000000000e-01 2.3944736734e+00 0.0000000000e+00 1.1308191131e+00 3.5530120060e-01
3.9000000000e-01 2.3944387472e+00 0.0000000000e+00 1.1248156894e+00 3.7747018955e-01
4.0000000000e-01 2.3943902050e+00 0.0000000000e+00 1.0866478025e+00 4.0011371995e-01
4.1000000000e-01 2.3943390151e+00 0.0000000000e+00 9.9834806965e-01 4.2278409950e-01
4.2000000000e-01 2.3943231846e+00 0.0000000000e+00 8.4474215248e-01 4.4472644390e-01
4.3000000000e-01 2.3944057953e+00 0.0000000000e+00 6.3253964263e-01 4.6480737915e-01
4.4000000000e-01 2.3945976687e+00 0.0000000000e+00 4.1688877071e-01 4.8159199847e-01
4.5000000000e-01 2.3947479100e+00 0.0000000000e+00 2.9782219788e-01 4.9371663556e-01
4.6000000000e-01 2.3946817182e+00 0.0000000000e+00 3.4729076238e-01 5.0049828208e-01
4.7000000000e-01 2.3944804231e+00 0.0000000000e+00 5.3403476564e-01 5.0233056282e-01
4.8000000000e-01 2.3943435729e+00 0.0000000000e+00 7.5794750748e-01 5.0045971622e-01
4.9000000000e-01 2.3943243175e+00 0.0000000000e+00 9.4010802086e-01 4.9636915779e-01
5.0000000000e-01 2.3943668713e+00 0.0000000000e+00 1.0555754408e+00 4.9129987317e-01
5.1000000000e-01 2.3944191316e+00 0.0000000000e+00 1.1131921477e+00 4.8609810943e-01
5.2000000000e-01 2.3944602558e+00 0.0000000000e+00 1.1311569135e+00 4.8126734542e-01
5.3000000000e-01 2.3944875762e+00 0.0000000000e+00 1.1254273354e+00 4.7707522975e-01
5.4000000000e-01 2.3945042179e+00 0.0000000000e+00 1.1070641202e+00 4.7364565474e-01
5.5000000000e-01 2.3920527255e+00 0.0000000000e+00 1.1211630219e+00 4.7101793777e-01
5.6000000000e-01 2.3920409984e+00 0.0000000000e+00 1.1300823286e+00 4.6917075776e-01
5.7000000000e-01 2.3920256068e+00 0.0000000000e+00 1.1270370534e+00 4.6803067304e-01
5.8000000000e-01 2.3920082829e+00 0.0000000000e+00 1.1059943215e+00 4.6744930971e-01
5.9000000000e-01 2.3919947187e+00 0.0000000000e+00 1.0607034602e+00 4.6716784336e-01
6.0000000000e-01 2.3919961413e+00 0.0000000000e+00 9.8763385260e-01 4.6677952627e-01
6.1000000000e-01 2.3920258280e+00 0.0000000000e+00 8.9127140941e-01 4.6570841073e-01
6.2000000000e-01 2.3920850180e+00 0.0000000000e+00 7.8969561509e-01 4.6323818448e-01
6.3000000000e-01 2.3921462306e+00 0.0000000000e+00 7.1381967955e-01 4.5862812124e-01
6.4000000000e-01 2.3921648101e+00 0.0000000000e+00 6.9369329921e-01 4.5131407681e-01
6.5000000000e-01 2.3921250128e+00 0.0000000000e+00 7.3821907040e-01 4.4111036377e-01
6.6000000000e-01 2.3920594168e+00 0.0000000000e+00 8.2821737415e-01 4.2828275267e-01
6.7000000000e-01 2.3920102812e+00 0.0000000000e+00 9.3088044546e-01 4.1343984915e-01
6.8000000000e-01 2.3919928915e+00 0.0000000000e+00 1.0194532297e+00 3.9732474821e-01
6.9000000000e-01 2.3919989758e+00 0.0000000000e+00 1.0816211388e+00 3.8063236390e-01
7.0000000000e-01 2.3920150329e+00 0.0000000000e+00 1.1167748474e+00 3.6391429653e-01
7.1000000000e-01 2.3920320085e+00 0.0000000000e+00 1.1300135494e+00 3.4756075921e-01
7.2000000000e-01 2.3920460322e+00 0.0000000000e+00 1.1277273481e+00 3.3182337237e-01
7.3000000000e-01 2.3920563147e+00 0.0000000000e+00 1.1155046561e+00 3.1684996420e-01
7.4000000000e-01 2.3935336644e+00 0.0000000000e+00 1.1146866548e+00 3.0268330411e-01
7.5000000000e-01 2.3935195571e+00 0.0000000000e+00 1.1283876812e+00 2.8911898767e-01
7.6000000000e-01 2.3934987271e+00 0.0000000000e+00 1.1297706195e+00 2.7617829490e-01
7.7000000000e-01 2.3934711782e+00 0.0000000000e+00 1.1105150989e+00 2.6396340521e-01
7.8000000000e-01 2.3934421096e+00 0.0000000000e+00 1.0602087523e+00 2.5261383136e-01
7.9000000000e-01 2.3934275132e+00 0.0000000000e+00 9.6945918486e-01 2.4231227343e-01
8.0000000000e-01 2.3934551511e+00 0.0000000000e+00 8.3795972314e-01 2.3328288925e-01
8.1000000000e-01 2.3935433134e+00 0.0000000000e+00 6.8687633877e-01 2.2577339605e-01
8.2000000000e-01 2.3936547344e+00 0.0000000000e+00 5.6456979693e-01 2.2001388015e-01
8.3000000000e-01 2.3936966261e+00 0.0000000000e+00 5.2634390658e-01 2.1615786119e-01
8.4000000000e-01 2.3936265229e+00 0.0000000000e+00 5.9220946262e-01 2.1423213465e-01
8.5000000000e-01 2.3935134401e+00 0.0000000000e+00 7.2847747429e-01 2.1412807009e-01
8.6000000000e-01 2.3934415718e+00 0.0000000000e+00 8.7789716343e-01 2.1564074779e-01
8.7000000000e-01 2.3934286512e+00 0.0000000000e+00 9.9904381138e-01 2.1852870921e-01
8.8000000000e-01 2.3934496738e+00 0.0000000000e+00 1.0779248815e+00 2.2256248735e-01
8.9000000000e-01 2.3934793587e+00 0.0000000000e+00 1.1185156608e+00 2.2754951309e-01
9.0000000000e-01 2.3935052462e+00 0.0000000000e+00 1.1310531217e+00 2.3333990788e-01
9.1000000000e-01 2.3935240960e+00 0.0000000000e+00 1.1255244628e+00 2.3982223855e-01
9.2000000000e-01 2.3935365952e+00 0.0000000000e+00 1.1095248650e+00 2.4691594468e-01
9.3000000000e-01 2.3935444121e+00 0.0000000000e+00 1.0881853002e+00 2.5456382470e-01
9.4000000000e-01 2.3935490799e+00 0.0000000000e+00 1.0647338785e+00 2.6272579876e-01
9.5000000000e-01 2.3935517318e+00 0.0000000000e+00 1.0410937897e+00 2.7137413040e-01
9.6000000000e-01 2.3935531321e+00 0.0000000000e+00 1.0183470630e+00 2.8048990850e-01
9.7000000000e-01 2.3935537733e+00 0.0000000000e+00 9.9705366738e-01 2.9006050716e-01
9.8000000000e-01 2.3935539650e+00 0.0000000000e+00 9.7745868840e-01 3.0007776748e-01
9.9000000000e-01 2.3935538987e+00 0.0000000000e+00 9.5962264831e-01 3.1053669934e-01
1.0000000000e+00 2.3935536919e+00 0.0000000000e+00 9.4350190801e-01 3.2143455388e-01
1.0100000000e+00 2.3935534157e+00 0.0000000000e+00 9.2899756239e-01 3.3277015938e-01
1.0200000000e+00 2.3935531127e+00 0.0000000000e+00 9.1598475344e-01 3.4454344427e-01
1.0300000000e+00 2.3935528076e+00 0.0000000000e+00 9.0432992074e-01 3.5675509381e-01
1.0400000000e+00 2.3935525143e+00 0.0000000000e+00 8.9390066835e-01 3.6940630243e-01
1.0500000000e+00 2.3935522401e+00 0.0000000000e+00 8.8457114031e-01 3.8249859507e-01
1.0600000000e+00 2.3920779361e+00 0.0000000000e+00 8.8064442888e-01 3.9604479945e-01
1.0700000000e+00 2.3920779099e+00 0.0000000000e+00 8.8230192682e-01 4.1012959052e-01
1.0800000000e+00 2.3911076746e+00 0.0000000000e+00 8.8419856194e-01 4.2477021866e-01
1.0900000000e+00 2.3911079027e+00 0.0000000000e+00 8.9315872247e-01 4.3996885851e-01
1.1000000000e+00 2.3911081438e+00 0.0000000000e+00 9.0311178816e-01 4.5573401487e-01
1.1100000000e+00 2.3911083916e+00 0.0000000000e+00 9.1416233356e-01 4.7207641953e-01
1.1200000000e+00 2.3911086355e+00 0.0000000000e+00 9.2641933285e-01 4.8900798605e-01
1.1300000000e+00 2.3911088569e+00 0.0000000000e+00 9.3999200596e-01 5.0654187466e-01
1.1400000000e+00 2.3911090259e+00 0.0000000000e+00 9.5498257190e-01 5.2469252572e-01
1.1500000000e+00 2.3911090939e+00 0.0000000000e+00 9.7147409892e-01 5.4347563935e-01
1.1600000000e+00 2.3911089839e+00 0.0000000000e+00 9.8951062873e-01 5.6290806687e-01
1.1700000000e+00 2.3911085749e+00 0.0000000000e+00 1.0090652038e+00 5.8300756224e-01
1.1800000000e+00 2.3911076784e+00 0.0000000000e+00 1.0299891257e+00 6.0379231560e-01
1.1900000000e+00 2.3911060050e+00 0.0000000000e+00 1.0519325199e+00 6.2528015259e-01
1.2000000000e+00 2.3911031199e+00 0.0000000000e+00 1.0742221672e+00 6.4748722933e-01
1.2100000000e+00 2.3910983944e+00 0.0000000000e+00 1.0956786631e+00 6.7042597896e-01
1.2200000000e+00 2.3910909812e+00 0.0000000000e+00 1.1143553017e+00 6.9410197747e-01
1.2300000000e+00 2.3910798975e+00 0.0000000000e+00 1.1271968811e+00 7.1850931577e-01
1.2400000000e+00 2.3910644139e+00 0.0000000000e+00 1.1296748841e+00 7.4362406857e-01
1.2500000000e+00 2.3910451194e+00 0.0000000000e+00 1.1156095966e+00 7.6939572767e-01
1.2600000000e+00 2.3910260783e+00 0.0000000000e+00 1.0777113073e+00 7.9573741379e-01
1.2700000000e+00 2.3910176184e+00 0.0000000000e+00 1.0098406640e+00 8.2251792203e-01
1.2800000000e+00 2.3910360498e+00 0.0000000000e+00 9.1210489885e-01 8.4956260866e-01
1.2900000000e+00 2.3910922310e+00 0.0000000000e+00 7.9814175897e-01 8.7667426949e-01
1.3000000000e+00 2.3911681672e+00 0.0000000000e+00 6.9878092576e-01 9.0368306410e-01
1.3100000000e+00 2.3912121194e+00 0.0000000000e+00 6.5203679339e-01 9.3051636585e-01
1.3200000000e+00 2.3911860718e+00 0.0000000000e+00 6.7906800357e-01 9.5724907922e-01
1.3300000000e+00 2.3911131415e+00 0.0000000000e+00 7.6739214281e-01 9.8408835743e-01
1.3400000000e+00 2.3910479146e+00 0.0000000000e+00 8.8103523738e-01 1.0112931239e+00
1.3500000000e+00 2.3910193081e+00 0.0000000000e+00 9.8539474858e-01 1.0390838267e+00
1.3600000000e+00 2.3910220406e+00 0.0000000000e+00 1.0620190356e+00 1.0675944814e+00
1.3700000000e+00 2.3910394951e+00 0.0000000000e+00 1.1077797683e+00 1.0968731512e+00
1.3800000000e+00 2.3910593463e+00 0.0000000000e+00 1.1277263828e+00 1.1269073268e+00
1.3900000000e+00 2.3910760471e+00 0.0000000000e+00 1.1291600779e+00 1.1576519332e+00
1.4000000000e+00 2.3910883097e+00 0.0000000000e+00 1.1186745468e+00 1.1890500295e+00
1.4100000000e+00 2.3890610141e+00 0.0000000000e+00 1.1262175069e+00 1.2211444399e+00
1.4200000000e+00 2.3890493549e+00 0.0000000000e+00 1.1294032590e+00 1.2540244548e+00
1.4300000000e+00 2.3890356570e+00 0.0000000000e+00 1.1190951238e+00 1.2875353064e+00
1.4400000000e+00 2.3890230999e+00 0.0000000000e+00 1.0901206646e+00 1.3214274750e+00
1.4500000000e+00 2.3890185807e+00 0.0000000000e+00 1.0384644656e+00 1.3553369258e+00
1.4600000000e+00 2.3890319968e+00 0.0000000000e+00 9.6460541150e-01 1.3887766859e+00
1.4700000000e+00 2.3890696179e+00 0.0000000000e+00 8.7792483785e-01 1.4211637539e+00
1.4800000000e+00 2.3891217148e+00 0.0000000000e+00 7.9888842059e-01 1.4519037651e+00
1.4900000000e+00 2.3891586869e+00 0.0000000000e+00 7.5362477346e-01 1.4805338897e+00
1.5000000000e+00 2.3891531694e+00 0.0000000000e+00 7.6000454094e-01 1.5068749171e+00
1.5100000000e+00 2.3891095120e+00 0.0000000000e+00 8.1538622486e-01 1.5311046562e+00
1.5200000000e+00 2.3890587427e+00 0.0000000000e+00 8.9854085467e-01 1.5536970938e+00
1.5300000000e+00 2.3890267339e+00 0.0000000000e+00 9.8365261507e-01 1.5752644733e+00
1.5400000000e+00 2.3890184128e+00 0.0000000000e+00 1.0527364153e+00 1.5963968644e+00
1.5500000000e+00 2.3890256524e+00 0.0000000000e+00 1.0988666570e+00 1.6175660820e+00
1.5600000000e+00 2.3890389454e+00 0.0000000000e+00 1.1230071620e+00 1.6391001458e+00
1.5700000000e+00 2.3890523372e+00 0.0000000000e+00 1.1296801393e+00 1.6612007954e+00
1.5800000000e+00 2.3890633410e+00 0.0000000000e+00 1.1240335073e+00 1.6839759730e+00
1.5900000000e+00 2.3890714821e+00 0.0000000000e+00 1.1104912538e+00 1.7074711208e+00
1.6000000000e+00 2.3890771298e+00 0.0000000000e+00 1.0923890278e+00 1.7316934420e+00
1.6100000000e+00 2.3890808710e+00 0.0000000000e+00 1.0720548671e+00 1.7566286858e+00
1.6200000000e+00 2.3885116949e+00 0.0000000000e+00 1.0641191132e+00 1.7822521990e+00
1.6300000000e+00 2.3885103103e+00 0.0000000000e+00 1.0801802236e+00 1.8085484882e+00
1.6400000000e+00 2.3885085135e+00 0.0000000000e+00 1.0953437724e+00 1.8355200203e+00
1.6500000000e+00 2.3885062709e+00 0.0000000000e+00 1.1088668490e+00 1.8631691317e+00
1.6600000000e+00 2.3885036168e+00 0.0000000000e+00 1.1198159935e+00 1.8914965116e+00
1.6700000000e+00 2.3885007166e+00 0.0000000000e+00 1.1270865497e+00 1.9205016516e+00
1.6800000000e+00 2.3884979502e+00 0.0000000000e+00 1.1294841117e+00 1.9501839051e+00
1.6900000000e+00 2.3884959893e+00 0.0000000000e+00 1.1259063322e+00 1.9805444222e+00
1.7000000000e+00 2.3884957983e+00 0.0000000000e+00 1.1156587083e+00 2.0115891841e+00
1.7100000000e+00 2.3884984398e+00 0.0000000000e+00 1.0988997089e+00 2.0433331573e+00
1.7200000000e+00 2.3885045715e+00 0.0000000000e+00 1.0771175727e+00 2.0758051074e+00
1.7300000000e+00 2.3885137072e+00 0.0000000000e+00 1.0534021699e+00 2.1090518351e+00
1.7400000000e+00 2.3885236930e+00 0.0000000000e+00 1.0321786199e+00 2.1431397336e+00
1.7500000000e+00 2.3885311233e+00 0.0000000000e+00 1.0181851726e+00 2.1781512353e+00
1.7600000000e+00 2.3885329564e+00 0.0000000000e+00 1.0149073779e+00 2.2141747152e+00
1.7700000000e+00 2.3885283856e+00 0.0000000000e+00 1.0232010425e+00 2.2512889947e+00
1.7800000000e+00 2.3885193823e+00 0.0000000000e+00 1.0409293558e+00 2.2895466286e+00
1.7900000000e+00 2.3885094011e+00 0.0000000000e+00 1.0638512993e+00 2.3289615319e+00
1.8000000000e+00 2.3885014295e+00 0.0000000000e+00 1.0871942940e+00 2.3695049249e+00
1.8100000000e+00 2.3884968645e+00 0.0000000000e+00 1.1070429319e+00 2.4111100136e+00
1.8200000000e+00 2.3884955943e+00 0.0000000000e+00 1.1210214076e+00 2.4536826389e+00
1.8300000000e+00 2.3884966998e+00 0.0000000000e+00 1.1282814813e+00 2.4971139589e+00
1.8400000000e+00 2.3884991196e+00 0.0000000000e+00 1.1291020113e+00 2.5412919480e+00
1.8500000000e+00 2.3885020093e+00 0.0000000000e+00 1.1244057128e+00 2.5861100290e+00
1.8600000000e+00 2.3885048328e+00 0.0000000000e+00 1.1153660327e+00 2.6314725027e+00
1.8700000000e+00 2.3885073161e+00 0.0000000000e+00 1.1031532843e+00 2.6772972394e+00
1.8800000000e+00 2.3885093609e+00 0.0000000000e+00 1.0888020800e+00 2.7235163783e+00
1.8900000000e+00 2.3885109692e+00 0.0000000000e+00 1.0731616454e+00 2.7700757555e+00
1.9000000000e+00 2.3928420678e+00 0.0000000000e+00 1.0623401615e+00 2.8169451972e+00
1.9100000000e+00 2.3928396032e+00 0.0000000000e+00 1.0820352774e+00 2.8648293419e+00
1.9200000000e+00 2.3928359488e+00 0.0000000000e+00 1.1005649287e+00 2.9141309302e+00
1.9300000000e+00 2.3928307443e+00 0.0000000000e+00 1.1164237634e+00 2.9647921994e+00
1.9400000000e+00 2.3928237054e+00 0.0000000000e+00 1.1274668293e+00 3.0166803100e+00
1.9500000000e+00 2.3928148912e+00 0.0000000000e+00 1.1308181932e+00 3.0695537491e+00
1.9600000000e+00 2.3928052191e+00 0.0000000000e+00 1.1229619106e+00 3.1230200174e+00
1.9700000000e+00 2.3927972207e+00 0.0000000000e+00 1.1002589681e+00 3.1764880009e+00
1.9800000000e+00 2.3927956161e+00 0.0000000000e+00 1.0602251925e+00 3.2291258732e+00
1.9900000000e+00 2.3928064349e+00 0.0000000000e+00 1.0037703200e+00 3.2798475173e+00
2.0000000000e+00 2.3928329131e+00 0.0000000000e+00 9.3786197812e-01 3.3273637519e+00
2.0100000000e+00 2.3928688616e+00 0.0000000000e+00 8.7662544954e-01 3.3703357819e+00
2.0200000000e+00 2.3928967254e+00 0.0000000000e+00 8.3799356639e-01 3.4076352282e+00
2.0300000000e+00 2.3928987138e+00 0.0000000000e+00 8.3542713114e-01 3.4386408565e+00
2.0400000000e+00 2.3928734472e+00 0.0000000000e+00 8.6987639996e-01 3.4634336431e+00
2.0500000000e+00 2.3928373810e+00 0.0000000000e+00 9.2916620758e-01 3.4827739264e+00
2.0600000000e+00 2.3928090334e+00 0.0000000000e+00 9.9540718234e-01 3.4978707079e+00
2.0700000000e+00 2.3927962052e+00 0.0000000000e+00 1.0536596883e+00 3.5100727140e+00
2.0800000000e+00 2.3927965182e+00 0.0000000000e+00 1.0960098202e+00 3.5206188240e+00
2.0900000000e+00 2.3928039928e+00 0.0000000000e+00 1.1208967583e+00 3.5305070967e+00
2.1000000000e+00 2.3928136334e+00 0.0000000000e+00 1.1305057766e+00 3.5404666840e+00
2.1100000000e+00 2.3928226394e+00 0.0000000000e+00 1.1284172148e+00 3.5509887477e+00
2.1200000000e+00 2.3937937704e+00 0.0000000000e+00 1.1220168715e+00 3.5623759789e+00
2.1300000000e+00 2.3937848093e+00 0.0000000000e+00 1.1304454351e+00 3.5745982445e+00
2.1400000000e+00 2.3937737548e+00 0.0000000000e+00 1.1289097751e+00 3.5875264291e+00
2.1500000000e+00 2.3937622115e+00 0.0000000000e+00 1.1130802102e+00 3.6010636876e+00
2.1600000000e+00 2.3937542411e+00 0.0000000000e+00 1.0788126532e+00 3.6150537150e+00
2.1700000000e+00 2.3937568277e+00 0.0000000000e+00 1.0241720707e+00 3.6292682005e+00
2.1800000000e+00 2.3937774165e+00 0.0000000000e+00 9.5268093014e-01 3.6434060358e+00
2.1900000000e+00 2.3938163839e+00 0.0000000000e+00 8.7644782500e-01 3.6571175858e+00
2.2000000000e+00 2.3938586832e+00 0.0000000000e+00 8.1567099549e-01 3.6700645774e+00
2.2100000000e+00 2.3938784390e+00 0.0000000000e+00 7.9113434924e-01 3.6820083091e+00
2.2200000000e+00 2.3938612923e+00 0.0000000000e+00 8.1231939568e-01 3.6928900923e+00
2.2300000000e+00 2.3938197788e+00 0.0000000000e+00 8.7100369456e-01 3.7028556558e+00
2.2400000000e+00 2.3937798135e+00 0.0000000000e+00 9.4684371831e-01 3.7122049636e+00
2.2500000000e+00 2.3937576867e+00 0.0000000000e+00 1.0192395321e+00 3.7212987582e+00
2.2600000000e+00 2.3937539639e+00 0.0000000000e+00 1.0753761424e+00 3.7304730568e+00
2.2700000000e+00 2.3937614097e+00 0.0000000000e+00 1.1111694543e+00 3.7399914460e+00
2.2800000000e+00 2.3937728619e+00 0.0000000000e+00 1.1282659313e+00 3.7500344017e+00
2.2900000000e+00 2.3937840339e+00 0.0000000000e+00 1.1307298283e+00 3.7607103389e+00
2.3000000000e+00 2.3937931735e+00 0.0000000000e+00 1.1229193220e+00 3.7720740380e+00
2.3100000000e+00 2.3937999742e+00 0.0000000000e+00 1.1085325988e+00 3.7841442813e+00
2.3200000000e+00 2.3938047402e+00 0.0000000000e+00 1.0903631983e+00 3.7969176771e+00
2.3300000000e+00 2.3938079362e+00 0.0000000000e+00 1.0703760440e+00 3.8103783882e+00
2.3400000000e+00 2.3938099966e+00 0.0000000000e+00 1.0498833497e+00 3.8245045141e+00
2.3500000000e+00 2.3938112670e+00 0.0000000000e+00 1.0297217007e+00 3.8392720533e+00
2.3600000000e+00 2.3938120022e+00 0.0000000000e+00 1.0103968921e+00 3.8546572314e+00
2.3700000000e+00 2.3938123819e+00 0.0000000000e+00 9.9219182636e-01 3.8706377746e+00
2.3800000000e+00 2.3938125304e+00 0.0000000000e+00 9.7524293172e-01 3.8871935261e+00
2.3900000000e+00 2.3938125316e+00 0.0000000000e+00 9.5959267592e-01 3.9043066659e+00
2.4000000000e+00 2.3971851766e+00 0.0000000000e+00 9.6803685363e-01 3.9221459302e+00
2.4100000000e+00 2.3971850800e+00 0.0000000000e+00 9.8133433022e-01 3.9410549726e+00
2.4200000000e+00 2.3971849058e+00 0.0000000000e+00 9.9539975952e-01 3.9610873460e+00
2.4300000000e+00 2.3971846276e+00 0.0000000000e+00 1.0101788340e+00 3.9822917556e+00
2.4400000000e+00 2.3971842120e+00 0.0000000000e+00 1.0255751364e+00 4.0047154108e+00
2.4500000000e+00 2.3971836173e+00 0.0000000000e+00 1.0414354544e+00 4.0284018409e+00
2.4600000000e+00 2.3971827939e+00 0.0000000000e+00 1.0575313900e+00 4.0533879016e+00
2.4700000000e+00 2.3971816864e+00 0.0000000000e+00 1.0735372698e+00 4.0796997528e+00
2.4800000000e+00 2.3971802399e+00 0.0000000000e+00 1.0890053704e+00 4.1073475588e+00
2.4900000000e+00 2.3971784139e+00 0.0000000000e+00 1.1033414730e+00 4.1363186590e+00
2.5000000000e+00 2.3971762080e+00 0.0000000000e+00 1.1157873056e+00 4.1665690215e+00
2.5100000000e+00 2.3971737047e+00 0.0000000000e+00 1.1254220965e+00 4.1980129604e+00
2.5200000000e+00 2.3971711298e+00 0.0000000000e+00 1.1312032486e+00 4.2305114749e+00
2.5300000000e+00 2.3971689214e+00 0.0000000000e+00 1.1320743151e+00 4.2638602405e+00
2.5400000000e+00 2.3971677699e+00 0.0000000000e+00 1.1271712542e+00 4.2977793567e+00
2.5500000000e+00 2.3971685572e+00 0.0000000000e+00 1.1161432814e+00 4.3319083899e+00
2.5600000000e+00 2.3971720946e+00 0.0000000000e+00 1.0995553640e+00 4.3658117337e+00
2.5700000000e+00 2.3971786166e+00 0.0000000000e+00 1.0792462729e+00 4.3989999679e+00
2.5800000000e+00 2.3971871970e+00 0.0000000000e+00 1.0584085510e+00 4.4309713029e+00
2.5900000000e+00 2.3971955540e+00 0.0000000000e+00 1.0411324505e+00 4.4612719652e+00
2.6000000000e+00 2.3972007496e+00 0.0000000000e+00 1.0313432456e+00 4.4895657497e+00
2.6100000000e+00 2.3972006848e+00 0.0000000000e+00 1.0314617884e+00 4.5156944727e+00
2.6200000000e+00 2.3971953868e+00 0.0000000000e+00 1.0414579463e+00 4.5397088675e+00
2.6300000000e+00 2.3971869918e+00 0.0000000000e+00 1.0588628852e+00 4.5618577322e+00
2.6400000000e+00 2.3971784377e+00 0.0000000000e+00 1.0797324751e+00 4.5825388734e+00
2.6500000000e+00 2.3971719791e+00 0.0000000000e+00 1.0999871920e+00 4.6022292655e+00
2.6600000000e+00 2.3971685108e+00 0.0000000000e+00 1.1164628568e+00 4.6214159716e+00
2.6700000000e+00 2.3971677781e+00 0.0000000000e+00 1.1273524023e+00 4.6405435028e+00
2.6800000000e+00 2.3971689633e+00 0.0000000000e+00 1.1321164143e+00 4.6599833492e+00
2.6900000000e+00 2.3971711869e+00 0.0000000000e+00 1.1311217987e+00 4.6800233799e+00
2.7000000000e+00 2.3971737641e+00 0.0000000000e+00 1.1252401749e+00 4.7008710559e+00
2.7100000000e+00 2.3971762625e+00 0.0000000000e+00 1.1155295555e+00 4.7226641795e+00
2.7200000000e+00 2.3969385132e+00 0.0000000000e+00 1.1121489752e+00 4.7453842500e+00
2.7300000000e+00 2.3969383677e+00 0.0000000000e+00 1.1184425542e+00 4.7683315535e+00
2.7400000000e+00 2.3969383682e+00 0.0000000000e+00 1.1235167292e+00 4.7914184385e+00
2.7500000000e+00 2.3969385435e+00 0.0000000000e+00 1.1273462677e+00 4.8147222961e+00
2.7600000000e+00 2.3969389063e+00 0.0000000000e+00 1.1299773651e+00 4.8383332393e+00
2.7700000000e+00 2.3969394434e+00 0.0000000000e+00 1.1315347284e+00 4.8623512125e+00
2.7800000000e+00 2.3969401094e+00 0.0000000000e+00 1.1322178821e+00 4.8868815452e+00
2.7900000000e+00 2.3969408258e+00 0.0000000000e+00 1.1322836038e+00 4.9120290147e+00
2.8000000000e+00 2.3969414906e+00 0.0000000000e+00 1.1320141243e+00 4.9378907564e+00
2.8100000000e+00 2.3969419961e+00 0.0000000000e+00 1.1316747641e+00 4.9645486469e+00
2.8200000000e+00 2.3969422536e+00 0.0000000000e+00 1.1314688665e+00 4.9920620275e+00
2.8300000000e+00 2.3969422156e+00 0.0000000000e+00 1.1315004175e+00 5.0204617435e+00
2.8400000000e+00 2.3969418894e+00 0.0000000000e+00 1.1317540812e+00 5.0497463818e+00
2.8500000000e+00 2.3969413343e+00 0.0000000000e+00 1.1320981786e+00 5.0798812944e+00
2.8600000000e+00 2.3969406462e+00 0.0000000000e+00 1.1323097714e+00 5.1108005567e+00
2.8700000000e+00 2.3969399335e+00 0.0000000000e+00 1.1321149813e+00 5.1424115373e+00
2.8800000000e+00 2.3969392938e+00 0.0000000000e+00 1.1312343018e+00 5.1746013729e+00
2.8900000000e+00 2.3969387976e+00 0.0000000000e+00 1.1294228929e+00 5.2072444399e+00
2.9000000000e+00 2.3969384819e+00 0.0000000000e+00 1.1264989737e+00 5.2402099055e+00
2.9100000000e+00 2.3969383526e+00 0.0000000000e+00 1.1223577276e+00 5.2733686021e+00
2.9200000000e+00 2.3969383919e+00 0.0000000000e+00 1.1169719251e+00 5.3065987125e+00
2.9300000000e+00 2.3969385686e+00 0.0000000000e+00 1.1103827773e+00 5.3397900215e+00
2.9400000000e+00 2.3969388456e+00 0.0000000000e+00 1.1026852374e+00 5.3728467112e+00
2.9500000000e+00 2.3969391870e+00 0.0000000000e+00 1.0940114989e+00 5.4056888392e+00
2.9600000000e+00 2.3969395615e+00 0.0000000000e+00 1.0845153863e+00 5.4382527263e+00
2.9700000000e+00 2.3969399443e+00 0.0000000000e+00 1.0743591917e+00 5.4704905116e+00
2.9800000000e+00 2.3969403170e+00 0.0000000000e+00 1.0637035695e+00 5.5023691242e+00
2.9900000000e+00 2.3969406672e+00 0.0000000000e+00 1.0527004553e+00 5.5338688880e+00
3.0000000000e+00 2.3969409873e+00 0.0000000000e+00 1.0414886135e+00 5.5649819332e+00
3.0100000000e+00 2.3959305842e+00 0.0000000000e+00 1.0318866924e+00 5.5957105458e+00
3.0200000000e+00 2.3959286185e+00 0.0000000000e+00 1.0549748495e+00 5.6268631211e+00
3.0300000000e+00 2.3959250960e+00 0.0000000000e+00 1.0784195493e+00 5.6591175882e+00
3.0400000000e+00 2.3959191255e+00 0.0000000000e+00 1.1007753823e+00 5.6924854386e+00
3.0500000000e+00 2.3959094546e+00 0.0000000000e+00 1.1195780903e+00 5.7269387152e+00
3.0600000000e+00 2.3958945623e+00 0.0000000000e+00 1.1308427130e+00 5.7623818525e+00
3.0700000000e+00 2.3958732522e+00 0.0000000000e+00 1.1285037611e+00 5.7986084180e+00
3.0800000000e+00 2.3958464488e+00 0.0000000000e+00 1.1041297590e+00 5.8352379810e+00
3.0900000000e+00 2.3958210212e+00 0.0000000000e+00 1.0478191388e+00 5.8716322716e+00
3.1000000000e+00 2.3958145861e+00 0.0000000000e+00 9.5204239828e-01 5.9068040164e+00
3.1100000000e+00 2.3958530726e+00 0.0000000000e+00 8.2025195088e-01 5.9393647324e+00
3.1200000000e+00 2.3959451589e+00 0.0000000000e+00 6.7803456286e-01 5.9676061170e+00
3.1300000000e+00 2.3960427368e+00 0.0000000000e+00 5.7433682370e-01 5.9898237347e+00
3.1400000000e+00 2.3960614347e+00 0.0000000000e+00 5.5703603153e-01 6.0048671148e+00
3.1500000000e+00 2.3959825671e+00 0.0000000000e+00 6.3505229065e-01 6.0126342564e+00
3.1600000000e+00 2.3958797728e+00 0.0000000000e+00 7.7024898789e-01 6.0141262836e+00
3.1700000000e+00 2.3958215711e+00 0.0000000000e+00 9.0989210613e-01 6.0110087049e+00
3.1800000000e+00 2.3958153968e+00 0.0000000000e+00 1.0193930442e+00 6.0050301884e+00
3.1900000000e+00 2.3958368879e+00 0.0000000000e+00 1.0887981309e+00 5.9976403698e+00
3.2000000000e+00 2.3958644494e+00 0.0000000000e+00 1.1230732446e+00 5.9898733198e+00
3.2100000000e+00 2.3958879583e+00 0.0000000000e+00 1.1319512569e+00 5.9823922058e+00
3.2200000000e+00 2.3959049830e+00 0.0000000000e+00 1.1245760527e+00 5.9755859858e+00
3.2300000000e+00 2.3959162801e+00 0.0000000000e+00 1.1078304045e+00 5.9696608955e+00
3.2400000000e+00 2.3953124606e+00 0.0000000000e+00 1.0968134990e+00 5.9647203195e+00
3.2500000000e+00 2.3953067757e+00 0.0000000000e+00 1.1143220487e+00 5.9610293816e+00
3.2600000000e+00 2.3952987016e+00 0.0000000000e+00 1.1270662583e+00 5.9585967081e+00
3.2700000000e+00 2.3952879874e+00 0.0000000000e+00 1.1317418048e+00 5.9572001714e+00
3.2800000000e+00 2.3952752850e+00 0.0000000000e+00 1.1240539057e+00 5.9564304074e+00
3.2900000000e+00 2.3952632595e+00 0.0000000000e+00 1.0991552762e+00 5.9556078703e+00
3.3000000000e+00 2.3952578324e+00 0.0000000000e+00 1.0530588760e+00 5.9536896713e+00
3.3100000000e+00 2.3952678618e+00 0.0000000000e+00 9.8551968664e-01 5.9491953446e+00
3.3200000000e+00 2.3952999881e+00 0.0000000000e+00 9.0402708850e-01 5.9402121821e+00
3.3300000000e+00 2.3953479204e+00 0.0000000000e+00 8.2630054919e-01 5.9245659081e+00
3.3400000000e+00 2.3953867929e+00 0.0000000000e+00 7.7654323817e-01 5.9002137340e+00
3.3500000000e+00 2.3953892793e+00 0.0000000000e+00 7.7360783399e-01 5.8657878239e+00
3.3600000000e+00 2.3953534657e+00 0.0000000000e+00 8.1868429699e-01 5.8210437196e+00
3.3700000000e+00 2.3953050197e+00 0.0000000000e+00 8.9445172948e-01 5.7669420192e+00
3.3800000000e+00 2.3952703939e+00 0.0000000000e+00 9.7660267503e-01 5.7053142789e+00
3.3900000000e+00 2.3952580215e+00 0.0000000000e+00 1.0463160485e+00 5.6383326624e+00
3.4000000000e+00 2.3952621490e+00 0.0000000000e+00 1.0949787676e+00 5.5680554179e+00
3.4100000000e+00 2.3952737863e+00 0.0000000000e+00 1.1221545255e+00 5.4961767193e+00
3.4200000000e+00 2.3952865985e+00 0.0000000000e+00 1.1315763180e+00 5.4239605260e+00
3.4300000000e+00 2.3952976013e+00 0.0000000000e+00 1.1280887798e+00 5.3522811497e+00
3.4400000000e+00 2.3953059764e+00 0.0000000000e+00 1.1160858862e+00 5.2817036915e+00
3.4500000000e+00 2.3932778268e+00 0.0000000000e+00 1.1252389657e+00 5.2121177123e+00
3.4600000000e+00 2.3932661931e+00 0.0000000000e+00 1.1310839217e+00 5.1429563988e+00
3.4700000000e+00 2.3932518055e+00 0.0000000000e+00 1.1241789878e+00 5.0744740501e+00
3.4800000000e+00 2.3932371981e+00 0.0000000000e+00 1.0989849077e+00 5.0070460062e+00
3.4900000000e+00 2.3932287503e+00 0.0000000000e+00 1.0505025607e+00 4.9411735655e+00
3.5000000000e+00 2.3932369956e+00 0.0000000000e+00 9.7743719378e-01 4.8774821736e+00
3.5100000000e+00 2.3932712980e+00 0.0000000000e+00 8.8701417865e-01 4.8166795355e+00
3.5200000000e+00 2.3933265272e+00 0.0000000000e+00 7.9864831199e-01 4.7594537933e+00
3.5300000000e+00 2.3933736965e+00 0.0000000000e+00 7.4047493092e-01 4.7063162630e+00
3.5400000000e+00 2.3933781778e+00 0.0000000000e+00 7.3543067954e-01 4.6574433005e+00
3.5500000000e+00 2.3933363314e+00 0.0000000000e+00 7.8566067217e-01 4.6126084025e+00
3.5600000000e+00 2.3932798342e+00 0.0000000000e+00 8.7091155884e-01 4.5712584465e+00
3.5700000000e+00 2.3932409181e+00 0.0000000000e+00 9.6271114021e-01 4.5326899251e+00
3.5800000000e+00 2.3932286499e+00 0.0000000000e+00 1.0395981658e+00 4.4962227727e+00
3.5900000000e+00 2.3932350534e+00 0.0000000000e+00 1.0923961534e+00 4.4613022044e+00
3.6000000000e+00 2.3932491835e+00 0.0000000000e+00 1.1212993311e+00 4.4275248962e+00
3.6100000000e+00 2.3932638755e+00 0.0000000000e+00 1.1309507280e+00 4.3946204937e+00
3.6200000000e+00 2.3932760510e+00 0.0000000000e+00 1.1269373579e+00 4.3624183575e+00
3.6300000000e+00 2.3932850636e+00 0.0000000000e+00 1.1141318677e+00 4.3308159935e+00
3.6400000000e+00 2.3932912973e+00 0.0000000000e+00 1.0962200436e+00 4.2997547581e+00
3.6500000000e+00 2.3932954081e+00 0.0000000000e+00 1.0757707044e+00 4.2692030249e+00
3.6600000000e+00 2.3932980096e+00 0.0000000000e+00 1.0544758189e+00 4.2391452066e+00
3.6700000000e+00 2.3932995822e+00 0.0000000000e+00 1.0333972045e+00 4.2095748695e+00
3.6800000000e+00 2.3933004728e+00 0.0000000000e+00 1.0131663285e+00 4.1804905351e+00
3.6900000000e+00 2.3933009208e+00 0.0000000000e+00 9.9413047040e-01 4.1518931857e+00
3.7000000000e+00 2.3921337514e+00 0.0000000000e+00 9.7802259870e-01 4.1237848245e+00
3.7100000000e+00 2.3921335820e+00 0.0000000000e+00 9.9286680456e-01 4.0960085222e+00
3.7200000000e+00 2.3921332814e+00 0.0000000000e+00 1.0085634351e+00 4.0684280836e+00
3.7300000000e+00 2.3921327997e+00 0.0000000000e+00 1.0250075669e+00 4.0410366167e+00
3.7400000000e+00 2.3921320717e+00 0.0000000000e+00 1.0420196102e+00 4.0138317865e+00
3.7500000000e+00 2.3921310155e+00 0.0000000000e+00 1.0593170188e+00 3.9868176985e+00
3.7600000000e+00 2.3921295330e+00 0.0000000000e+00 1.0764785153e+00 3.9600073529e+00
3.7700000000e+00 2.3921275177e+00 0.0000000000e+00 1.0929014680e+00 3.9334257968e+00
3.7800000000e+00 2.3921248763e+00 0.0000000000e+00 1.1077563213e+00 3.9071140982e+00
3.7900000000e+00 2.3921215738e+00 0.0000000000e+00 1.1199485230e+00 3.8811342175e+00
3.8000000000e+00 2.3921177174e+00 0.0000000000e+00 1.1281099736e+00 3.8555747244e+00
3.8100000000e+00 2.3921136867e+00 0.0000000000e+00 1.1306596840e+00 3.8305570418e+00
3.8200000000e+00 2.3921102922e+00 0.0000000000e+00 1.1259941943e+00 3.8062414202e+00
3.8300000000e+00 2.3921088775e+00 0.0000000000e+00 1.1128788081e+00 3.7828310864e+00
3.8400000000e+00 2.3921111629e+00 0.0000000000e+00 1.0910778984e+00 3.7605720302e+00
3.8500000000e+00 2.3921185626e+00 0.0000000000e+00 1.0621360935e+00 3.7397449996e+00
3.8600000000e+00 2.3921309153e+00 0.0000000000e+00 1.0299784087e+00 3.7206462702e+00
3.8700000000e+00 2.3921452888e+00 0.0000000000e+00 1.0007485795e+00 3.7035558126e+00
3.8800000000e+00 2.3921563110e+00 0.0000000000e+00 9.8137923671e-01 3.6886963740e+00
3.8900000000e+00 2.3921588999e+00 0.0000000000e+00 9.7709986603e-01 3.6761934378e+00
3.9000000000e+00 2.3921517620e+00 0.0000000000e+00 9.8913060999e-01 3.6660499033e+00
3.9100000000e+00 2.3921383751e+00 0.0000000000e+00 1.0141002940e+00 3.6581460725e+00
3.9200000000e+00 2.3921244242e+00 0.0000000000e+00 1.0456153775e+00 3.6522653182e+00
3.9300000000e+00 2.3921142944e+00 0.0000000000e+00 1.0768622783e+00 3.6481351079e+00
3.9400000000e+00 2.3921094845e+00 0.0000000000e+00 1.1026789331e+00 3.6454689847e+00
3.9500000000e+00 2.3921092112e+00 0.0000000000e+00 1.1203359130e+00 3.6439987875e+00
3.9600000000e+00 2.3921117852e+00 0.0000000000e+00 1.1292485484e+00 3.6434933272e+00
3.9700000000e+00 2.3921156222e+00 0.0000000000e+00 1.1302291848e+00 3.6437651786e+00
3.9800000000e+00 2.3921196393e+00 0.0000000000e+00 1.1247551380e+00 3.6446695141e+00
3.9900000000e+00 2.3921232543e+00 0.0000000000e+00 1.1144538264e+00 3.6460987910e+00
4.0000000000e+00 2.3921262387e+00 0.0000000000e+00 1.1008172032e+00 3.6479760072e+00
4.0100000000e+00 2.3921285673e+00 0.0000000000e+00 1.0850829507e+00 3.6502480854e+00
4.0200000000e+00 2.3939618025e+00 0.0000000000e+00 1.0935766157e+00 3.6527149816e+00
4.0300000000e+00 2.3939614055e+00 0.0000000000e+00 1.1025414112e+00 3.6551847828e+00
4.0400000000e+00 2.3939610715e+00 0.0000000000e+00 1.1104684355e+00 3.6576981647e+00
4.0500000000e+00 2.3939608434e+00 0.0000000000e+00 1.1172013748e+00 3.6603095653e+00
4.0600000000e+00 2.3939607674e+00 0.0000000000e+00 1.1226232673e+00 3.6630877476e+00
4.0700000000e+00 2.3939608858e+00 0.0000000000e+00 1.1266770378e+00 3.6661155335e+00
4.0800000000e+00 2.3939612264e+00 0.0000000000e+00 1.1293849401e+00 3.6694884170e+00
4.0900000000e+00 2.3939617901e+00 0.0000000000e+00 1.1308622750e+00 3.6733117968e+00
4.1000000000e+00 2.3939625394e+00 0.0000000000e+00 1.1313197853e+00 3.6776966731e+00
4.1100000000e+00 2.3939633931e+00 0.0000000000e+00 1.1310495965e+00 3.6827538447e+00
4.1200000000e+00 2.3939642325e+00 0.0000000000e+00 1.1303922253e+00 3.6885869106e+00
4.1300000000e+00 2.3939649209e+00 0.0000000000e+00 1.1296870723e+00 3.6952846821e+00
4.1400000000e+00 2.3939653342e+00 0.0000000000e+00 1.1292147966e+00 3.7029138766e+00
4.1500000000e+00 2.3939653934e+00 0.0000000000e+00 1.1291446943e+00 3.7115130973e+00
4.1600000000e+00 2.3939650870e+00 0.0000000000e+00 1.1295010646e+00 3.7210890254e+00
4.1700000000e+00 2.3939644741e+00 0.0000000000e+00 1.1301582740e+00 3.7316154526e+00
4.1800000000e+00 2.3939636678e+00 0.0000000000e+00 1.1308659864e+00 3.7430353144e+00
4.1900000000e+00 2.3939628044e+00 0.0000000000e+00 1.1312971665e+00 3.7552653763e+00
4.2000000000e+00 2.3939620111e+00 0.0000000000e+00 1.1311056768e+00 3.7682028154e+00
4.2100000000e+00 2.3939613823e+00 0.0000000000e+00 1.1299795507e+00 3.7817327257e+00
4.2200000000e+00 2.3939609692e+00 0.0000000000e+00 1.1276797743e+00 3.7957355889e+00
4.2300000000e+00 2.3939607823e+00 0.0000000000e+00 1.1240602857e+00 3.8100939361e+00
4.2400000000e+00 2.3939608006e+00 0.0000000000e+00 1.1190703298e+00 3.8246977114e+00
4.2500000000e+00 2.3939609854e+00 0.0000000000e+00 1.1127437164e+00 3.8394481322e+00
4.2600000000e+00 2.3939612906e+00 0.0000000000e+00 1.1051806298e+00 3.8542600765e+00
4.2700000000e+00 2.3939616718e+00 0.0000000000e+00 1.0965270296e+00 3.8690631838e+00
4.2800000000e+00 2.3939620909e+00 0.0000000000e+00 1.0869552334e+00 3.8838019306e+00
4.2900000000e+00 2.3939625180e+00 0.0000000000e+00 1.0766477023e+00 3.8984349600e+00
4.3000000000e+00 2.3939629315e+00 0.0000000000e+00 1.0657847734e+00 3.9129339202e+00
4.3100000000e+00 2.3939633173e+00 0.0000000000e+00 1.0545362348e+00 3.9272820222e+00
4.3200000000e+00 2.3939636671e+00 0.0000000000e+00 1.0430561838e+00 3.9414724806e+00
4.3300000000e+00 2.3939639771e+00 0.0000000000e+00 1.0314804418e+00 3.9555069517e+00
4.3400000000e+00 2.3939642465e+00 0.0000000000e+00 1.0199258119e+00 3.9693940478e+00
4.3500000000e+00 2.3939644766e+00 0.0000000000e+00 1.0084905680e+00 3.9831479714e+00
4.3600000000e+00 2.3939646699e+00 0.0000000000e+00 9.9725569439e-01 3.9967872948e+00
4.3700000000e+00 2.3973431008e+00 0.0000000000e+00 9.9246940799e-01 4.0103429300e+00
4.3800000000e+00 2.3973428557e+00 0.0000000000e+00 1.0067573330e+00 4.0240356215e+00
4.3900000000e+00 2.3973424944e+00 0.0000000000e+00 1.0216425076e+00 4.0379359126e+00
4.4000000000e+00 2.3973419837e+00 0.0000000000e+00 1.0369939097e+00 4.0520278091e+00
4.4100000000e+00 2.3973412842e+00 0.0000000000e+00 1.0526178727e+00 4.0662986666e+00
4.4200000000e+00 2.3973403526e+00 0.0000000000e+00 1.0682404516e+00 4.0807412592e+00
4.4300000000e+00 2.3973391459e+00 0.0000000000e+00 1.0834877341e+00 4.0953565790e+00
4.4400000000e+00 2.3973376314e+00 0.0000000000e+00 1.0978662958e+00 4.1101575454e+00
4.4500000000e+00 2.3973358056e+00 0.0000000000e+00 1.1107484788e+00 4.1251738079e+00
4.4600000000e+00 2.3973337232e+00 0.0000000000e+00 1.1213710791e+00 4.1404577767e+00
4.4700000000e+00 2.3973315398e+00 0.0000000000e+00 1.1288614075e+00 4.1560918806e+00
4.4800000000e+00 2.3973295623e+00 0.0000000000e+00 1.1323105324e+00 4.1721967663e+00
4.4900000000e+00 2.3973282841e+00 0.0000000000e+00 1.1309164586e+00 4.1889396479e+00
4.5000000000e+00 2.3973283633e+00 0.0000000000e+00 1.1242128254e+00 4.2065412329e+00
4.5100000000e+00 2.3973304771e+00 0.0000000000e+00 1.1123704464e+00 4.2252786476e+00
4.5200000000e+00 2.3973350031e+00 0.0000000000e+00 1.0965010969e+00 4.2454808295e+00
4.5300000000e+00 2.3973415897e+00 0.0000000000e+00 1.0788157477e+00 4.2675125838e+00
4.5400000000e+00 2.3973488644e+00 0.0000000000e+00 1.0624435750e+00 4.2917448524e+00
4.5500000000e+00 2.3973546575e+00 0.0000000000e+00 1.0507892054e+00 4.3185124315e+00
4.5600000000e+00 2.3973568894e+00 0.0000000000e+00 1.0465402280e+00 4.3480659345e+00
4.5700000000e+00 2.3973546893e+00 0.0000000000e+00 1.0507277743e+00 4.3805297892e+00
4.5800000000e+00 2.3973489159e+00 0.0000000000e+00 1.0623354293e+00 4.4158789443e+00
4.5900000000e+00 2.3973416436e+00 0.0000000000e+00 1.0786848521e+00 4.4539418324e+00
4.6000000000e+00 2.3973350455e+00 0.0000000000e+00 1.0963728401e+00 4.4944280739e+00
4.6100000000e+00 2.3973305017e+00 0.0000000000e+00 1.1122652167e+00 4.5369714412e+00
4.6200000000e+00 2.3973283708e+00 0.0000000000e+00 1.1241429782e+00 4.5811757382e+00
4.6300000000e+00 2.3973282787e+00 0.0000000000e+00 1.1308864578e+00 4.6266536937e+00
4.6400000000e+00 2.3973295495e+00 0.0000000000e+00 1.1323188944e+00 4.6730539658e+00
4.6500000000e+00 2.3973315239e+00 0.0000000000e+00 1.1289030870e+00 4.7200759299e+00
4.6600000000e+00 2.3973337070e+00 0.0000000000e+00 1.1214394868e+00 4.7674746093e+00
4.6700000000e+00 2.3973357910e+00 0.0000000000e+00 1.1108368591e+00 4.8150589504e+00
4.6800000000e+00 2.3973376190e+00 0.0000000000e+00 1.0979685053e+00 4.8626863360e+00
4.6900000000e+00 2.3964530273e+00 0.0000000000e+00 1.0920072720e+00 4.9105713147e+00
4.7000000000e+00 2.3964530132e+00 0.0000000000e+00 1.0899588770e+00 4.9597624060e+00
4.7100000000e+00 2.3964530032e+00 0.0000000000e+00 1.0874179095e+00 5.0103334624e+00
4.7200000000e+00 2.3964530007e+00 0.0000000000e+00 1.0843839473e+00 5.0622682014e+00
4.7300000000e+00 2.3964530087e+00 0.0000000000e+00 1.0808596654e+00 5.1155488822e+00
4.7400000000e+00 2.3964530295e+00 0.0000000000e+00 1.0768517849e+00 5.1701558761e+00
4.7500000000e+00 2.3964530647e+00 0.0000000000e+00 1.0723717691e+00 5.2260673224e+00
4.7600000000e+00 2.3964531150e+00 0.0000000000e+00 1.0674362146e+00 5.2832588882e+00
4.7700000000e+00 2.3964531803e+00 0.0000000000e+00 1.0620669261e+00 5.3417036484e+00
4.7800000000e+00 2.3964532597e+00 0.0000000000e+00 1.0562906954e+00 5.4013720838e+00
4.7900000000e+00 2.3964533517e+00 0.0000000000e+00 1.0501388300e+00 5.4622321948e+00
4.8000000000e+00 2.3964534544e+00 0.0000000000e+00 1.0436464922e+00 5.5242497143e+00
4.8100000000e+00 2.3964535656e+00 0.0000000000e+00 1.0368519146e+00 5.5873884048e+00
4.8200000000e+00 2.3964536830e+00 0.0000000000e+00 1.0297955522e+00 5.6516104178e+00
4.8300000000e+00 2.4003040098e+00 0.0000000000e+00 1.0294062555e+00 5.7168873935e+00
4.8400000000e+00 2.4003027020e+00 0.0000000000e+00 1.0501422569e+00 5.7834472953e+00
4.8500000000e+00 2.4003005141e+00 0.0000000000e+00 1.0713184518e+00 5.8514175912e+00
4.8600000000e+00 2.4002970290e+00 0.0000000000e+00 1.0920459398e+00 5.9208085806e+00
4.8700000000e+00 2.4002917010e+00 0.0000000000e+00 1.1108933462e+00 5.9915885770e+00
4.8800000000e+00 2.4002839083e+00 0.0000000000e+00 1.1256642064e+00 6.0636603426e+00
4.8900000000e+00 2.4002731681e+00 0.0000000000e+00 1.1331595000e+00 6.1368278796e+00
4.9000000000e+00 2.4002596945e+00 0.0000000000e+00 1.1290396706e+00 6.2107517582e+00
4.9100000000e+00 2.4002455104e+00 0.0000000000e+00 1.1080636794e+00 6.2848937015e+00
4.9200000000e+00 2.4002360123e+00 0.0000000000e+00 1.0652273106e+00 6.3584579931e+00
4.9300000000e+00 2.4002406293e+00 0.0000000000e+00 9.9846771508e-01 6.4303511944e+00
4.9400000000e+00 2.4002689870e+00 0.0000000000e+00 9.1303237209e-01 6.4992024155e+00
4.9500000000e+00 2.4003195457e+00 0.0000000000e+00 8.2542209100e-01 6.5635017125e+00
4.9600000000e+00 2.4003687741e+00 0.0000000000e+00 7.6168510366e-01 6.6218911858e+00
4.9700000000e+00 2.4003825280e+00 0.0000000000e+00 7.4589195783e-01 6.6735493038e+00
4.9800000000e+00 2.4003498826e+00 0.0000000000e+00 7.8463170436e-01 6.7184844781e+00
4.9900000000e+00 2.4002958517e+00 0.0000000000e+00 8.6217771932e-01 6.7575427774e+00
