0.0000000000e+00 0.0000000000e+00 0.0000000000e+00 0.0000000000e+00 0.0000000000e+00
1.0000000000e-02 2.1960680643e+03 9.2733866214e-14 2.3043333162e+03 6.9124589859e-03
2.0000000000e-02 2.1960680647e+03 7.4216063325e-14 2.3051160614e+03 2.7653006088e-02
3.0000000000e-02 2.1960680653e+03 7.0323317718e-14 2.3064470904e+03 6.2231104932e-02
4.0000000000e-02 2.1960680659e+03 8.1525151590e-14 2.3084007364e+03 1.1066321586e-01
5.0000000000e-02 2.1960680662e+03 1.2461114741e-13 2.3110552710e+03 1.7297397586e-01
6.0000000000e-02 2.1960680654e+03 5.9925721154e-14 2.3144390892e+03 2.4919699279e-01
7.0000000000e-02 2.1960680613e+03 3.4800843449e-14 2.3184374086e+03 3.3937378576e-01
8.0000000000e-02 2.1960680402e+03 3.4653189074e-14 2.3224148839e+03 4.4354661783e-01
9.0000000000e-02 2.1960679401e+03 8.6047942778e-14 2.3231488838e+03 5.6171920266e-01
1.0000000000e-01 2.1960676324e+03 1.5091782291e-13 2.3067978817e+03 6.9364764837e-01
1.1000000000e-01 2.1960679731e+03 1.9468994543e-13 2.2520541862e+03 8.3800075989e-01
1.2000000000e-01 2.1960679494e+03 2.4484624095e-13 2.2232631470e+03 9.9171984376e-01
1.3000000000e-01 2.1960678024e+03 2.7629487628e-13 2.2353198626e+03 1.1533843089e+00
1.4000000000e-01 2.1960674632e+03 2.8068159558e-13 2.2457337586e+03 1.3236554770e+00
1.5000000000e-01 2.1960673659e+03 3.1075330867e-13 2.2605993169e+03 1.5017797748e+00
1.6000000000e-01 2.1960674365e+03 3.5847875695e-13 2.2424943314e+03 1.6875213396e+00
1.7000000000e-01 2.1960673041e+03 3.7605625326e-13 2.2533238044e+03 1.8790258474e+00
1.8000000000e-01 2.1960676356e+03 4.0057240597e-13 2.2921966274e+03 2.0773573293e+00
1.9000000000e-01 2.1960676966e+03 3.7070704230e-13 2.2893148227e+03 2.2855510015e+00
2.0000000000e-01 2.1960673767e+03 3.0913968238e-13 2.2644456507e+03 2.5034520684e+00
2.1000000000e-01 2.1960671872e+03 3.0721891254e-13 2.1842108683e+03 2.7273568547e+00
2.2000000000e-01 2.1960665106e+03 3.3356273400e-13 2.2189696224e+03 2.9442112074e+00
2.3000000000e-01 2.1960671238e+03 3.6699210949e-13 2.2817717043e+03 3.1581816678e+00
2.4000000000e-01 2.1960681427e+03 3.6795491117e-13 2.2768320644e+03 3.3809031776e+00
2.5000000000e-01 2.1960670324e+03 3.4798038187e-13 2.2783534001e+03 3.6149550089e+00
2.6000000000e-01 2.1960685941e+03 3.3083424121e-13 2.2569992560e+03 3.8546655880e+00
2.7000000000e-01 2.1960674926e+03 4.0250164626e-13 2.3182523376e+03 4.0962021650e+00
2.8000000000e-01 2.1960679183e+03 3.4742112449e-13 2.3352414815e+03 4.3477940724e+00
2.9000000000e-01 2.1960678528e+03 3.1334356873e-13 2.3298181281e+03 4.6127732611e+00
3.0000000000e-01 2.1960679480e+03 3.1998345634e-13 2.3017938555e+03 4.8903012651e+00
3.1000000000e-01 2.1960682182e+03 3.6896624913e-13 2.2874234699e+03 5.1772463259e+00
3.2000000000e-01 2.1960678006e+03 3.9716896959e-13 2.3114571659e+03 5.4738207027e+00
3.3000000000e-01 2.1960680341e+03 3.8923222236e-13 2.3245784034e+03 5.7843263743e+00
3.4000000000e-01 2.1960678959e+03 3.9702072102e-13 2.3376270097e+03 6.1106005360e+00
3.5000000000e-01 2.1960678901e+03 3.2998936172e-13 2.3343079420e+03 6.4517488836e+00
3.6000000000e-01 2.1960681425e+03 3.1083072462e-13 2.3169900993e+03 6.8060462548e+00
3.7000000000e-01 2.1960675333e+03 2.8053822250e-13 2.3118745280e+03 7.1722279367e+00
3.8000000000e-01 2.1960675008e+03 2.8721038343e-13 2.2530298861e+03 7.5488385122e+00
3.9000000000e-01 2.1960675313e+03 2.9452323168e-13 2.2347542799e+03 7.9275872437e+00
4.0000000000e-01 2.1960677689e+03 3.3398018299e-13 2.2723896781e+03 8.3053524704e+00
4.1000000000e-01 2.1960677977e+03 3.4603897431e-13 2.2872475100e+03 8.6877885909e+00
4.2000000000e-01 2.1960680284e+03 3.5364003556e-13 2.2967271088e+03 9.0771459517e+00
4.3000000000e-01 2.1960679451e+03 3.7485548896e-13 2.3113638032e+03 9.4753415110e+00
4.4000000000e-01 2.1960679108e+03 4.0054311106e-13 2.3215630731e+03 9.8844651410e+00
4.5000000000e-01 2.1960674489e+03 4.5074529765e-13 2.3129802882e+03 1.0305628313e+01
4.6000000000e-01 2.1960681904e+03 4.1520607475e-13 2.2689476977e+03 1.0738153027e+01
4.7000000000e-01 2.1960679609e+03 4.2474085938e-13 2.2417217894e+03 1.1177525578e+01
4.8000000000e-01 2.1960671179e+03 4.0911632592e-13 2.2870506436e+03 1.1613998600e+01
4.9000000000e-01 2.1960675590e+03 3.8862855463e-13 2.3257805866e+03 1.2054059273e+01
5.0000000000e-01 2.1960679390e+03 4.3249934557e-13 2.3071463809e+03 1.2504040775e+01
5.1000000000e-01 2.1960681133e+03 5.4526487744e-13 2.2855142234e+03 1.2961351466e+01
5.2000000000e-01 2.1960679242e+03 5.6452245856e-13 2.2910511214e+03 1.3424622348e+01
5.3000000000e-01 2.1960675472e+03 6.5331424572e-13 2.3038440454e+03 1.3893332043e+01
5.4000000000e-01 2.1960664232e+03 6.1642029888e-13 2.2611710777e+03 1.4368172966e+01
5.5000000000e-01 2.1960679753e+03 5.7927160632e-13 2.1952130473e+03 1.4841671077e+01
5.6000000000e-01 2.1960671741e+03 5.8589909821e-13 2.2695955519e+03 1.5302228822e+01
5.7000000000e-01 2.1960678180e+03 5.7333912090e-13 2.2964966455e+03 1.5759438095e+01
5.8000000000e-01 2.1960676214e+03 5.6433535128e-13 2.3007490885e+03 1.6221439877e+01
5.9000000000e-01 2.1960669881e+03 5.8476706155e-13 2.2671858511e+03 1.6688749079e+01
6.0000000000e-01 2.1960682831e+03 5.6429323923e-13 2.2286378607e+03 1.7156605218e+01
6.1000000000e-01 2.1960665509e+03 6.1636066787e-13 2.2857261221e+03 1.7625797215e+01
6.2000000000e-01 2.1960681110e+03 6.0415460389e-13 2.2695208051e+03 1.8106537789e+01
6.3000000000e-01 2.1960674368e+03 6.1841495385e-13 2.2848546484e+03 1.8599912323e+01
6.4000000000e-01 2.1960675169e+03 6.3555644810e-13 2.2681079185e+03 1.9096299913e+01
6.5000000000e-01 2.1960678518e+03 5.8961402830e-13 2.2452877591e+03 1.9588501871e+01
6.6000000000e-01 2.1960670874e+03 6.0812289582e-13 2.2416608355e+03 2.0073515531e+01
6.7000000000e-01 2.1960680577e+03 6.2097837574e-13 2.2470683532e+03 2.0539877501e+01
6.8000000000e-01 2.1960675607e+03 5.9346138667e-13 2.3069354832e+03 2.0989505355e+01
6.9000000000e-01 2.1960676551e+03 6.4705260884e-13 2.3223114106e+03 2.1445152399e+01
7.0000000000e-01 2.1960682278e+03 6.2378333885e-13 2.3053414120e+03 2.1910390653e+01
7.1000000000e-01 2.1960676161e+03 5.8441465105e-13 2.3088754751e+03 2.2380862827e+01
7.2000000000e-01 2.1960682029e+03 6.0775437754e-13 2.2963430647e+03 2.2855842322e+01
7.3000000000e-01 2.1960678719e+03 6.0459594159e-13 2.3074231290e+03 2.3333718857e+01
7.4000000000e-01 2.1960678994e+03 6.3444031577e-13 2.3169918327e+03 2.3820914804e+01
7.5000000000e-01 2.1960679222e+03 6.6378581078e-13 2.3143251606e+03 2.4321444223e+01
7.6000000000e-01 2.1960679385e+03 6.4690709331e-13 2.3078896242e+03 2.4833439884e+01
7.7000000000e-01 2.1960671840e+03 6.9738724466e-13 2.2913864223e+03 2.5354636402e+01
7.8000000000e-01 2.1960682921e+03 6.8993603741e-13 2.2181889714e+03 2.5882149867e+01
7.9000000000e-01 2.1960672484e+03 6.9151007332e-13 2.2571408431e+03 2.6406178241e+01
8.0000000000e-01 2.1960676862e+03 7.3602320616e-13 2.3116883066e+03 2.6928955968e+01
8.1000000000e-01 2.1960677100e+03 7.2222734950e-13 2.3209275059e+03 2.7460188044e+01
8.2000000000e-01 2.1960648362e+03 7.3717458664e-13 2.2654044293e+03 2.8001690189e+01
8.3000000000e-01 2.1960686049e+03 7.6649141518e-13 2.1584876382e+03 2.8543049781e+01
8.4000000000e-01 2.1960668463e+03 7.4130717864e-13 2.2891731223e+03 2.9084557730e+01
8.5000000000e-01 2.1960677879e+03 7.1114360675e-13 2.2674760926e+03 2.9633327724e+01
8.6000000000e-01 2.1960676358e+03 7.1454216067e-13 2.2546609560e+03 3.0181976212e+01
8.7000000000e-01 2.1960679884e+03 6.4746150795e-13 2.2696272103e+03 3.0730904649e+01
8.8000000000e-01 2.1960669668e+03 7.0843518239e-13 2.2913999338e+03 3.1287062876e+01
8.9000000000e-01 2.1960685696e+03 7.4326790630e-13 2.2513960551e+03 3.1851094921e+01
9.0000000000e-01 2.1960677368e+03 7.8869693557e-13 2.2837298568e+03 3.2418871678e+01
9.1000000000e-01 2.1960678218e+03 8.4351235525e-13 2.3070195481e+03 3.2996188685e+01
9.2000000000e-01 2.1960679311e+03 7.7932936947e-13 2.3125579852e+03 3.3584460917e+01
9.3000000000e-01 2.1960680916e+03 7.8871693947e-13 2.3090389869e+03 3.4182663826e+01
9.4000000000e-01 2.1960680689e+03 8.5914908428e-13 2.3149840045e+03 3.4790038876e+01
9.5000000000e-01 2.1960679696e+03 8.5971863153e-13 2.3283364587e+03 3.5406564507e+01
9.6000000000e-01 2.1960679499e+03 8.5072889256e-13 2.3362080470e+03 3.6033529980e+01
9.7000000000e-01 2.1960679535e+03 8.4873337133e-13 2.3335391851e+03 3.6672150769e+01
9.8000000000e-01 2.1960679881e+03 8.4325279464e-13 2.3219773710e+03 3.7321986492e+01
9.9000000000e-01 2.1960679298e+03 8.2727943688e-13 2.3072339087e+03 3.7982283870e+01
1.0000000000e+00 2.1960675557e+03 8.5165288544e-13 2.2860125514e+03 3.8652675050e+01
1.0100000000e+00 2.1960685507e+03 8.8673573443e-13 2.2517195660e+03 3.9327605996e+01
1.0200000000e+00 2.1960673230e+03 8.5544861959e-13 2.2874081173e+03 3.9998903645e+01
1.0300000000e+00 2.1960677754e+03 8.1538697269e-13 2.2879931743e+03 4.0668012204e+01
1.0400000000e+00 2.1960676192e+03 8.8987366673e-13 2.2642410575e+03 4.1332587718e+01
1.0500000000e+00 2.1960681657e+03 8.7332150133e-13 2.2533024838e+03 4.1986149098e+01
1.0600000000e+00 2.1960675632e+03 8.3803764038e-13 2.2909191535e+03 4.2626008398e+01
1.0700000000e+00 2.1960679433e+03 8.4578092893e-13 2.3001436617e+03 4.3263535574e+01
1.0800000000e+00 2.1960673252e+03 8.3574946426e-13 2.3060534727e+03 4.3905018200e+01
1.0900000000e+00 2.1960671196e+03 8.7080719273e-13 2.1744022566e+03 4.4552613707e+01
1.1000000000e+00 2.1960659570e+03 8.2553305484e-13 2.2442544281e+03 4.5175415699e+01
1.1100000000e+00 2.1960674698e+03 9.0199973809e-13 2.3174638952e+03 4.5789766128e+01
1.1200000000e+00 2.1960678706e+03 8.8964669727e-13 2.3134889445e+03 4.6416328265e+01
1.1300000000e+00 2.1960682431e+03 8.6862441791e-13 2.2988486895e+03 4.7053961340e+01
1.1400000000e+00 2.1960678504e+03 9.0255344355e-13 2.3179613716e+03 4.7698456393e+01
1.1500000000e+00 2.1960678965e+03 9.0647169262e-13 2.3322731553e+03 4.8352937464e+01
1.1600000000e+00 2.1960678997e+03 8.7770140864e-13 2.3278592808e+03 4.9020870044e+01
1.1700000000e+00 2.1960678355e+03 8.6094102790e-13 2.3063891927e+03 4.9702431720e+01
1.1800000000e+00 2.1960680013e+03 8.4716554593e-13 2.2693090043e+03 5.0394928231e+01
1.1900000000e+00 2.1960680797e+03 8.6547575455e-13 2.2684729379e+03 5.1092774007e+01
1.2000000000e+00 2.1960677202e+03 9.2293730328e-13 2.3049768812e+03 5.1795934032e+01
1.2100000000e+00 2.1960678350e+03 8.8047351314e-13 2.3118534532e+03 5.2509183009e+01
1.2200000000e+00 2.1960678766e+03 8.2590303616e-13 2.2969777428e+03 5.3229830165e+01
1.2300000000e+00 2.1960675369e+03 7.8890259409e-13 2.2714868641e+03 5.3949362722e+01
1.2400000000e+00 2.1960684009e+03 7.5413586380e-13 2.2245025941e+03 5.4664308527e+01
1.2500000000e+00 2.1960674436e+03 7.8934158741e-13 2.2637301404e+03 5.5383917513e+01
1.2600000000e+00 2.1960675363e+03 8.5950958104e-13 2.2967647555e+03 5.6120863030e+01
1.2700000000e+00 2.1960677306e+03 7.5928321484e-13 2.3051727947e+03 5.6870296018e+01
1.2800000000e+00 2.1960673757e+03 7.7042637896e-13 2.3034820567e+03 5.7628808344e+01
1.2900000000e+00 2.1960684133e+03 7.6871688294e-13 2.2445322692e+03 5.8391559277e+01
1.3000000000e+00 2.1960678861e+03 7.9076979928e-13 2.2610385684e+03 5.9146595026e+01
1.3100000000e+00 2.1960676520e+03 7.6642914700e-13 2.3107134842e+03 5.9901625126e+01
1.3200000000e+00 2.1960677560e+03 7.9810951844e-13 2.3200621453e+03 6.0667730732e+01
1.3300000000e+00 2.1960676973e+03 7.8540488214e-13 2.2933169450e+03 6.1443646889e+01
1.3400000000e+00 2.1960681199e+03 7.9088064826e-13 2.2686117632e+03 6.2218450185e+01
1.3500000000e+00 2.1960672404e+03 7.6234561630e-13 2.2755885418e+03 6.2985508326e+01
1.3600000000e+00 2.1960686355e+03 7.5070049683e-13 2.2304612884e+03 6.3746223446e+01
1.3700000000e+00 2.1960674085e+03 7.8344992628e-13 2.2635145762e+03 6.4489859995e+01
1.3800000000e+00 2.1960677276e+03 7.6638221738e-13 2.2792445207e+03 6.5226703098e+01
1.3900000000e+00 2.1960675314e+03 8.2283535152e-13 2.2816625702e+03 6.5956859893e+01
1.4000000000e+00 2.1960669746e+03 8.0058692690e-13 2.2521589073e+03 6.6668598669e+01
1.4100000000e+00 2.1960667597e+03 7.8060626433e-13 2.2245064433e+03 6.7343738961e+01
1.4200000000e+00 2.1960680358e+03 7.4270123254e-13 2.2157325794e+03 6.7976868979e+01
1.4300000000e+00 2.1960672163e+03 7.5926736250e-13 2.2780780236e+03 6.8569462996e+01
1.4400000000e+00 2.1960677978e+03 8.0520807549e-13 2.3161809329e+03 6.9148544462e+01
1.4500000000e+00 2.1960679994e+03 7.6042869937e-13 2.3210183421e+03 6.9735211379e+01
1.4600000000e+00 2.1960679749e+03 7.8295764602e-13 2.3203624187e+03 7.0331591439e+01
1.4700000000e+00 2.1960674363e+03 7.6983809188e-13 2.3083304525e+03 7.0935007234e+01
1.4800000000e+00 2.1960672760e+03 8.2234578416e-13 2.2249926996e+03 7.1534160028e+01
1.4900000000e+00 2.1960666049e+03 7.7154707665e-13 2.2489271760e+03 7.2102939909e+01
1.5000000000e+00 2.1960676104e+03 7.8250232608e-13 2.3247671430e+03 7.2653270462e+01
1.5100000000e+00 2.1960679288e+03 8.0981965761e-13 2.3350791735e+03 7.3209776044e+01
1.5200000000e+00 2.1960680177e+03 6.5386236057e-13 2.3291490642e+03 7.3778697844e+01
1.5300000000e+00 2.1960681003e+03 6.9893998592e-13 2.3231731234e+03 7.4360274947e+01
1.5400000000e+00 2.1960680003e+03 7.1628726176e-13 2.3261075174e+03 7.4953113174e+01
1.5500000000e+00 2.1960679801e+03 6.6000083580e-13 2.3281029221e+03 7.5555767754e+01
1.5600000000e+00 2.1960678918e+03 7.1804775964e-13 2.3240173059e+03 7.6168020242e+01
1.5700000000e+00 2.1960677657e+03 7.5078744823e-13 2.3035270965e+03 7.6787789222e+01
1.5800000000e+00 2.1960681208e+03 7.6533824729e-13 2.2645387563e+03 7.7406093299e+01
1.5900000000e+00 2.1960679133e+03 7.5347482586e-13 2.2598899119e+03 7.8011381955e+01
1.6000000000e+00 2.1960679108e+03 7.8604010463e-13 2.2782914678e+03 7.8609435632e+01
1.6100000000e+00 2.1960678101e+03 6.9684067719e-13 2.2952200269e+03 7.9215365486e+01
1.6200000000e+00 2.1960678810e+03 6.9958978815e-13 2.2950001138e+03 7.9837301511e+01
1.6300000000e+00 2.1960680203e+03 7.0058137777e-13 2.2948667404e+03 8.0482269658e+01
1.6400000000e+00 2.1960677136e+03 7.0753989865e-13 2.3046662982e+03 8.1151002564e+01
1.6500000000e+00 2.1960680660e+03 7.1442899080e-13 2.2948555772e+03 8.1832885254e+01
1.6600000000e+00 2.1960677839e+03 7.1342071160e-13 2.2977035249e+03 8.2518666660e+01
1.6700000000e+00 2.1960679868e+03 6.7744029526e-13 2.3044336038e+03 8.3200428822e+01
1.6800000000e+00 2.1960675868e+03 6.8857947373e-13 2.3199425053e+03 8.3874732815e+01
1.6900000000e+00 2.1960680299e+03 6.4466642680e-13 2.2874626317e+03 8.4543803069e+01
1.7000000000e+00 2.1960671787e+03 6.4694638077e-13 2.3090921925e+03 8.5200320630e+01
1.7100000000e+00 2.1960677302e+03 6.2457638599e-13 2.3213420718e+03 8.5853850867e+01
1.7200000000e+00 2.1960680436e+03 6.2712000809e-13 2.2969062275e+03 8.6513723251e+01
1.7300000000e+00 2.1960680285e+03 6.1161064908e-13 2.2864297442e+03 8.7178635460e+01
1.7400000000e+00 2.1960680181e+03 6.3678986059e-13 2.2937225257e+03 8.7847913496e+01
1.7500000000e+00 2.1960678364e+03 6.9312125933e-13 2.3072591115e+03 8.8522264617e+01
1.7600000000e+00 2.1960673996e+03 7.0272595741e-13 2.2996105756e+03 8.9202021218e+01
1.7700000000e+00 2.1960686471e+03 7.7907070167e-13 2.2406038800e+03 8.9884522905e+01
1.7800000000e+00 2.1960675767e+03 7.9059953666e-13 2.2742837371e+03 9.0567851787e+01
1.7900000000e+00 2.1960668291e+03 7.8908941951e-13 2.3088758696e+03 9.1261110199e+01
1.8000000000e+00 2.1960688747e+03 8.4500608222e-13 2.2237744519e+03 9.1961318285e+01
1.8100000000e+00 2.1960670356e+03 8.2432970282e-13 2.2328332148e+03 9.2650616419e+01
1.8200000000e+00 2.1960676722e+03 8.2671247014e-13 2.2387754145e+03 9.3326207401e+01
1.8300000000e+00 2.1960679028e+03 8.5825536539e-13 2.2511567745e+03 9.3981223938e+01
1.8400000000e+00 2.1960678194e+03 8.1160364889e-13 2.2785956453e+03 9.4611746990e+01
1.8500000000e+00 2.1960678463e+03 8.3625550499e-13 2.3075091233e+03 9.5234389080e+01
1.8600000000e+00 2.1960678567e+03 8.3994493593e-13 2.3234237922e+03 9.5865355745e+01
1.8700000000e+00 2.1960678236e+03 9.4572957550e-13 2.3180010977e+03 9.6510295341e+01
1.8800000000e+00 2.1960679104e+03 9.2946938032e-13 2.2908638817e+03 9.7168836920e+01
1.8900000000e+00 2.1960678804e+03 8.9208439410e-13 2.2708928020e+03 9.7833366641e+01
1.9000000000e+00 2.1960680073e+03 8.7441920977e-13 2.2633910284e+03 9.8491164277e+01
1.9100000000e+00 2.1960677599e+03 8.7220680992e-13 2.2681238672e+03 9.9129598823e+01
1.9200000000e+00 2.1960678409e+03 9.0410739175e-13 2.2779056876e+03 9.9755677752e+01
1.9300000000e+00 2.1960679491e+03 8.9519377458e-13 2.2880973221e+03 1.0038207275e+02
1.9400000000e+00 2.1960679484e+03 8.9824431067e-13 2.2995445888e+03 1.0101881298e+02
1.9500000000e+00 2.1960679715e+03 9.1674559231e-13 2.3121346080e+03 1.0167055704e+02
1.9600000000e+00 2.1960679709e+03 9.1518201854e-13 2.3197116892e+03 1.0233838197e+02
1.9700000000e+00 2.1960679296e+03 9.1559370594e-13 2.3195291129e+03 1.0302185566e+02
1.9800000000e+00 2.1960681731e+03 9.3887845279e-13 2.3132923092e+03 1.0372280908e+02
1.9900000000e+00 2.1960679585e+03 9.6370643104e-13 2.3244119232e+03 1.0444425490e+02
2.0000000000e+00 2.1960679914e+03 1.0051532285e-12 2.3323001699e+03 1.0518414244e+02
2.0100000000e+00 2.1960680302e+03 1.0112247734e-12 2.3324150545e+03 1.0593933173e+02
2.0200000000e+00 2.1960679540e+03 1.0211147456e-12 2.3286585451e+03 1.0670792485e+02
2.0300000000e+00 2.1960677195e+03 1.0030552845e-12 2.3114727543e+03 1.0748599718e+02
2.0400000000e+00 2.1960683282e+03 9.9282847181e-13 2.2754799935e+03 1.0826117885e+02
2.0500000000e+00 2.1960676832e+03 9.7676086603e-13 2.2823030594e+03 1.0901816649e+02
2.0600000000e+00 2.1960681060e+03 9.6416259896e-13 2.2842778109e+03 1.0976726594e+02
2.0700000000e+00 2.1960679182e+03 1.0370868715e-12 2.3017492424e+03 1.1052388401e+02
2.0800000000e+00 2.1960675597e+03 1.0066562057e-12 2.3123622194e+03 1.1129209079e+02
2.0900000000e+00 2.1960678340e+03 1.0814626350e-12 2.2724197320e+03 1.1206061213e+02
2.1000000000e+00 2.1960679305e+03 1.0931273942e-12 2.2573527002e+03 1.1280216714e+02
2.1100000000e+00 2.1960672639e+03 1.0754132791e-12 2.2774332958e+03 1.1350608394e+02
2.1200000000e+00 2.1960683702e+03 1.0918257232e-12 2.2659492489e+03 1.1417623308e+02
2.1300000000e+00 2.1960676184e+03 1.0331490180e-12 2.3105895068e+03 1.1481011563e+02
2.1400000000e+00 2.1960678413e+03 1.0289381440e-12 2.3255579173e+03 1.1543267470e+02
2.1500000000e+00 2.1960680432e+03 1.0420916674e-12 2.3163979300e+03 1.1605829395e+02
2.1600000000e+00 2.1960681075e+03 9.5817163785e-13 2.3097697928e+03 1.1668898755e+02
2.1700000000e+00 2.1960680005e+03 9.4084562246e-13 2.3142486314e+03 1.1732523632e+02
2.1800000000e+00 2.1960679251e+03 9.3637052367e-13 2.3158670166e+03 1.1796853052e+02
2.1900000000e+00 2.1960681471e+03 9.3928101385e-13 2.3090958054e+03 1.1861973940e+02
2.2000000000e+00 2.1960678511e+03 9.6272682145e-13 2.3113896049e+03 1.1927789926e+02
2.2100000000e+00 2.1960678006e+03 9.3252315701e-13 2.3017149406e+03 1.1993752997e+02
2.2200000000e+00 2.1960671745e+03 9.6677795151e-13 2.2584342850e+03 1.2058469655e+02
2.2300000000e+00 2.1960673570e+03 9.9965223420e-13 2.2507080691e+03 1.2119171716e+02
2.2400000000e+00 2.1960673155e+03 1.0246381523e-12 2.2851502446e+03 1.2175961701e+02
2.2500000000e+00 2.1960683569e+03 1.0871392974e-12 2.2798534198e+03 1.2230781567e+02
2.2600000000e+00 2.1960676346e+03 1.1231580872e-12 2.3210246385e+03 1.2283521832e+02
2.2700000000e+00 2.1960678978e+03 1.1356208603e-12 2.3244196450e+03 1.2336647161e+02
2.2800000000e+00 2.1960680419e+03 1.2252332973e-12 2.3102137056e+03 1.2390939674e+02
2.2900000000e+00 2.1960679532e+03 1.2452711227e-12 2.3025705787e+03 1.2446336828e+02
2.3000000000e+00 2.1960679915e+03 1.2322534548e-12 2.2974002251e+03 1.2503617205e+02
2.3100000000e+00 2.1960680186e+03 1.2531705131e-12 2.2949752081e+03 1.2563632077e+02
2.3200000000e+00 2.1960678943e+03 1.2374774330e-12 2.3003078940e+03 1.2625443363e+02
2.3300000000e+00 2.1960680325e+03 1.1850999010e-12 2.2993617616e+03 1.2687746234e+02
2.3400000000e+00 2.1960680106e+03 1.1294649527e-12 2.3028029635e+03 1.2749784967e+02
2.3500000000e+00 2.1960675857e+03 1.2010905601e-12 2.3051151439e+03 1.2811723938e+02
2.3600000000e+00 2.1960679953e+03 1.2079442836e-12 2.2672723404e+03 1.2873600879e+02
2.3700000000e+00 2.1960675399e+03 1.1701236848e-12 2.2537734287e+03 1.2934098919e+02
2.3800000000e+00 2.1960676283e+03 1.0800655866e-12 2.2454410756e+03 1.2993428320e+02
2.3900000000e+00 2.1960677996e+03 1.0309775860e-12 2.2246802283e+03 1.3052497152e+02
2.4000000000e+00 2.1960675474e+03 1.0223763110e-12 2.2202854321e+03 1.3111477702e+02
2.4100000000e+00 2.1960678628e+03 9.3637463069e-13 2.2279031593e+03 1.3168694255e+02
2.4200000000e+00 2.1960673194e+03 9.1190756437e-13 2.2516779161e+03 1.3224309559e+02
2.4300000000e+00 2.1960680389e+03 1.0129972019e-12 2.2401635860e+03 1.3279536239e+02
2.4400000000e+00 2.1960676632e+03 9.9755060442e-13 2.2510721638e+03 1.3334367153e+02
2.4500000000e+00 2.1960674762e+03 1.0077655539e-12 2.2767751009e+03 1.3387982864e+02
2.4600000000e+00 2.1960679596e+03 9.8212264036e-13 2.2806293199e+03 1.3440465714e+02
2.4700000000e+00 2.1960680139e+03 9.9605517207e-13 2.2893215487e+03 1.3491736356e+02
2.4800000000e+00 2.1960678659e+03 9.8084592007e-13 2.3128156908e+03 1.3542766563e+02
2.4900000000e+00 2.1960679307e+03 9.1257082935e-13 2.3223828961e+03 1.3594685885e+02
2.5000000000e+00 2.1960680187e+03 9.3747432050e-13 2.3215392929e+03 1.3647168352e+02
2.5100000000e+00 2.1960677085e+03 8.9666318383e-13 2.3168140167e+03 1.3699603102e+02
2.5200000000e+00 2.1960677762e+03 9.3499249799e-13 2.2783943324e+03 1.3751719958e+02
2.5300000000e+00 2.1960677427e+03 8.9805305674e-13 2.2372270545e+03 1.3802136944e+02
2.5400000000e+00 2.1960674707e+03 8.6250608023e-13 2.2681376227e+03 1.3849916873e+02
2.5500000000e+00 2.1960674463e+03 8.9495071817e-13 2.3077171010e+03 1.3896737758e+02
2.5600000000e+00 2.1960681016e+03 9.3641569986e-13 2.2931705821e+03 1.3944849620e+02
2.5700000000e+00 2.1960676274e+03 9.1130146480e-13 2.2884122050e+03 1.3994735370e+02
2.5800000000e+00 2.1960677237e+03 9.4302427364e-13 2.2736719632e+03 1.4045496279e+02
2.5900000000e+00 2.1960685029e+03 9.0080231441e-13 2.2615358553e+03 1.4095529550e+02
2.6000000000e+00 2.1960671880e+03 9.0739078633e-13 2.3095692516e+03 1.4142390784e+02
2.6100000000e+00 2.1960680730e+03 8.9510796186e-13 2.3082860384e+03 1.4188406472e+02
2.6200000000e+00 2.1960679272e+03 8.8154023653e-13 2.3066641399e+03 1.4235329441e+02
2.6300000000e+00 2.1960678636e+03 9.3094734166e-13 2.3035656657e+03 1.4283890286e+02
2.6400000000e+00 2.1960680857e+03 9.8675965386e-13 2.2909476902e+03 1.4334238976e+02
2.6500000000e+00 2.1960678386e+03 9.4440068167e-13 2.2914221731e+03 1.4385905274e+02
2.6600000000e+00 2.1960682255e+03 9.1635559463e-13 2.2914724215e+03 1.4437759212e+02
2.6700000000e+00 2.1960676822e+03 9.1056128368e-13 2.3131529110e+03 1.4489030824e+02
2.6800000000e+00 2.1960679985e+03 8.6078846670e-13 2.3077760451e+03 1.4540767264e+02
2.6900000000e+00 2.1960677823e+03 8.2656637297e-13 2.3032848844e+03 1.4593503437e+02
2.7000000000e+00 2.1960680366e+03 7.3576981864e-13 2.2875509739e+03 1.4647312748e+02
2.7100000000e+00 2.1960680437e+03 7.5735209381e-13 2.2844977771e+03 1.4702144470e+02
2.7200000000e+00 2.1960670728e+03 7.1675338111e-13 2.2883179372e+03 1.4757715632e+02
2.7300000000e+00 2.1960688661e+03 7.3338433025e-13 2.1963633458e+03 1.4813189512e+02
2.7400000000e+00 2.1960660628e+03 7.1179451979e-13 2.2885167764e+03 1.4867633817e+02
2.7500000000e+00 2.1960679084e+03 6.8094792276e-13 2.3201866799e+03 1.4921794036e+02
2.7600000000e+00 2.1960680055e+03 7.1389989085e-13 2.3229141808e+03 1.4976403957e+02
2.7700000000e+00 2.1960679543e+03 6.4591825254e-13 2.3224607338e+03 1.5031944716e+02
2.7800000000e+00 2.1960679894e+03 6.9852621201e-13 2.3149449377e+03 1.5088566361e+02
2.7900000000e+00 2.1960675801e+03 7.6151756800e-13 2.2993046705e+03 1.5146198677e+02
2.8000000000e+00 2.1960680742e+03 7.3008104023e-13 2.2500678759e+03 1.5203826209e+02
2.8100000000e+00 2.1960672879e+03 7.8902693514e-13 2.2721408920e+03 1.5259073745e+02
2.8200000000e+00 2.1960678094e+03 8.0693978931e-13 2.3046083205e+03 1.5311728238e+02
2.8300000000e+00 2.1960678866e+03 8.5223345913e-13 2.3129845515e+03 1.5363389060e+02
2.8400000000e+00 2.1960675288e+03 8.3526652172e-13 2.3074429521e+03 1.5415256728e+02
2.8500000000e+00 2.1960673910e+03 7.7431229586e-13 2.2391768703e+03 1.5467625957e+02
2.8600000000e+00 2.1960674448e+03 7.8612821947e-13 2.2204462532e+03 1.5519794329e+02
2.8700000000e+00 2.1960677244e+03 8.0716265037e-13 2.2826180623e+03 1.5570555659e+02
2.8800000000e+00 2.1960674742e+03 7.6739643439e-13 2.3257700080e+03 1.5620025876e+02
2.8900000000e+00 2.1960668018e+03 8.0180328360e-13 2.2949985354e+03 1.5669972808e+02
2.9000000000e+00 2.1960687986e+03 7.7698962939e-13 2.1853244356e+03 1.5721970239e+02
2.9100000000e+00 2.1960673294e+03 7.5439451105e-13 2.2335518630e+03 1.5777206928e+02
2.9200000000e+00 2.1960675657e+03 7.9073522593e-13 2.3018597084e+03 1.5835807646e+02
2.9300000000e+00 2.1960677976e+03 7.8401808758e-13 2.3216824324e+03 1.5897313007e+02
2.9400000000e+00 2.1960679939e+03 7.4918099781e-13 2.3162435092e+03 1.5961127197e+02
2.9500000000e+00 2.1960678846e+03 7.5787021218e-13 2.3076309445e+03 1.6027021188e+02
2.9600000000e+00 2.1960680990e+03 7.8975444655e-13 2.2974641134e+03 1.6094606386e+02
2.9700000000e+00 2.1960675903e+03 7.7543266269e-13 2.2989803556e+03 1.6163653464e+02
2.9800000000e+00 2.1960683460e+03 7.5113328246e-13 2.2787046245e+03 1.6233010246e+02
2.9900000000e+00 2.1960676545e+03 7.2307597400e-13 2.2985661941e+03 1.6300992416e+02
3.0000000000e+00 2.1960678950e+03 6.7352274336e-13 2.3052882892e+03 1.6369284146e+02
3.0100000000e+00 2.1960677495e+03 6.8261582131e-13 2.2994875466e+03 1.6438891048e+02
3.0200000000e+00 2.1960681519e+03 6.6886277820e-13 2.2791957886e+03 1.6508392606e+02
3.0300000000e+00 2.1960675703e+03 6.5125391394e-13 2.3069627449e+03 1.6574892377e+02
3.0400000000e+00 2.1960677048e+03 6.3033129036e-13 2.3246859496e+03 1.6639493171e+02
3.0500000000e+00 2.1960676196e+03 6.2293374272e-13 2.2996072323e+03 1.6704466345e+02
3.0600000000e+00 2.1960680101e+03 6.4109138089e-13 2.2361052795e+03 1.6769747862e+02
3.0700000000e+00 2.1960678319e+03 7.1111476476e-13 2.2377539118e+03 1.6834238945e+02
3.0800000000e+00 2.1960675276e+03 6.7746274738e-13 2.2864657106e+03 1.6898356226e+02
3.0900000000e+00 2.1960678738e+03 6.8979292108e-13 2.2909923341e+03 1.6962263171e+02
3.1000000000e+00 2.1960679706e+03 7.1026228839e-13 2.2852553893e+03 1.7025171160e+02
3.1100000000e+00 2.1960675491e+03 7.1518412947e-13 2.2844249385e+03 1.7087184024e+02
3.1200000000e+00 2.1960683178e+03 7.6981413891e-13 2.2809670594e+03 1.7148208729e+02
3.1300000000e+00 2.1960675621e+03 7.5955569677e-13 2.3217093621e+03 1.7207582080e+02
3.1400000000e+00 2.1960669081e+03 7.4561017790e-13 2.3138523416e+03 1.7267251672e+02
3.1500000000e+00 2.1960702862e+03 7.6720932095e-13 2.2263776420e+03 1.7325716153e+02
3.1600000000e+00 2.1960671496e+03 7.2857355485e-13 2.3096871390e+03 1.7377754178e+02
3.1700000000e+00 2.1960677953e+03 7.0566992034e-13 2.3124945817e+03 1.7429645889e+02
3.1800000000e+00 2.1960678627e+03 7.1741276032e-13 2.2850274920e+03 1.7482893957e+02
3.1900000000e+00 2.1960680015e+03 6.5237853684e-13 2.2725588566e+03 1.7534492018e+02
3.2000000000e+00 2.1960672100e+03 6.5823639133e-13 2.2808766184e+03 1.7583171607e+02
3.2100000000e+00 2.1960669260e+03 6.9454999614e-13 2.2067044266e+03 1.7632429524e+02
3.2200000000e+00 2.1960681751e+03 6.5194005183e-13 2.1074863202e+03 1.7684214141e+02
3.2300000000e+00 2.1960658471e+03 6.0177398029e-13 2.1882153521e+03 1.7736264658e+02
3.2400000000e+00 2.1960673349e+03 5.5680964340e-13 2.2558395936e+03 1.7787675981e+02
3.2500000000e+00 2.1960667263e+03 4.9936523453e-13 2.2836684643e+03 1.7839276187e+02
3.2600000000e+00 2.1960674267e+03 5.5839110438e-13 2.2827097289e+03 1.7891790019e+02
3.2700000000e+00 2.1960675625e+03 5.6044815948e-13 2.3172709012e+03 1.7945893611e+02
3.2800000000e+00 2.1960681717e+03 5.1962822511e-13 2.2978459214e+03 1.8000915780e+02
3.2900000000e+00 2.1960677376e+03 5.5022923039e-13 2.3032542169e+03 1.8055399290e+02
3.3000000000e+00 2.1960678539e+03 4.4250988486e-13 2.2897069324e+03 1.8108721692e+02
3.3100000000e+00 2.1960675328e+03 4.2275113384e-13 2.2985770773e+03 1.8158971387e+02
3.3200000000e+00 2.1960678007e+03 4.6593360759e-13 2.3085332698e+03 1.8206857200e+02
3.3300000000e+00 2.1960681334e+03 4.6989917699e-13 2.2967071453e+03 1.8253666800e+02
3.3400000000e+00 2.1960677400e+03 4.0679906353e-13 2.3038108431e+03 1.8298355539e+02
3.3500000000e+00 2.1960676458e+03 3.5731220230e-13 2.2883432239e+03 1.8341296753e+02
3.3600000000e+00 2.1960681485e+03 3.5168727008e-13 2.2630908026e+03 1.8381918762e+02
3.3700000000e+00 2.1960679173e+03 2.5037754476e-13 2.2852204295e+03 1.8419559523e+02
3.3800000000e+00 2.1960678608e+03 2.2666852823e-13 2.3113912353e+03 1.8456961026e+02
3.3900000000e+00 2.1960677015e+03 2.1885942812e-13 2.3201134349e+03 1.8495940874e+02
3.4000000000e+00 2.1960679308e+03 1.8654178572e-13 2.2891084548e+03 1.8536858487e+02
3.4100000000e+00 2.1960677245e+03 2.0786295675e-13 2.2946753456e+03 1.8579661708e+02
3.4200000000e+00 2.1960675466e+03 2.1962717425e-13 2.3190455168e+03 1.8624157926e+02
3.4300000000e+00 2.1960672876e+03 2.6523104906e-13 2.2852113330e+03 1.8669876257e+02
3.4400000000e+00 2.1960678846e+03 2.4918987321e-13 2.1922684481e+03 1.8718474983e+02
3.4500000000e+00 2.1960681563e+03 2.2232908387e-13 2.1477295431e+03 1.8774259207e+02
3.4600000000e+00 2.1960672586e+03 2.1997449223e-13 2.1956125622e+03 1.8833498130e+02
3.4700000000e+00 2.1960674816e+03 2.4432861004e-13 2.2430588824e+03 1.8889166251e+02
3.4800000000e+00 2.1960673841e+03 2.1075556998e-13 2.2625227239e+03 1.8941857406e+02
3.4900000000e+00 2.1960676889e+03 1.9493470891e-13 2.2672903682e+03 1.8990953592e+02
3.5000000000e+00 2.1960677552e+03 2.1889164023e-13 2.2865225421e+03 1.9036096609e+02
3.5100000000e+00 2.1960678440e+03 2.2607807601e-13 2.2834363290e+03 1.9080543325e+02
3.5200000000e+00 2.1960681424e+03 2.8219486704e-13 2.2777232348e+03 1.9127125576e+02
3.5300000000e+00 2.1960679532e+03 2.9701111649e-13 2.2988266856e+03 1.9178308703e+02
3.5400000000e+00 2.1960676805e+03 2.3816788865e-13 2.3245374086e+03 1.9233328594e+02
3.5500000000e+00 2.1960671896e+03 2.1576112650e-13 2.3032977308e+03 1.9289913820e+02
3.5600000000e+00 2.1960676598e+03 1.5732420453e-13 2.2389115036e+03 1.9344648178e+02
3.5700000000e+00 2.1960670089e+03 1.5907946359e-13 2.2284927089e+03 1.9398353970e+02
3.5800000000e+00 2.1960658081e+03 1.7557031949e-13 2.2158322430e+03 1.9454489917e+02
3.5900000000e+00 2.1960690411e+03 1.2580551369e-13 2.1501771874e+03 1.9512424926e+02
3.6000000000e+00 2.1960656680e+03 1.5701867595e-13 2.2733218269e+03 1.9567877841e+02
3.6100000000e+00 2.1960676213e+03 1.9256382501e-13 2.2101436331e+03 1.9621708880e+02
3.6200000000e+00 2.1960674274e+03 1.9905454382e-13 2.2093071194e+03 1.9676618944e+02
3.6300000000e+00 2.1960674854e+03 1.6684302920e-13 2.2853366706e+03 1.9734015049e+02
3.6400000000e+00 2.1960674090e+03 1.5342402512e-13 2.3059505294e+03 1.9793837376e+02
3.6500000000e+00 2.1960681441e+03 1.6312739288e-13 2.2701492803e+03 1.9855832480e+02
3.6600000000e+00 2.1960676567e+03 2.0418519698e-13 2.2656961814e+03 1.9919902911e+02
3.6700000000e+00 2.1960666878e+03 2.0221742487e-13 2.2388340126e+03 1.9986162691e+02
3.6800000000e+00 2.1960675507e+03 1.9358367722e-13 2.1595648468e+03 2.0052135376e+02
3.6900000000e+00 2.1960666341e+03 1.3801175230e-13 2.2327931668e+03 2.0113643898e+02
3.7000000000e+00 2.1960676704e+03 1.2284987753e-13 2.3066993289e+03 2.0172812214e+02
3.7100000000e+00 2.1960678530e+03 8.3800660569e-14 2.3239342598e+03 2.0232269546e+02
3.7200000000e+00 2.1960673992e+03 6.7806274760e-14 2.3136769251e+03 2.0292664139e+02
3.7300000000e+00 2.1960673708e+03 4.1589523540e-14 2.2390842990e+03 2.0353891187e+02
3.7400000000e+00 2.1960684214e+03 5.3100819429e-14 2.1926760680e+03 2.0412325072e+02
3.7500000000e+00 2.1960674403e+03 8.2406972415e-14 2.2631139294e+03 2.0464897229e+02
3.7600000000e+00 2.1960674675e+03 5.3524380528e-14 2.3107682500e+03 2.0516883547e+02
3.7700000000e+00 2.1960679495e+03 6.7838260825e-14 2.3252323983e+03 2.0569853554e+02
3.7800000000e+00 2.1960680024e+03 8.3414625235e-14 2.3249290363e+03 2.0623553432e+02
3.7900000000e+00 2.1960677039e+03 1.5795161349e-13 2.3185916744e+03 2.0678146610e+02
3.8000000000e+00 2.1960680454e+03 6.1557737028e-14 2.2811595840e+03 2.0733854773e+02
3.8100000000e+00 2.1960678383e+03 1.1293915271e-13 2.2733723385e+03 2.0790560406e+02
3.8200000000e+00 2.1960679751e+03 1.3978413326e-13 2.2957892919e+03 2.0847956008e+02
3.8300000000e+00 2.1960677527e+03 1.0706626141e-13 2.3215171899e+03 2.0905890295e+02
3.8400000000e+00 2.1960677581e+03 1.6491517543e-13 2.3187244762e+03 2.0964827523e+02
3.8500000000e+00 2.1960678703e+03 1.9380465377e-13 2.2849536182e+03 2.1024760959e+02
3.8600000000e+00 2.1960685334e+03 2.1731996781e-13 2.2647599058e+03 2.1085018432e+02
3.8700000000e+00 2.1960675998e+03 2.5089451115e-13 2.3123989392e+03 2.1146103649e+02
3.8800000000e+00 2.1960678764e+03 3.1910590959e-13 2.3333637771e+03 2.1208671310e+02
3.8900000000e+00 2.1960679916e+03 3.9428645002e-13 2.3312022966e+03 2.1272442710e+02
3.9000000000e+00 2.1960680333e+03 3.7165027091e-13 2.3243056099e+03 2.1336923860e+02
3.9100000000e+00 2.1960677839e+03 3.5131500299e-13 2.3178955168e+03 2.1401678322e+02
3.9200000000e+00 2.1960627106e+03 4.5751778970e-13 2.2395558404e+03 2.1466321403e+02
3.9300000000e+00 2.1960635029e+03 4.2982679778e-13 2.2493230723e+03 2.1525931169e+02
3.9400000000e+00 2.1960677508e+03 4.4261645779e-13 2.3090762262e+03 2.1581584670e+02
3.9500000000e+00 2.1960678553e+03 5.1249438908e-13 2.3200949328e+03 2.1637905398e+02
3.9600000000e+00 2.1960678560e+03 5.4065941742e-13 2.3099466093e+03 2.1695527989e+02
3.9700000000e+00 2.1960677033e+03 5.6937039600e-13 2.2793994799e+03 2.1754193355e+02
3.9800000000e+00 2.1960679663e+03 5.7082537610e-13 2.2663653363e+03 2.1814546636e+02
3.9900000000e+00 2.1960678369e+03 5.5471623210e-13 2.2982094897e+03 2.1877063264e+02
4.0000000000e+00 2.1960678098e+03 5.2883451577e-13 2.3176281393e+03 2.1940671005e+02
4.0100000000e+00 2.1960678390e+03 5.1418594734e-13 2.3163112663e+03 2.2005036421e+02
4.0200000000e+00 2.1960678255e+03 4.2782371867e-13 2.2941328441e+03 2.2069807070e+02
4.0300000000e+00 2.1960672732e+03 5.5848989907e-13 2.2681352712e+03 2.2133713655e+02
4.0400000000e+00 2.1960688153e+03 5.4078852986e-13 2.2198101861e+03 2.2195883416e+02
4.0500000000e+00 2.1960662236e+03 4.7584448953e-13 2.2535930187e+03 2.2256092054e+02
4.0600000000e+00 2.1960695659e+03 5.0827562125e-13 2.1556363868e+03 2.2316651034e+02
4.0700000000e+00 2.1960663711e+03 5.0579835864e-13 2.2525010616e+03 2.2376511729e+02
4.0800000000e+00 2.1960675623e+03 5.1106280407e-13 2.2950160757e+03 2.2434535483e+02
4.0900000000e+00 2.1960682513e+03 4.4689630767e-13 2.2859237220e+03 2.2492379818e+02
4.1000000000e+00 2.1960678696e+03 4.9568955322e-13 2.3076845696e+03 2.2550415966e+02
4.1100000000e+00 2.1960677251e+03 5.0180194281e-13 2.3228562827e+03 2.2609445319e+02
4.1200000000e+00 2.1960677345e+03 4.6783191120e-13 2.2981159556e+03 2.2669959300e+02
4.1300000000e+00 2.1960678994e+03 4.2482791026e-13 2.2933125292e+03 2.2731845962e+02
4.1400000000e+00 2.1960678214e+03 3.6850447976e-13 2.3228756574e+03 2.2794971206e+02
4.1500000000e+00 2.1960679763e+03 3.8777742914e-13 2.3262482259e+03 2.2859382460e+02
4.1600000000e+00 2.1960672194e+03 3.7999195906e-13 2.3140373863e+03 2.2925027213e+02
4.1700000000e+00 2.1960692192e+03 3.7942017649e-13 2.2620045043e+03 2.2991093061e+02
4.1800000000e+00 2.1960673645e+03 4.8498654043e-13 2.3199459664e+03 2.3056242866e+02
4.1900000000e+00 2.1960679923e+03 3.7858312118e-13 2.3234676849e+03 2.3121817493e+02
4.2000000000e+00 2.1960679226e+03 3.5734345459e-13 2.3170900361e+03 2.3188071040e+02
4.2100000000e+00 2.1960678597e+03 3.3601218526e-13 2.2976762049e+03 2.3254814307e+02
4.2200000000e+00 2.1960680475e+03 3.0645437702e-13 2.2913856232e+03 2.3321668125e+02
4.2300000000e+00 2.1960678590e+03 3.3336350094e-13 2.3128367936e+03 2.3388752883e+02
4.2400000000e+00 2.1960680382e+03 3.1267146608e-13 2.3189068765e+03 2.3456942415e+02
4.2500000000e+00 2.1960678843e+03 2.9239508151e-13 2.3245131912e+03 2.3526556482e+02
4.2600000000e+00 2.1960678782e+03 3.4023269596e-13 2.3113779108e+03 2.3597616997e+02
4.2700000000e+00 2.1960680331e+03 3.1162605618e-13 2.3091113261e+03 2.3670367041e+02
4.2800000000e+00 2.1960676070e+03 3.5899366652e-13 2.3241243984e+03 2.3744628271e+02
4.2900000000e+00 2.1960682793e+03 4.2486905011e-13 2.3048884881e+03 2.3819253980e+02
4.3000000000e+00 2.1960675774e+03 4.2057288026e-13 2.3176522592e+03 2.3892964325e+02
4.3100000000e+00 2.1960676345e+03 4.2023160216e-13 2.3002276297e+03 2.3965371853e+02
4.3200000000e+00 2.1960683445e+03 4.0892038523e-13 2.2779425823e+03 2.4036107687e+02
4.3300000000e+00 2.1960673465e+03 3.9031911155e-13 2.3054565602e+03 2.4106431355e+02
4.3400000000e+00 2.1960680841e+03 3.7591174500e-13 2.2759977442e+03 2.4176869805e+02
4.3500000000e+00 2.1960679839e+03 3.4633976240e-13 2.2726392704e+03 2.4246958795e+02
4.3600000000e+00 2.1960677637e+03 3.8499640378e-13 2.3036357840e+03 2.4317641860e+02
4.3700000000e+00 2.1960674112e+03 4.5217136306e-13 2.3142721752e+03 2.4389872879e+02
4.3800000000e+00 2.1960653713e+03 5.0011169018e-13 2.2426439418e+03 2.4462271817e+02
4.3900000000e+00 2.1960686304e+03 4.7186965381e-13 2.1403957300e+03 2.4528125648e+02
4.4000000000e+00 2.1960671023e+03 4.9193003782e-13 2.2837929477e+03 2.4583372064e+02
4.4100000000e+00 2.1960678265e+03 5.2128701175e-13 2.3071009415e+03 2.4636700669e+02
4.4200000000e+00 2.1960679821e+03 5.3045285002e-13 2.3062240354e+03 2.4689768276e+02
4.4300000000e+00 2.1960680722e+03 4.7705501787e-13 2.3108030390e+03 2.4742338722e+02
4.4400000000e+00 2.1960676091e+03 4.6851795743e-13 2.3253186225e+03 2.4794784961e+02
4.4500000000e+00 2.1960680015e+03 5.5698294712e-13 2.2968942516e+03 2.4848531856e+02
4.4600000000e+00 2.1960673002e+03 5.9252651710e-13 2.2940083171e+03 2.4905341413e+02
4.4700000000e+00 2.1960672758e+03 5.2683941835e-13 2.2570029472e+03 2.4964938609e+02
4.4800000000e+00 2.1960678772e+03 5.0421357729e-13 2.2174833721e+03 2.5026167635e+02
4.4900000000e+00 2.1960676322e+03 4.6227127083e-13 2.2650507479e+03 2.5087608641e+02
4.5000000000e+00 2.1960676753e+03 5.1552713318e-13 2.2987089595e+03 2.5148620131e+02
4.5100000000e+00 2.1960675480e+03 5.1815130278e-13 2.2944918744e+03 2.5209857982e+02
4.5200000000e+00 2.1960666931e+03 4.4226943403e-13 2.2492331543e+03 2.5270399769e+02
4.5300000000e+00 2.1960673302e+03 4.4934416797e-13 2.2294813052e+03 2.5330899583e+02
4.5400000000e+00 2.1960672553e+03 4.3046432098e-13 2.2830668010e+03 2.5392991602e+02
4.5500000000e+00 2.1960677576e+03 4.1047069815e-13 2.2479139839e+03 2.5453452637e+02
4.5600000000e+00 2.1960680448e+03 4.2242661385e-13 2.2371002108e+03 2.5512091617e+02
4.5700000000e+00 2.1960674329e+03 4.2568220956e-13 2.2736574230e+03 2.5570643779e+02
4.5800000000e+00 2.1960673603e+03 4.0741790666e-13 2.2691064256e+03 2.5630362241e+02
4.5900000000e+00 2.1960680921e+03 3.6776727152e-13 2.2548727425e+03 2.5693057477e+02
4.6000000000e+00 2.1960676402e+03 3.6421008041e-13 2.2810853475e+03 2.5759269587e+02
4.6100000000e+00 2.1960679306e+03 3.4139919432e-13 2.2898506485e+03 2.5826749450e+02
4.6200000000e+00 2.1960678581e+03 3.4537416283e-13 2.3062655525e+03 2.5895549726e+02
4.6300000000e+00 2.1960678996e+03 2.5790994628e-13 2.3103749884e+03 2.5967171247e+02
4.6400000000e+00 2.1960678887e+03 2.2682136257e-13 2.3028225854e+03 2.6042625278e+02
4.6500000000e+00 2.1960678661e+03 2.1366737507e-13 2.2825031413e+03 2.6122183086e+02
4.6600000000e+00 2.1960679681e+03 2.2650171441e-13 2.2726590101e+03 2.6204759552e+02
4.6700000000e+00 2.1960676820e+03 2.1673339279e-13 2.2901664297e+03 2.6287949473e+02
4.6800000000e+00 2.1960672287e+03 2.3292479057e-13 2.2839769364e+03 2.6369734925e+02
4.6900000000e+00 2.1960687469e+03 1.9768866987e-13 2.2456200202e+03 2.6450809800e+02
4.7000000000e+00 2.1960661235e+03 2.1505498575e-13 2.2700873790e+03 2.6533516716e+02
4.7100000000e+00 2.1960671937e+03 1.9335852777e-13 2.2600155244e+03 2.6616709895e+02
4.7200000000e+00 2.1960675580e+03 1.8590531224e-13 2.2969051110e+03 2.6700196676e+02
4.7300000000e+00 2.1960681037e+03 2.0323729468e-13 2.2738354448e+03 2.6783564662e+02
4.7400000000e+00 2.1960675721e+03 2.3658412417e-13 2.2801591175e+03 2.6865055281e+02
4.7500000000e+00 2.1960681538e+03 2.6875617094e-13 2.2777098430e+03 2.6944435019e+02
4.7600000000e+00 2.1960677344e+03 2.9992695045e-13 2.2966372127e+03 2.7021719468e+02
4.7700000000e+00 2.1960677225e+03 2.8817660223e-13 2.3032748282e+03 2.7097092900e+02
4.7800000000e+00 2.1960682335e+03 3.1917697447e-13 2.2924298454e+03 2.7172107583e+02
4.7900000000e+00 2.1960676621e+03 3.3573562799e-13 2.3037329581e+03 2.7248915276e+02
4.8000000000e+00 2.1960676526e+03 3.5107330573e-13 2.2819897860e+03 2.7327859545e+02
4.8100000000e+00 2.1960679741e+03 3.5170437311e-13 2.2543527001e+03 2.7409984919e+02
4.8200000000e+00 2.1960678302e+03 3.6497277927e-13 2.2537170479e+03 2.7496452590e+02
4.8300000000e+00 2.1960681431e+03 3.4645891231e-13 2.2571652731e+03 2.7587128838e+02
4.8400000000e+00 2.1960677715e+03 3.8690245000e-13 2.2915133763e+03 2.7681423925e+02
4.8500000000e+00 2.1960677880e+03 3.7755577229e-13 2.3111897289e+03 2.7778210643e+02
4.8600000000e+00 2.1960675053e+03 4.3299910649e-13 2.3003467614e+03 2.7876707731e+02
4.8700000000e+00 2.1960687085e+03 4.5727869389e-13 2.2629394368e+03 2.7974584139e+02
4.8800000000e+00 2.1960674351e+03 4.3790174225e-13 2.3037664157e+03 2.8067777699e+02
4.8900000000e+00 2.1960678948e+03 4.1498710988e-13 2.3109201350e+03 2.8159406328e+02
4.9000000000e+00 2.1960679903e+03 4.5852915218e-13 2.3024463396e+03 2.8251233201e+02
4.9100000000e+00 2.1960679982e+03 3.3921439692e-13 2.2949916894e+03 2.8343415324e+02
4.9200000000e+00 2.1960681216e+03 3.6678872093e-13 2.2944461308e+03 2.8435653743e+02
4.9300000000e+00 2.1960679506e+03 4.1713027864e-13 2.3127824669e+03 2.8527571797e+02
4.9400000000e+00 2.1960678574e+03 4.3786925854e-13 2.3286002342e+03 2.8619996193e+02
4.9500000000e+00 2.1960678666e+03 3.4897903663e-13 2.3231433330e+03 2.8714188303e+02
4.9600000000e+00 2.1960677298e+03 3.3233550355e-13 2.2971062047e+03 2.8810970968e+02
4.9700000000e+00 2.1960684580e+03 3.6660640185e-13 2.2641440778e+03 2.8910036709e+02
4.9800000000e+00 2.1960676621e+03 3.6076071516e-13 2.2934980516e+03 2.9009956812e+02
4.9900000000e+00 2.1960676935e+03 3.4341170509e-13 2.3048214658e+03 2.9109613744e+02
5.0000000000e+00 2.1960680548e+03 3.3987544518e-13 2.2957614709e+03 2.9208060914e+02
5.0100000000e+00 2.1960679400e+03 3.6215366151e-13 2.3033703004e+03 2.9305240859e+02
5.0200000000e+00 2.1960679895e+03 4.0962866711e-13 2.3128225398e+03 2.9402918300e+02
5.0300000000e+00 2.1960678882e+03 3.7921844801e-13 2.3231072321e+03 2.9501674312e+02
5.0400000000e+00 2.1960679503e+03 3.6409418363e-13 2.3182494132e+03 2.9601150662e+02
5.0500000000e+00 2.1960681530e+03 3.7614880379e-13 2.3119698629e+03 2.9700595398e+02
5.0600000000e+00 2.1960679353e+03 3.5563200732e-13 2.3248139152e+03 2.9799613739e+02
5.0700000000e+00 2.1960677601e+03 4.3649812853e-13 2.3293371614e+03 2.9898791817e+02
5.0800000000e+00 2.1960682140e+03 3.7589364477e-13 2.3074766335e+03 2.9998130295e+02
5.0900000000e+00 2.1960676514e+03 4.1354751079e-13 2.3178786937e+03 3.0096294492e+02
5.1000000000e+00 2.1960677311e+03 4.1900193494e-13 2.3088641229e+03 3.0193833700e+02
5.1100000000e+00 2.1960678616e+03 3.9751423382e-13 2.3061515231e+03 3.0291630259e+02
5.1200000000e+00 2.1960677895e+03 4.3246041371e-13 2.3260407658e+03 3.0390182428e+02
5.1300000000e+00 2.1960678582e+03 4.5653240151e-13 2.3153930210e+03 3.0489187295e+02
5.1400000000e+00 2.1960682273e+03 4.3971649586e-13 2.2948027101e+03 3.0588238274e+02
5.1500000000e+00 2.1960677292e+03 4.0459719849e-13 2.3000893340e+03 3.0687659318e+02
5.1600000000e+00 2.1960672635e+03 3.7930626248e-13 2.2776399163e+03 3.0787766224e+02
5.1700000000e+00 2.1960687857e+03 4.0913512551e-13 2.2300006115e+03 3.0886448541e+02
5.1800000000e+00 2.1960673684e+03 4.1738267240e-13 2.2847306982e+03 3.0981716719e+02
5.1900000000e+00 2.1960677865e+03 4.5778769855e-13 2.3111841912e+03 3.1075964855e+02
5.2000000000e+00 2.1960677283e+03 4.0702223647e-13 2.3164772495e+03 3.1170564327e+02
5.2100000000e+00 2.1960681542e+03 4.2545252843e-13 2.2972177985e+03 3.1265471601e+02
5.2200000000e+00 2.1960679759e+03 4.2916667276e-13 2.3045200097e+03 3.1360386946e+02
5.2300000000e+00 2.1960676732e+03 4.4431497183e-13 2.3176958930e+03 3.1455487645e+02
5.2400000000e+00 2.1960679989e+03 4.5781806898e-13 2.2974181701e+03 3.1550085126e+02
5.2500000000e+00 2.1960681642e+03 4.1660207364e-13 2.2903324745e+03 3.1641110050e+02
5.2600000000e+00 2.1960677638e+03 3.9520970654e-13 2.3134397085e+03 3.1726920731e+02
5.2700000000e+00 2.1960680256e+03 4.1133617729e-13 2.3200962634e+03 3.1810104833e+02
5.2800000000e+00 2.1960679209e+03 4.6334064256e-13 2.3262404707e+03 3.1892912338e+02
5.2900000000e+00 2.1960677623e+03 4.6024785248e-13 2.3203309238e+03 3.1977030017e+02
5.3000000000e+00 2.1960680411e+03 4.3515848246e-13 2.2903726494e+03 3.2062456459e+02
5.3100000000e+00 2.1960679976e+03 4.2416355076e-13 2.2792547472e+03 3.2147373759e+02
5.3200000000e+00 2.1960676226e+03 3.5522723377e-13 2.2886630942e+03 3.2230665868e+02
5.3300000000e+00 2.1960682526e+03 2.7467985648e-13 2.2711559908e+03 3.2313679342e+02
5.3400000000e+00 2.1960674700e+03 2.1993358393e-13 2.3090075258e+03 3.2398436029e+02
5.3500000000e+00 2.1960678485e+03 2.1344435390e-13 2.3378142472e+03 3.2485261087e+02
5.3600000000e+00 2.1960678884e+03 2.1129314724e-13 2.3381039608e+03 3.2573863968e+02
5.3700000000e+00 2.1960676980e+03 2.3062728922e-13 2.3159095446e+03 3.2664126804e+02
5.3800000000e+00 2.1960681103e+03 2.5329479789e-13 2.2758537351e+03 3.2755727000e+02
5.3900000000e+00 2.1960676401e+03 3.1094498895e-13 2.2647987371e+03 3.2848031570e+02
5.4000000000e+00 2.1960678909e+03 3.8912555212e-13 2.2550822968e+03 3.2938763815e+02
5.4100000000e+00 2.1960661525e+03 3.9353477184e-13 2.2253424800e+03 3.3025478752e+02
5.4200000000e+00 2.1960657962e+03 3.7791913482e-13 2.2688993795e+03 3.3109497463e+02
5.4300000000e+00 2.1960676392e+03 3.4726895971e-13 2.3261822321e+03 3.3193167408e+02
5.4400000000e+00 2.1960673892e+03 3.3167637394e-13 2.3090347220e+03 3.3277620079e+02
5.4500000000e+00 2.1960683186e+03 2.8701668064e-13 2.2386126483e+03 3.3362130968e+02
5.4600000000e+00 2.1960678948e+03 3.0300815672e-13 2.2219415451e+03 3.3445824363e+02
5.4700000000e+00 2.1960670591e+03 2.7083216556e-13 2.2135656928e+03 3.3529232252e+02
5.4800000000e+00 2.1960678918e+03 2.8682396435e-13 2.2130930971e+03 3.3610543574e+02
5.4900000000e+00 2.1960670433e+03 2.9693399954e-13 2.2962586634e+03 3.3689631327e+02
5.5000000000e+00 2.1960678186e+03 2.4039597393e-13 2.3247397449e+03 3.3770494043e+02
5.5100000000e+00 2.1960677724e+03 2.0996592320e-13 2.3218508315e+03 3.3854225124e+02
5.5200000000e+00 2.1960680148e+03 2.2531051080e-13 2.2954082110e+03 3.3939404830e+02
5.5300000000e+00 2.1960678562e+03 2.0800270587e-13 2.2779448225e+03 3.4025060569e+02
5.5400000000e+00 2.1960679753e+03 1.7428054581e-13 2.2619599966e+03 3.4111522550e+02
5.5500000000e+00 2.1960676096e+03 1.4722143385e-13 2.2585166591e+03 3.4199512404e+02
5.5600000000e+00 2.1960664433e+03 1.5592907487e-13 2.2121996007e+03 3.4288514587e+02
5.5700000000e+00 2.1960663062e+03 1.3236186737e-13 2.2354693318e+03 3.4378051152e+02
5.5800000000e+00 2.1960675262e+03 1.4623689781e-13 2.2949772806e+03 3.4469975887e+02
5.5900000000e+00 2.1960678639e+03 2.4529095751e-13 2.3085314275e+03 3.4563512851e+02
5.6000000000e+00 2.1960680419e+03 2.8986101091e-13 2.3090980113e+03 3.4656956704e+02
5.6100000000e+00 2.1960679358e+03 3.4563330826e-13 2.3141504120e+03 3.4749689694e+02
5.6200000000e+00 2.1960679068e+03 3.8136637626e-13 2.3138313074e+03 3.4841992607e+02
5.6300000000e+00 2.1960678677e+03 4.0793044717e-13 2.2999042835e+03 3.4934445964e+02
5.6400000000e+00 2.1960679727e+03 3.7573129395e-13 2.2778179448e+03 3.5027639033e+02
5.6500000000e+00 2.1960677390e+03 4.1373679142e-13 2.2663785519e+03 3.5119814016e+02
5.6600000000e+00 2.1960683273e+03 4.1093420158e-13 2.2623378531e+03 3.5207734560e+02
5.6700000000e+00 2.1960674923e+03 4.0100149100e-13 2.3119123376e+03 3.5291536439e+02
5.6800000000e+00 2.1960673175e+03 3.8242843575e-13 2.3237241514e+03 3.5374409078e+02
5.6900000000e+00 2.1960673580e+03 4.4031842663e-13 2.2450471861e+03 3.5457459196e+02
5.7000000000e+00 2.1960687214e+03 4.6928127856e-13 2.1834355403e+03 3.5537978536e+02
5.7100000000e+00 2.1960666623e+03 4.2774096599e-13 2.2793608370e+03 3.5614088812e+02
5.7200000000e+00 2.1960678981e+03 4.8286698369e-13 2.2939336371e+03 3.5688449131e+02
5.7300000000e+00 2.1960668234e+03 5.0384289017e-13 2.2627486124e+03 3.5762447927e+02
5.7400000000e+00 2.1960670520e+03 5.6605371722e-13 2.2397939839e+03 3.5840510704e+02
5.7500000000e+00 2.1960676335e+03 5.9394092899e-13 2.2812860179e+03 3.5925560573e+02
5.7600000000e+00 2.1960678629e+03 6.3046205876e-13 2.3071796672e+03 3.6014395780e+02
5.7700000000e+00 2.1960678124e+03 5.7687171266e-13 2.3084733705e+03 3.6104067731e+02
5.7800000000e+00 2.1960678324e+03 5.7133854557e-13 2.2868199522e+03 3.6195140444e+02
5.7900000000e+00 2.1960683371e+03 5.8243209884e-13 2.2650696005e+03 3.6289416043e+02
5.8000000000e+00 2.1960675437e+03 5.7629764068e-13 2.2975663730e+03 3.6385087809e+02
5.8100000000e+00 2.1960677570e+03 5.9026723367e-13 2.3040561032e+03 3.6480663744e+02
5.8200000000e+00 2.1960682377e+03 5.8256481742e-13 2.2909292489e+03 3.6576332643e+02
5.8300000000e+00 2.1960677757e+03 6.1896892165e-13 2.3068382044e+03 3.6672403537e+02
5.8400000000e+00 2.1960680492e+03 5.4212016358e-13 2.3076353952e+03 3.6768610141e+02
5.8500000000e+00 2.1960681168e+03 5.6729563355e-13 2.3105613002e+03 3.6864514818e+02
5.8600000000e+00 2.1960679906e+03 5.6095380400e-13 2.3242600754e+03 3.6960378348e+02
5.8700000000e+00 2.1960679925e+03 5.8379580561e-13 2.3326117631e+03 3.7056966232e+02
5.8800000000e+00 2.1960680081e+03 6.2084815104e-13 2.3327396934e+03 3.7154781271e+02
5.8900000000e+00 2.1960679902e+03 6.1939273889e-13 2.3269814161e+03 3.7253806002e+02
5.9000000000e+00 2.1960678264e+03 5.7698554419e-13 2.3130642710e+03 3.7353431100e+02
5.9100000000e+00 2.1960681850e+03 5.9092807093e-13 2.2830706708e+03 3.7452352762e+02
5.9200000000e+00 2.1960679058e+03 5.6177918045e-13 2.2838020437e+03 3.7549288406e+02
5.9300000000e+00 2.1960677668e+03 5.8648528765e-13 2.2981734552e+03 3.7646382953e+02
5.9400000000e+00 2.1960675010e+03 5.9544236581e-13 2.2860545298e+03 3.7745164608e+02
5.9500000000e+00 2.1960687309e+03 5.6623285838e-13 2.2455229982e+03 3.7843135191e+02
5.9600000000e+00 2.1960668886e+03 5.8593006484e-13 2.2804805003e+03 3.7936782123e+02
5.9700000000e+00 2.1960686405e+03 6.3327656155e-13 2.2630750653e+03 3.8029784440e+02
5.9800000000e+00 2.1960670408e+03 6.1272039595e-13 2.2976907598e+03 3.8126353608e+02
5.9900000000e+00 2.1960684571e+03 6.5664252847e-13 2.2831332848e+03 3.8224968747e+02
6.0000000000e+00 2.1960675194e+03 6.3435511769e-13 2.3185125017e+03 3.8324709157e+02
6.0100000000e+00 2.1960672828e+03 6.5000229386e-13 2.3059247488e+03 3.8425968408e+02
6.0200000000e+00 2.1960693720e+03 6.0179185645e-13 2.2140482529e+03 3.8527400321e+02
6.0300000000e+00 2.1960669426e+03 5.5901187403e-13 2.2763535880e+03 3.8624827212e+02
6.0400000000e+00 2.1960678255e+03 5.7604219734e-13 2.3110475726e+03 3.8721163384e+02
6.0500000000e+00 2.1960679002e+03 5.8680833913e-13 2.3192238755e+03 3.8819475009e+02
6.0600000000e+00 2.1960679563e+03 5.2314181541e-13 2.3170667998e+03 3.8921304328e+02
6.0700000000e+00 2.1960676017e+03 5.0029327846e-13 2.3098087741e+03 3.9027538370e+02
6.0800000000e+00 2.1960677377e+03 5.1340416161e-13 2.2602622948e+03 3.9136438827e+02
6.0900000000e+00 2.1960678991e+03 5.1880729927e-13 2.2474880746e+03 3.9245281523e+02
6.1000000000e+00 2.1960673403e+03 4.9120591013e-13 2.2833244192e+03 3.9352845242e+02
6.1100000000e+00 2.1960679993e+03 5.1374032882e-13 2.2525851005e+03 3.9457301012e+02
6.1200000000e+00 2.1960676832e+03 5.0709290580e-13 2.2713190917e+03 3.9555060242e+02
6.1300000000e+00 2.1960675060e+03 4.8216522299e-13 2.3096373547e+03 3.9647376395e+02
6.1400000000e+00 2.1960681222e+03 5.1225628998e-13 2.2958619591e+03 3.9737655475e+02
6.1500000000e+00 2.1960678778e+03 5.4645831684e-13 2.3025781996e+03 3.9825543585e+02
6.1600000000e+00 2.1960678391e+03 5.8744804241e-13 2.3150885133e+03 3.9913034985e+02
6.1700000000e+00 2.1960680310e+03 6.3117437154e-13 2.3125749769e+03 4.0001992317e+02
6.1800000000e+00 2.1960679177e+03 7.1672724991e-13 2.3116764493e+03 4.0091029345e+02
6.1900000000e+00 2.1960679927e+03 6.6526312927e-13 2.3131704202e+03 4.0178690708e+02
6.2000000000e+00 2.1960673535e+03 6.7348705658e-13 2.3106029856e+03 4.0265384458e+02
6.2100000000e+00 2.1960688180e+03 6.4297838012e-13 2.2525641868e+03 4.0352114167e+02
6.2200000000e+00 2.1960674024e+03 6.8826715521e-13 2.2877049361e+03 4.0438071186e+02
6.2300000000e+00 2.1960679286e+03 7.3751413590e-13 2.3127729239e+03 4.0524336532e+02
6.2400000000e+00 2.1960677254e+03 7.6722326607e-13 2.3208214562e+03 4.0611840528e+02
6.2500000000e+00 2.1960677840e+03 8.4039681803e-13 2.2948347353e+03 4.0700287799e+02
6.2600000000e+00 2.1960661418e+03 8.7262520677e-13 2.2433144524e+03 4.0788490624e+02
6.2700000000e+00 2.1960678355e+03 9.0533957047e-13 2.1942521311e+03 4.0871746545e+02
6.2800000000e+00 2.1960675148e+03 9.4895855050e-13 2.2920182667e+03 4.0947120598e+02
6.2900000000e+00 2.1960678287e+03 9.8586586835e-13 2.3165574893e+03 4.1020517151e+02
6.3000000000e+00 2.1960679888e+03 1.0001176883e-12 2.3195196284e+03 4.1093494080e+02
6.3100000000e+00 2.1960679834e+03 9.8054092747e-13 2.3170181164e+03 4.1166381168e+02
6.3200000000e+00 2.1960679478e+03 1.0483717935e-12 2.3110687211e+03 4.1239324537e+02
6.3300000000e+00 2.1960681249e+03 1.0039461732e-12 2.2999296393e+03 4.1312075824e+02
6.3400000000e+00 2.1960680790e+03 9.5951184395e-13 2.3072407647e+03 4.1383572530e+02
6.3500000000e+00 2.1960678981e+03 9.7616301830e-13 2.3262298305e+03 4.1454149972e+02
6.3600000000e+00 2.1960679745e+03 1.0019409872e-12 2.3297008662e+03 4.1525782569e+02
6.3700000000e+00 2.1960680849e+03 1.0118653181e-12 2.3239308710e+03 4.1600002719e+02
6.3800000000e+00 2.1960680057e+03 1.0558051044e-12 2.3223037971e+03 4.1677769829e+02
6.3900000000e+00 2.1960678563e+03 1.0353739006e-12 2.3156518130e+03 4.1758696068e+02
6.4000000000e+00 2.1960682524e+03 1.0556607647e-12 2.2975674866e+03 4.1841406195e+02
6.4100000000e+00 2.1960679494e+03 1.0465831904e-12 2.3074835580e+03 4.1925527841e+02
6.4200000000e+00 2.1960679352e+03 9.9953787702e-13 2.3174519897e+03 4.2011345996e+02
6.4300000000e+00 2.1960680726e+03 1.0205345899e-12 2.3182213520e+03 4.2097941528e+02
6.4400000000e+00 2.1960679662e+03 9.9460250299e-13 2.3218674203e+03 4.2184517019e+02
6.4500000000e+00 2.1960680521e+03 9.1400162224e-13 2.3180140002e+03 4.2271531045e+02
6.4600000000e+00 2.1960681332e+03 8.9807663631e-13 2.3157081163e+03 4.2359755990e+02
6.4700000000e+00 2.1960679849e+03 8.4329781425e-13 2.3224286503e+03 4.2449688957e+02
6.4800000000e+00 2.1960677721e+03 8.9637809175e-13 2.3190392734e+03 4.2541294218e+02
6.4900000000e+00 2.1960683382e+03 8.8736980925e-13 2.2892213506e+03 4.2634193550e+02
6.5000000000e+00 2.1960675837e+03 8.6949503266e-13 2.3039749154e+03 4.2727846176e+02
6.5100000000e+00 2.1960678613e+03 8.6102896994e-13 2.3028584485e+03 4.2822420772e+02
6.5200000000e+00 2.1960676050e+03 8.5395202725e-13 2.2838457809e+03 4.2917878572e+02
6.5300000000e+00 2.1960683041e+03 8.6956942506e-13 2.2576314417e+03 4.3011433313e+02
6.5400000000e+00 2.1960676603e+03 9.2887593435e-13 2.2821638593e+03 4.3098836222e+02
6.5500000000e+00 2.1960673825e+03 9.0601338786e-13 2.2837750101e+03 4.3180353627e+02
6.5600000000e+00 2.1960669986e+03 9.3477941101e-13 2.2801234415e+03 4.3260134597e+02
6.5700000000e+00 2.1960689366e+03 1.0045542350e-12 2.2393892034e+03 4.3340258022e+02
6.5800000000e+00 2.1960670929e+03 9.7296905512e-13 2.2910396343e+03 4.3418786135e+02
6.5900000000e+00 2.1960678040e+03 9.7317416008e-13 2.3134415717e+03 4.3497779114e+02
6.6000000000e+00 2.1960678633e+03 9.4985034682e-13 2.2968628406e+03 4.3577883792e+02
6.6100000000e+00 2.1960678544e+03 9.2569711388e-13 2.2570789279e+03 4.3658304276e+02
6.6200000000e+00 2.1960674927e+03 8.3619297788e-13 2.2706712613e+03 4.3737721190e+02
6.6300000000e+00 2.1960673224e+03 8.6147412026e-13 2.2959467810e+03 4.3816595853e+02
6.6400000000e+00 2.1960685846e+03 8.3016274672e-13 2.2503957935e+03 4.3895687976e+02
6.6500000000e+00 2.1960672931e+03 8.3709166903e-13 2.2654961425e+03 4.3973801281e+02
6.6600000000e+00 2.1960670287e+03 7.9275135926e-13 2.2384480849e+03 4.4050309273e+02
6.6700000000e+00 2.1960672222e+03 7.7912196116e-13 2.2415311994e+03 4.4126957463e+02
6.6800000000e+00 2.1960675801e+03 7.4281085836e-13 2.2965438367e+03 4.4203674687e+02
6.6900000000e+00 2.1960670584e+03 7.2196395652e-13 2.3003106392e+03 4.4279996362e+02
6.7000000000e+00 2.1960684361e+03 6.9763856573e-13 2.2086083616e+03 4.4353791666e+02
6.7100000000e+00 2.1960679047e+03 6.5567858147e-13 2.2158164161e+03 4.4417345569e+02
6.7200000000e+00 2.1960674774e+03 7.3460678154e-13 2.2959999556e+03 4.4473354523e+02
6.7300000000e+00 2.1960676639e+03 7.8762510964e-13 2.3216915536e+03 4.4529110044e+02
6.7400000000e+00 2.1960679736e+03 6.7472994827e-13 2.2992634176e+03 4.4585348923e+02
6.7500000000e+00 2.1960681956e+03 6.9957639771e-13 2.2876870255e+03 4.4641550455e+02
6.7600000000e+00 2.1960675598e+03 7.2300792097e-13 2.3107830206e+03 4.4700858440e+02
6.7700000000e+00 2.1960671050e+03 6.7605504841e-13 2.2792743880e+03 4.4763010437e+02
6.7800000000e+00 2.1960688961e+03 7.1226261019e-13 2.1942530279e+03 4.4821575149e+02
6.7900000000e+00 2.1960674202e+03 7.1561004332e-13 2.2455290895e+03 4.4870869798e+02
6.8000000000e+00 2.1960677804e+03 7.7015376597e-13 2.2915024326e+03 4.4915805301e+02
6.8100000000e+00 2.1960679501e+03 8.3310378256e-13 2.3068130069e+03 4.4960958616e+02
6.8200000000e+00 2.1960677700e+03 8.7464302812e-13 2.3093246222e+03 4.5007620390e+02
6.8300000000e+00 2.1960681446e+03 8.6182831295e-13 2.2846939856e+03 4.5055267489e+02
6.8400000000e+00 2.1960672453e+03 8.7546339357e-13 2.2894798424e+03 4.5101967461e+02
6.8500000000e+00 2.1960685232e+03 9.0185159582e-13 2.2432860334e+03 4.5148144068e+02
6.8600000000e+00 2.1960669457e+03 9.7204260539e-13 2.2780142454e+03 4.5195261898e+02
6.8700000000e+00 2.1960679985e+03 9.4216652654e-13 2.2858828063e+03 4.5241307339e+02
6.8800000000e+00 2.1960679039e+03 9.5198402395e-13 2.2919561748e+03 4.5283964557e+02
6.8900000000e+00 2.1960677887e+03 9.4269972553e-13 2.2986646219e+03 4.5325888771e+02
6.9000000000e+00 2.1960681493e+03 9.4125595888e-13 2.2856781447e+03 4.5369574932e+02
6.9100000000e+00 2.1960680888e+03 1.0118426224e-12 2.2938738430e+03 4.5414874941e+02
6.9200000000e+00 2.1960679198e+03 1.0251473094e-12 2.3191677779e+03 4.5461847119e+02
6.9300000000e+00 2.1960679684e+03 1.0333897706e-12 2.3281281963e+03 4.5510406821e+02
6.9400000000e+00 2.1960678061e+03 1.0326544771e-12 2.3204382916e+03 4.5559764583e+02
6.9500000000e+00 2.1960647995e+03 1.0145191513e-12 2.2618489416e+03 4.5608745894e+02
6.9600000000e+00 2.1960685647e+03 9.9998171789e-13 2.1052936920e+03 4.5660805272e+02
6.9700000000e+00 2.1960672000e+03 1.0191901547e-12 2.2675429377e+03 4.5723729903e+02
6.9800000000e+00 2.1960676964e+03 9.9158716558e-13 2.2984600571e+03 4.5788933650e+02
6.9900000000e+00 2.1960682314e+03 1.0027318015e-12 2.3030297438e+03 4.5853325922e+02
7.0000000000e+00 2.1960678902e+03 1.0010241063e-12 2.3280601105e+03 4.5914860531e+02
7.0100000000e+00 2.1960680356e+03 9.7697613236e-13 2.3389713635e+03 4.5975663413e+02
7.0200000000e+00 2.1960680465e+03 1.0222130633e-12 2.3399308237e+03 4.6037329839e+02
7.0300000000e+00 2.1960678830e+03 1.0598406535e-12 2.3323512745e+03 4.6100163921e+02
7.0400000000e+00 2.1960677084e+03 1.0231135999e-12 2.2983837849e+03 4.6164064347e+02
7.0500000000e+00 2.1960679190e+03 1.0500207405e-12 2.2479274788e+03 4.6228404880e+02
7.0600000000e+00 2.1960682726e+03 1.0531251470e-12 2.2266835631e+03 4.6289503575e+02
7.0700000000e+00 2.1960672794e+03 1.0858800819e-12 2.2609552831e+03 4.6341830721e+02
7.0800000000e+00 2.1960663627e+03 1.0617894403e-12 2.2382493485e+03 4.6389356149e+02
7.0900000000e+00 2.1960672036e+03 1.0872999502e-12 2.1636475703e+03 4.6432873460e+02
7.1000000000e+00 2.1960689014e+03 1.0472182490e-12 2.1828038257e+03 4.6473715473e+02
7.1100000000e+00 2.1960670387e+03 1.0418428990e-12 2.2985284746e+03 4.6519364191e+02
7.1200000000e+00 2.1960679127e+03 1.0519820302e-12 2.3302404236e+03 4.6567439465e+02
7.1300000000e+00 2.1960680536e+03 9.6899573605e-13 2.3338969201e+03 4.6616867927e+02
7.1400000000e+00 2.1960680849e+03 9.5311043067e-13 2.3321620903e+03 4.6667383366e+02
7.1500000000e+00 2.1960680431e+03 9.2701003855e-13 2.3292537861e+03 4.6718787556e+02
7.1600000000e+00 2.1960681181e+03 9.4991362574e-13 2.3232741399e+03 4.6770811614e+02
7.1700000000e+00 2.1960680283e+03 9.4350327018e-13 2.3209547504e+03 4.6823153802e+02
7.1800000000e+00 2.1960680537e+03 9.1789920226e-13 2.3183784457e+03 4.6876144345e+02
7.1900000000e+00 2.1960672732e+03 9.3577394625e-13 2.3071902488e+03 4.6930562655e+02
7.2000000000e+00 2.1960685509e+03 1.0088491980e-12 2.2338934648e+03 4.6987824386e+02
7.2100000000e+00 2.1960666576e+03 9.8988162264e-13 2.2104849153e+03 4.7049634106e+02
7.2200000000e+00 2.1960690007e+03 1.0108464556e-12 2.1800128912e+03 4.7112185037e+02
7.2300000000e+00 2.1960667549e+03 9.8724796947e-13 2.3093050843e+03 4.7175921731e+02
7.2400000000e+00 2.1960678771e+03 9.7672260383e-13 2.3372488565e+03 4.7241661724e+02
7.2500000000e+00 2.1960677949e+03 9.6586942755e-13 2.3260729028e+03 4.7308703189e+02
7.2600000000e+00 2.1960683399e+03 9.2296140731e-13 2.2884918744e+03 4.7376452305e+02
7.2700000000e+00 2.1960678199e+03 9.2634326718e-13 2.2973605713e+03 4.7443679939e+02
7.2800000000e+00 2.1960678258e+03 8.8983565781e-13 2.3128011961e+03 4.7511010035e+02
7.2900000000e+00 2.1960676771e+03 9.8331660450e-13 2.2962977400e+03 4.7578643999e+02
7.3000000000e+00 2.1960686181e+03 9.5660485549e-13 2.2733646758e+03 4.7645157356e+02
7.3100000000e+00 2.1960676654e+03 9.9426486466e-13 2.3202045842e+03 4.7710048102e+02
7.3200000000e+00 2.1960679661e+03 8.8941268521e-13 2.3377019747e+03 4.7774883052e+02
7.3300000000e+00 2.1960680666e+03 8.5709505123e-13 2.3371069432e+03 4.7840568427e+02
7.3400000000e+00 2.1960680580e+03 8.0224602064e-13 2.3325974744e+03 4.7907174891e+02
7.3500000000e+00 2.1960679600e+03 7.5603758816e-13 2.3234433324e+03 4.7974489345e+02
7.3600000000e+00 2.1960681190e+03 7.5819125931e-13 2.3036930597e+03 4.8041906814e+02
7.3700000000e+00 2.1960676997e+03 7.7949535759e-13 2.2981768178e+03 4.8108347270e+02
7.3800000000e+00 2.1960681165e+03 8.0186243591e-13 2.2571119503e+03 4.8174364600e+02
7.3900000000e+00 2.1960663785e+03 8.1594029764e-13 2.2651903566e+03 4.8244531955e+02
7.4000000000e+00 2.1960680594e+03 8.2576869054e-13 2.2710380597e+03 4.8316590527e+02
7.4100000000e+00 2.1960670799e+03 7.9629046648e-13 2.3095370558e+03 4.8386745594e+02
7.4200000000e+00 2.1960687394e+03 8.1804475061e-13 2.2759846741e+03 4.8456788775e+02
7.4300000000e+00 2.1960675005e+03 8.2138018029e-13 2.3105150681e+03 4.8526638762e+02
7.4400000000e+00 2.1960675777e+03 7.8627634368e-13 2.2958032380e+03 4.8598216224e+02
7.4500000000e+00 2.1960685377e+03 8.7424564064e-13 2.2416758562e+03 4.8672642028e+02
7.4600000000e+00 2.1960671563e+03 9.2077204461e-13 2.2845204244e+03 4.8748759369e+02
7.4700000000e+00 2.1960672800e+03 9.1646672053e-13 2.2972740016e+03 4.8826011367e+02
7.4800000000e+00 2.1960685562e+03 8.4465347439e-13 2.2421236073e+03 4.8904305625e+02
7.4900000000e+00 2.1960670592e+03 8.4115713177e-13 2.2537008089e+03 4.8983882983e+02
7.5000000000e+00 2.1960681989e+03 8.0087940021e-13 2.2362476354e+03 4.9068790660e+02
7.5100000000e+00 2.1960679182e+03 7.4295155928e-13 2.2561195840e+03 4.9158544802e+02
7.5200000000e+00 2.1960678218e+03 7.4327427432e-13 2.2732237134e+03 4.9248988762e+02
7.5300000000e+00 2.1960667807e+03 7.5432444673e-13 2.2668206178e+03 4.9337913672e+02
7.5400000000e+00 2.1960676188e+03 7.8013671118e-13 2.2483497355e+03 4.9423770876e+02
7.5500000000e+00 2.1960678837e+03 7.7053573147e-13 2.2852606765e+03 4.9505394617e+02
7.5600000000e+00 2.1960678891e+03 7.4569983861e-13 2.3117869447e+03 4.9585034168e+02
7.5700000000e+00 2.1960679903e+03 7.4744594092e-13 2.3236324264e+03 4.9664978319e+02
7.5800000000e+00 2.1960679961e+03 6.9673563594e-13 2.3233031264e+03 4.9746286879e+02
7.5900000000e+00 2.1960679522e+03 7.0147050139e-13 2.3126755907e+03 4.9829554586e+02
7.6000000000e+00 2.1960675506e+03 6.4819334699e-13 2.2861279354e+03 4.9915382005e+02
7.6100000000e+00 2.1960677137e+03 6.7081597155e-13 2.2480161146e+03 5.0003110483e+02
7.6200000000e+00 2.1960680317e+03 6.5252423005e-13 2.2363565575e+03 5.0089518105e+02
7.6300000000e+00 2.1960673841e+03 5.9521540373e-13 2.2478468437e+03 5.0172936286e+02
7.6400000000e+00 2.1960676995e+03 5.7480139247e-13 2.2319193071e+03 5.0254663430e+02
7.6500000000e+00 2.1960682028e+03 5.4282930803e-13 2.2402406404e+03 5.0330887461e+02
7.6600000000e+00 2.1960674637e+03 5.3887549486e-13 2.2940759486e+03 5.0398452205e+02
7.6700000000e+00 2.1960680038e+03 5.5760984293e-13 2.3076925355e+03 5.0461810951e+02
7.6800000000e+00 2.1960676338e+03 5.8141725788e-13 2.3109097975e+03 5.0523713878e+02
7.6900000000e+00 2.1960680967e+03 5.6224500148e-13 2.2746147552e+03 5.0586810615e+02
7.7000000000e+00 2.1960678055e+03 5.3412985483e-13 2.2545081915e+03 5.0652525904e+02
7.7100000000e+00 2.1960673457e+03 5.4635770469e-13 2.2592399487e+03 5.0719059252e+02
7.7200000000e+00 2.1960680855e+03 5.0896110941e-13 2.2434461473e+03 5.0785280732e+02
7.7300000000e+00 2.1960672965e+03 4.4429544140e-13 2.2401619968e+03 5.0847995187e+02
7.7400000000e+00 2.1960681702e+03 4.9976849457e-13 2.2334301988e+03 5.0903041248e+02
7.7500000000e+00 2.1960675412e+03 5.0034488932e-13 2.2799545587e+03 5.0950865490e+02
7.7600000000e+00 2.1960680118e+03 5.5022836331e-13 2.3005683074e+03 5.0999206398e+02
7.7700000000e+00 2.1960675540e+03 5.3411896252e-13 2.3215199288e+03 5.1050875109e+02
7.7800000000e+00 2.1960672479e+03 5.2415683135e-13 2.2794226889e+03 5.1104428485e+02
7.7900000000e+00 2.1960680177e+03 4.8604108382e-13 2.2012052375e+03 5.1158565729e+02
7.8000000000e+00 2.1960666964e+03 5.5315767844e-13 2.2703862686e+03 5.1209376642e+02
7.8100000000e+00 2.1960678406e+03 5.1797657186e-13 2.3198700273e+03 5.1257321443e+02
7.8200000000e+00 2.1960680425e+03 5.5705592660e-13 2.3285013468e+03 5.1305631718e+02
7.8300000000e+00 2.1960678135e+03 5.5883144044e-13 2.3285782828e+03 5.1354883404e+02
7.8400000000e+00 2.1960675398e+03 5.6988153399e-13 2.2903466566e+03 5.1405920713e+02
7.8500000000e+00 2.1960673277e+03 5.7585640494e-13 2.2651723542e+03 5.1461258660e+02
7.8600000000e+00 2.1960666769e+03 6.0070091845e-13 2.2283841711e+03 5.1519332014e+02
7.8700000000e+00 2.1960654837e+03 7.0464059787e-13 2.2340852278e+03 5.1578206394e+02
7.8800000000e+00 2.1960667989e+03 8.2977771771e-13 2.2729600323e+03 5.1628686730e+02
7.8900000000e+00 2.1960667469e+03 7.8444223364e-13 2.2695445146e+03 5.1669537592e+02
7.9000000000e+00 2.1960695935e+03 8.1639858891e-13 2.1942262486e+03 5.1703776720e+02
7.9100000000e+00 2.1960669154e+03 8.1904053322e-13 2.2699300721e+03 5.1723440440e+02
7.9200000000e+00 2.1960681747e+03 8.2322464570e-13 2.2420093704e+03 5.1737447041e+02
7.9300000000e+00 2.1960679431e+03 7.9733357771e-13 2.2579636556e+03 5.1749878082e+02
7.9400000000e+00 2.1960677500e+03 8.4433260292e-13 2.2980792421e+03 5.1763534378e+02
7.9500000000e+00 2.1960680728e+03 8.1868258367e-13 2.3083764843e+03 5.1780008540e+02
7.9600000000e+00 2.1960680486e+03 8.1114438083e-13 2.3185695660e+03 5.1800149385e+02
7.9700000000e+00 2.1960679908e+03 8.5707218501e-13 2.3263921808e+03 5.1823603857e+02
7.9800000000e+00 2.1960680303e+03 9.2765091248e-13 2.3234712161e+03 5.1849287888e+02
7.9900000000e+00 2.1960678815e+03 9.4598043273e-13 2.3123008613e+03 5.1875834673e+02
8.0000000000e+00 2.1960678773e+03 9.3102550867e-13 2.2795746227e+03 5.1901942569e+02
8.0100000000e+00 2.1960680590e+03 8.9306213123e-13 2.2541251434e+03 5.1927158697e+02
8.0200000000e+00 2.1960678992e+03 8.4610151336e-13 2.2688593085e+03 5.1952532070e+02
8.0300000000e+00 2.1960676854e+03 8.2858823598e-13 2.2805039020e+03 5.1979006406e+02
8.0400000000e+00 2.1960679012e+03 8.6617685005e-13 2.2664041632e+03 5.2005767980e+02
8.0500000000e+00 2.1960679050e+03 8.4291009903e-13 2.2558647506e+03 5.2031857504e+02
8.0600000000e+00 2.1960682633e+03 8.9298831564e-13 2.2526277677e+03 5.2056205321e+02
8.0700000000e+00 2.1960676410e+03 8.7546725130e-13 2.2951675613e+03 5.2077629994e+02
8.0800000000e+00 2.1960677358e+03 8.7597370559e-13 2.3188751958e+03 5.2098593870e+02
8.0900000000e+00 2.1960680991e+03 8.3214018239e-13 2.3018851593e+03 5.2121450889e+02
8.1000000000e+00 2.1960678707e+03 7.7718302382e-13 2.2914705990e+03 5.2147128253e+02
8.1100000000e+00 2.1960682170e+03 8.0765971947e-13 2.2933579306e+03 5.2172329685e+02
8.1200000000e+00 2.1960678429e+03 7.3856616044e-13 2.3180551664e+03 5.2194275408e+02
8.1300000000e+00 2.1960680074e+03 7.2381803872e-13 2.3209437906e+03 5.2215343273e+02
8.1400000000e+00 2.1960680399e+03 8.1650315067e-13 2.3126063581e+03 5.2236742344e+02
8.1500000000e+00 2.1960681038e+03 9.1534495034e-13 2.3022678660e+03 5.2258885948e+02
8.1600000000e+00 2.1960679735e+03 8.3370904957e-13 2.3016632923e+03 5.2282511277e+02
8.1700000000e+00 2.1960680822e+03 7.7236556136e-13 2.3012976454e+03 5.2307698617e+02
8.1800000000e+00 2.1960680782e+03 8.0076787272e-13 2.3048416107e+03 5.2334240139e+02
8.1900000000e+00 2.1960680471e+03 7.8185093949e-13 2.3131236153e+03 5.2363067273e+02
8.2000000000e+00 2.1960676505e+03 7.9313270670e-13 2.3165474615e+03 5.2394898257e+02
8.2100000000e+00 2.1960684830e+03 8.4206399174e-13 2.2766521128e+03 5.2430033853e+02
8.2200000000e+00 2.1960673636e+03 8.5182573312e-13 2.3060767099e+03 5.2470607679e+02
8.2300000000e+00 2.1960679522e+03 8.9882850418e-13 2.3203686036e+03 5.2514867514e+02
8.2400000000e+00 2.1960681545e+03 9.2185919973e-13 2.3131944368e+03 5.2560010416e+02
8.2500000000e+00 2.1960680610e+03 8.7037896657e-13 2.3135792784e+03 5.2604899763e+02
8.2600000000e+00 2.1960677246e+03 8.8891031717e-13 2.3091073374e+03 5.2649210178e+02
8.2700000000e+00 2.1960684593e+03 9.0576447107e-13 2.2773978948e+03 5.2692770598e+02
8.2800000000e+00 2.1960676566e+03 8.8377292571e-13 2.2930799203e+03 5.2735191828e+02
8.2900000000e+00 2.1960680299e+03 8.6437934947e-13 2.3026304412e+03 5.2777876779e+02
8.3000000000e+00 2.1960674591e+03 8.5379416955e-13 2.3020351495e+03 5.2821952547e+02
8.3100000000e+00 2.1960686257e+03 8.3099964229e-13 2.2785794360e+03 5.2865905274e+02
8.3200000000e+00 2.1960675078e+03 8.4299549356e-13 2.3192678131e+03 5.2908003717e+02
8.3300000000e+00 2.1960679138e+03 8.5930863343e-13 2.3074137976e+03 5.2949632976e+02
8.3400000000e+00 2.1960680499e+03 8.8209141390e-13 2.2887486424e+03 5.2989596475e+02
8.3500000000e+00 2.1960679841e+03 8.1189042286e-13 2.2918987905e+03 5.3028519852e+02
8.3600000000e+00 2.1960678098e+03 8.1735436429e-13 2.2937522390e+03 5.3069622051e+02
8.3700000000e+00 2.1960680612e+03 8.1084028715e-13 2.2844488327e+03 5.3113283770e+02
8.3800000000e+00 2.1960680194e+03 8.4243620689e-13 2.2898212160e+03 5.3158863573e+02
8.3900000000e+00 2.1960676075e+03 8.6874066332e-13 2.2973764147e+03 5.3205827810e+02
8.4000000000e+00 2.1960682181e+03 8.3929894875e-13 2.2603360126e+03 5.3254037351e+02
8.4100000000e+00 2.1960673981e+03 8.1567493256e-13 2.2821668737e+03 5.3301963013e+02
8.4200000000e+00 2.1960679578e+03 8.4082983198e-13 2.3038755968e+03 5.3349777308e+02
8.4300000000e+00 2.1960679645e+03 8.4421782206e-13 2.3075846010e+03 5.3397429933e+02
8.4400000000e+00 2.1960680229e+03 8.6029554581e-13 2.3020711120e+03 5.3443651379e+02
8.4500000000e+00 2.1960681152e+03 7.7650094430e-13 2.2960824958e+03 5.3487477894e+02
8.4600000000e+00 2.1960679326e+03 8.1911047918e-13 2.3005879234e+03 5.3529766350e+02
8.4700000000e+00 2.1960680357e+03 7.8841998564e-13 2.2957713091e+03 5.3572385382e+02
8.4800000000e+00 2.1960679386e+03 8.4172737982e-13 2.2941377319e+03 5.3616147938e+02
8.4900000000e+00 2.1960679740e+03 8.7199854423e-13 2.2888257630e+03 5.3660310531e+02
8.5000000000e+00 2.1960679816e+03 9.3047385675e-13 2.2956188141e+03 5.3704433435e+02
8.5100000000e+00 2.1960679588e+03 9.8230465331e-13 2.3146932002e+03 5.3749277232e+02
8.5200000000e+00 2.1960678351e+03 9.4649062095e-13 2.3190236315e+03 5.3795352524e+02
8.5300000000e+00 2.1960679609e+03 9.3786344807e-13 2.2971152100e+03 5.3841509206e+02
8.5400000000e+00 2.1960677995e+03 9.8491028282e-13 2.2793774747e+03 5.3885329192e+02
8.5500000000e+00 2.1960678290e+03 9.8135436707e-13 2.2800136824e+03 5.3930484438e+02
8.5600000000e+00 2.1960681377e+03 9.1357500370e-13 2.2886641404e+03 5.3979861970e+02
8.5700000000e+00 2.1960679676e+03 8.7965605293e-13 2.3096831478e+03 5.4030867698e+02
8.5800000000e+00 2.1960679075e+03 9.0849175823e-13 2.3230482349e+03 5.4083130140e+02
8.5900000000e+00 2.1960674577e+03 9.0985502978e-13 2.3086306980e+03 5.4136921084e+02
8.6000000000e+00 2.1960685694e+03 9.6713266087e-13 2.2546360647e+03 5.4194542183e+02
8.6100000000e+00 2.1960675707e+03 9.8304753982e-13 2.2651194758e+03 5.4257873411e+02
8.6200000000e+00 2.1960680919e+03 1.0073898218e-12 2.2681687856e+03 5.4319330318e+02
8.6300000000e+00 2.1960678225e+03 1.0539265248e-12 2.3004873947e+03 5.4375352335e+02
8.6400000000e+00 2.1960678674e+03 1.0736998957e-12 2.3235990196e+03 5.4429028492e+02
8.6500000000e+00 2.1960680140e+03 1.0109575523e-12 2.3175565611e+03 5.4483332876e+02
8.6600000000e+00 2.1960681610e+03 1.0067201687e-12 2.3040512822e+03 5.4539251390e+02
8.6700000000e+00 2.1960680835e+03 1.0010220977e-12 2.3017777911e+03 5.4597424515e+02
8.6800000000e+00 2.1960680657e+03 1.0117864876e-12 2.3052920540e+03 5.4659461191e+02
8.6900000000e+00 2.1960679352e+03 9.6446208392e-13 2.3122833267e+03 5.4726819851e+02
8.7000000000e+00 2.1960676125e+03 9.6801353359e-13 2.3012289168e+03 5.4798929312e+02
8.7100000000e+00 2.1960678907e+03 9.4888064581e-13 2.2756063784e+03 5.4873185535e+02
8.7200000000e+00 2.1960680175e+03 9.8528344715e-13 2.2518185451e+03 5.4946415199e+02
8.7300000000e+00 2.1960672278e+03 9.5944330413e-13 2.2764720603e+03 5.5014858603e+02
8.7400000000e+00 2.1960672633e+03 1.0019065947e-12 2.2793681695e+03 5.5080919986e+02
8.7500000000e+00 2.1960686849e+03 9.7496961752e-13 2.2443052794e+03 5.5150044131e+02
8.7600000000e+00 2.1960675852e+03 1.0035084769e-12 2.2952905050e+03 5.5224226312e+02
8.7700000000e+00 2.1960677123e+03 8.9949510302e-13 2.3055325813e+03 5.5300652883e+02
8.7800000000e+00 2.1960676773e+03 9.2738640487e-13 2.2688209106e+03 5.5378096569e+02
8.7900000000e+00 2.1960678065e+03 9.4894258007e-13 2.2373064445e+03 5.5456919515e+02
8.8000000000e+00 2.1960672252e+03 9.5825694832e-13 2.2160128150e+03 5.5540260981e+02
8.8100000000e+00 2.1960678639e+03 9.4488795538e-13 2.2206460762e+03 5.5630902871e+02
8.8200000000e+00 2.1960674644e+03 9.5884866427e-13 2.2911792048e+03 5.5725231540e+02
8.8300000000e+00 2.1960678527e+03 9.7157230000e-13 2.2941984896e+03 5.5818674921e+02
8.8400000000e+00 2.1960588742e+03 9.5843598299e-13 2.2081926339e+03 5.5911316875e+02
8.8500000000e+00 2.1960628601e+03 9.5509332112e-13 2.1437508249e+03 5.5999933537e+02
8.8600000000e+00 2.1960681090e+03 9.9233549930e-13 2.2478879767e+03 5.6089076014e+02
8.8700000000e+00 2.1960663721e+03 9.4308583445e-13 2.2977131356e+03 5.6177271319e+02
8.8800000000e+00 2.1960670030e+03 9.5829779998e-13 2.2502747109e+03 5.6266113933e+02
8.8900000000e+00 2.1960695108e+03 1.0216360829e-12 2.1688696497e+03 5.6361753866e+02
8.9000000000e+00 2.1960670121e+03 1.1053272488e-12 2.2777303561e+03 5.6466575807e+02
8.9100000000e+00 2.1960679390e+03 1.0825008577e-12 2.3102716087e+03 5.6574116956e+02
8.9200000000e+00 2.1960680054e+03 1.0875562506e-12 2.3206179085e+03 5.6682419050e+02
8.9300000000e+00 2.1960677616e+03 1.1194682157e-12 2.3175695935e+03 5.6791789127e+02
8.9400000000e+00 2.1960682856e+03 1.0611993708e-12 2.2966901699e+03 5.6903008778e+02
8.9500000000e+00 2.1960662952e+03 1.0381088490e-12 2.2842203369e+03 5.7016618191e+02
8.9600000000e+00 2.1960662477e+03 9.4610535437e-13 2.2407341723e+03 5.7132468441e+02
8.9700000000e+00 2.1960688306e+03 9.0394585018e-13 2.2291425502e+03 5.7249638296e+02
8.9800000000e+00 2.1960672905e+03 9.2083426315e-13 2.2994230051e+03 5.7366411937e+02
8.9900000000e+00 2.1960680789e+03 9.4478119004e-13 2.2945901680e+03 5.7481233233e+02
9.0000000000e+00 2.1960678628e+03 9.3842312898e-13 2.2949507315e+03 5.7591171102e+02
9.0100000000e+00 2.1960672913e+03 9.0041461035e-13 2.2763678629e+03 5.7695747482e+02
9.0200000000e+00 2.1960680072e+03 9.1544183916e-13 2.2245583971e+03 5.7792844553e+02
9.0300000000e+00 2.1960676420e+03 9.6528865531e-13 2.2651452797e+03 5.7878648676e+02
9.0400000000e+00 2.1960677341e+03 9.7553694432e-13 2.3208950131e+03 5.7957786253e+02
9.0500000000e+00 2.1960677356e+03 9.9399387780e-13 2.3277335461e+03 5.8036373742e+02
9.0600000000e+00 2.1960670231e+03 9.8388503141e-13 2.2617817241e+03 5.8115709352e+02
9.0700000000e+00 2.1960663333e+03 9.9668193012e-13 2.2784560221e+03 5.8192831761e+02
9.0800000000e+00 2.1960679806e+03 9.8319036815e-13 2.3121623147e+03 5.8267410768e+02
9.0900000000e+00 2.1960680465e+03 8.8727448798e-13 2.3190503697e+03 5.8341840567e+02
9.1000000000e+00 2.1960681688e+03 8.6318114482e-13 2.3194790495e+03 5.8416811027e+02
9.1100000000e+00 2.1960680525e+03 8.4291305289e-13 2.3240195056e+03 5.8492652137e+02
9.1200000000e+00 2.1960678413e+03 8.5580680394e-13 2.3201829244e+03 5.8569527822e+02
9.1300000000e+00 2.1960680903e+03 9.2505882378e-13 2.2859672526e+03 5.8646622960e+02
9.1400000000e+00 2.1960678583e+03 8.8191580474e-13 2.2849940149e+03 5.8721299454e+02
9.1500000000e+00 2.1960677874e+03 8.7280424395e-13 2.3004850947e+03 5.8793522809e+02
9.1600000000e+00 2.1960679391e+03 7.9780206314e-13 2.2815132557e+03 5.8865166270e+02
9.1700000000e+00 2.1960679645e+03 8.2165589145e-13 2.2668709702e+03 5.8937042683e+02
9.1800000000e+00 2.1960680461e+03 7.6161713799e-13 2.2724928352e+03 5.9008234563e+02
9.1900000000e+00 2.1960672563e+03 7.7576423717e-13 2.2774082551e+03 5.9075885959e+02
9.2000000000e+00 2.1960683825e+03 8.5407453433e-13 2.2488809143e+03 5.9139861694e+02
9.2100000000e+00 2.1960674474e+03 9.3449666154e-13 2.2603380333e+03 5.9202377846e+02
9.2200000000e+00 2.1960676744e+03 9.1778328068e-13 2.2569129986e+03 5.9268027282e+02
9.2300000000e+00 2.1960681659e+03 9.6067489903e-13 2.2389212388e+03 5.9331624482e+02
9.2400000000e+00 2.1960668708e+03 9.6423436623e-13 2.2946179979e+03 5.9373118848e+02
9.2500000000e+00 2.1960674683e+03 1.0138561524e-12 2.3130445742e+03 5.9400985311e+02
9.2600000000e+00 2.1960677648e+03 1.0543809516e-12 2.2619457561e+03 5.9427437416e+02
9.2700000000e+00 2.1960683596e+03 1.0727252244e-12 2.2133870252e+03 5.9453883448e+02
9.2800000000e+00 2.1960675407e+03 1.0787413219e-12 2.2614327808e+03 5.9483007020e+02
9.2900000000e+00 2.1960677289e+03 1.0588372941e-12 2.3139513829e+03 5.9514636835e+02
9.3000000000e+00 2.1960679203e+03 1.0080279230e-12 2.3222258786e+03 5.9547659478e+02
9.3100000000e+00 2.1960681047e+03 1.0086133723e-12 2.3078239816e+03 5.9583117665e+02
9.3200000000e+00 2.1960681352e+03 1.0020039273e-12 2.2984516147e+03 5.9623404281e+02
9.3300000000e+00 2.1960665206e+03 9.5083803725e-13 2.2864014575e+03 5.9669430840e+02
9.3400000000e+00 2.1960711753e+03 9.8189198863e-13 2.1346376128e+03 5.9718886115e+02
9.3500000000e+00 2.1960665807e+03 9.8676312645e-13 2.2372117303e+03 5.9768713720e+02
9.3600000000e+00 2.1960677806e+03 9.9617564553e-13 2.2832867131e+03 5.9815980903e+02
9.3700000000e+00 2.1960678030e+03 9.9732075231e-13 2.3106709292e+03 5.9863504133e+02
9.3800000000e+00 2.1960676888e+03 8.9902139606e-13 2.3095849079e+03 5.9913255883e+02
9.3900000000e+00 2.1960683472e+03 8.9539838655e-13 2.2783432252e+03 5.9965352338e+02
9.4000000000e+00 2.1960678938e+03 8.5744047267e-13 2.2847473527e+03 6.0020086635e+02
9.4100000000e+00 2.1960679556e+03 8.9122055001e-13 2.2909546316e+03 6.0076993560e+02
9.4200000000e+00 2.1960679933e+03 8.7383001739e-13 2.2935941296e+03 6.0135188396e+02
9.4300000000e+00 2.1960676180e+03 8.2291599909e-13 2.2931072111e+03 6.0194483807e+02
9.4400000000e+00 2.1960681579e+03 8.9497815311e-13 2.2607925525e+03 6.0254691763e+02
9.4500000000e+00 2.1960679120e+03 8.9578817912e-13 2.2528022426e+03 6.0314240597e+02
9.4600000000e+00 2.1960678060e+03 9.1960100178e-13 2.2660870361e+03 6.0369838083e+02
9.4700000000e+00 2.1960678295e+03 9.2826065775e-13 2.2698892546e+03 6.0420492910e+02
9.4800000000e+00 2.1960681413e+03 9.0049958886e-13 2.2758744038e+03 6.0467233570e+02
9.4900000000e+00 2.1960677035e+03 1.0033321041e-12 2.3053295277e+03 6.0511892507e+02
9.5000000000e+00 2.1960682368e+03 1.0517680406e-12 2.3042589733e+03 6.0556084813e+02
9.5100000000e+00 2.1960679714e+03 1.0805364209e-12 2.3187606775e+03 6.0599554231e+02
9.5200000000e+00 2.1960678870e+03 1.0266861600e-12 2.3271749988e+03 6.0643019657e+02
9.5300000000e+00 2.1960678694e+03 9.8459976054e-13 2.3058293656e+03 6.0686836939e+02
9.5400000000e+00 2.1960680868e+03 9.8340968560e-13 2.2895016181e+03 6.0729135211e+02
9.5500000000e+00 2.1960680867e+03 9.9701662969e-13 2.3004720890e+03 6.0769779789e+02
9.5600000000e+00 2.1960679772e+03 1.0527047372e-12 2.3157825788e+03 6.0811315590e+02
9.5700000000e+00 2.1960679703e+03 1.0912841144e-12 2.3260598485e+03 6.0854502536e+02
9.5800000000e+00 2.1960678769e+03 1.0914050535e-12 2.3171092123e+03 6.0899623608e+02
9.5900000000e+00 2.1960678614e+03 1.1227099637e-12 2.2804134810e+03 6.0947708382e+02
9.6000000000e+00 2.1960684894e+03 1.0310481037e-12 2.2368369122e+03 6.0999950624e+02
9.6100000000e+00 2.1960679719e+03 1.0424721135e-12 2.2610354120e+03 6.1053674764e+02
9.6200000000e+00 2.1960677503e+03 1.0131801648e-12 2.3002885702e+03 6.1105381279e+02
9.6300000000e+00 2.1960680269e+03 1.0502428146e-12 2.3070323251e+03 6.1156922317e+02
9.6400000000e+00 2.1960680605e+03 1.0430471991e-12 2.3060830287e+03 6.1210210888e+02
9.6500000000e+00 2.1960678694e+03 9.8184026781e-13 2.3029325388e+03 6.1265861824e+02
9.6600000000e+00 2.1960682866e+03 9.6119922240e-13 2.2814707267e+03 6.1323367269e+02
9.6700000000e+00 2.1960674343e+03 9.3477883742e-13 2.2850817958e+03 6.1381575512e+02
9.6800000000e+00 2.1960686710e+03 9.2542689897e-13 2.2632319811e+03 6.1438853977e+02
9.6900000000e+00 2.1960668853e+03 9.5338703276e-13 2.2938225249e+03 6.1492754676e+02
9.7000000000e+00 2.1960694077e+03 9.6045072381e-13 2.2435940132e+03 6.1549329114e+02
9.7100000000e+00 2.1960669760e+03 9.8750525515e-13 2.2935272222e+03 6.1618488101e+02
9.7200000000e+00 2.1960681526e+03 9.7662782525e-13 2.2766424316e+03 6.1691890115e+02
9.7300000000e+00 2.1960674746e+03 9.5287647526e-13 2.2702925130e+03 6.1762580190e+02
9.7400000000e+00 2.1960682045e+03 8.9912375215e-13 2.2725080528e+03 6.1828400533e+02
9.7500000000e+00 2.1960675890e+03 9.5418651195e-13 2.3133776029e+03 6.1889720627e+02
9.7600000000e+00 2.1960674770e+03 9.0314611602e-13 2.2974028320e+03 6.1950891153e+02
9.7700000000e+00 2.1960676725e+03 9.6790514215e-13 2.2127116311e+03 6.2012217659e+02
9.7800000000e+00 2.1960672140e+03 9.0839161606e-13 2.1905768849e+03 6.2073621394e+02
9.7900000000e+00 2.1960661331e+03 8.6648510876e-13 2.2414523141e+03 6.2139021771e+02
9.8000000000e+00 2.1960693026e+03 8.3907292267e-13 2.2161813883e+03 6.2206721945e+02
9.8100000000e+00 2.1960671245e+03 8.8525694802e-13 2.3084669550e+03 6.2272143519e+02
9.8200000000e+00 2.1960679258e+03 8.4928671145e-13 2.3316569851e+03 6.2337853417e+02
9.8300000000e+00 2.1960680609e+03 8.5511360801e-13 2.3247790965e+03 6.2405219696e+02
9.8400000000e+00 2.1960679938e+03 7.9394485169e-13 2.3120826249e+03 6.2474580152e+02
9.8500000000e+00 2.1960681735e+03 7.5173967541e-13 2.2920328957e+03 6.2546500753e+02
9.8600000000e+00 2.1960662709e+03 7.6125802922e-13 2.2930690067e+03 6.2621691004e+02
9.8700000000e+00 2.1960747378e+03 7.4455698144e-13 2.1262665361e+03 6.2694592067e+02
9.8800000000e+00 2.1960672057e+03 7.7281989166e-13 2.3077876798e+03 6.2748771300e+02
9.8900000000e+00 2.1960672027e+03 8.1474734631e-13 2.2747363931e+03 6.2801628553e+02
9.9000000000e+00 2.1960685228e+03 8.0791560360e-13 2.1882820167e+03 6.2853471030e+02
9.9100000000e+00 2.1960683196e+03 7.9903941204e-13 2.2091230123e+03 6.2908526225e+02
9.9200000000e+00 2.1960672598e+03 7.8090129637e-13 2.2850747467e+03 6.2980277997e+02
9.9300000000e+00 2.1960678718e+03 8.1967996734e-13 2.3027489321e+03 6.3058682756e+02
9.9400000000e+00 2.1960674195e+03 8.4167854919e-13 2.3203196923e+03 6.3140001601e+02
9.9500000000e+00 2.1960682520e+03 8.8778800723e-13 2.2611594521e+03 6.3219099950e+02
9.9600000000e+00 2.1960669155e+03 8.8317076949e-13 2.2539718918e+03 6.3284267492e+02
9.9700000000e+00 2.1960694299e+03 9.2664513182e-13 2.2170133320e+03 6.3338873518e+02
9.9800000000e+00 2.1960666648e+03 8.9890512427e-13 2.3025075846e+03 6.3394484456e+02
9.9900000000e+00 2.1960675010e+03 8.7970126916e-13 2.2861841698e+03 6.3452628193e+02
