0.0000000000e+00 -2.6877494782e+02 1.8450223603e+00 1.3026183423e+00 0.0000000000e+00
1.0000000000e-02 -2.6706859968e+02 1.1703246330e-14 1.2098980932e+00 3.8320156618e-04
2.0000000000e-02 -2.6705218678e+02 3.4941172138e-15 9.4948459059e-01 1.4135703846e-03
3.0000000000e-02 -2.6702889153e+02 7.2243983224e-15 6.7540079967e-01 2.7852031612e-03
4.0000000000e-02 -2.6702349442e+02 7.1178982911e-15 5.6982018341e-01 4.1772549262e-03
5.0000000000e-02 -2.6704070503e+02 1.5113541718e-14 6.7511298756e-01 5.4719921266e-03
6.0000000000e-02 -2.6705645222e+02 9.2290523538e-15 8.6220785366e-01 6.8030766158e-03
7.0000000000e-02 -2.6705840951e+02 7.0470745117e-15 9.9987577366e-01 8.3969638398e-03
8.0000000000e-02 -2.6705050220e+02 6.7869051337e-15 1.0616881254e+00 1.0415894610e-02
9.0000000000e-02 -2.6704214338e+02 7.1959240447e-15 1.1041456017e+00 1.2932075398e-02
1.0000000000e-01 -2.6703925551e+02 1.4228191375e-14 1.1931713864e+00 1.5998217532e-02
1.1000000000e-01 -2.6704132030e+02 1.1910473436e-14 1.3539481606e+00 1.9720709809e-02
1.2000000000e-01 -2.6704535009e+02 8.7602154617e-15 1.5705115760e+00 2.4276637679e-02
1.3000000000e-01 -2.6704950886e+02 6.2488890859e-15 1.8082336039e+00 2.9878321121e-02
1.4000000000e-01 -2.6705322632e+02 1.7271017046e-14 2.0310446831e+00 3.6716534549e-02
1.5000000000e-01 -2.6706011432e+02 1.4543603807e-14 2.2057412434e+00 4.4911452762e-02
1.6000000000e-01 -2.6706957743e+02 2.1837663748e-14 2.2818790199e+00 5.4471213489e-02
1.7000000000e-01 -2.6706362142e+02 1.4034993168e-14 2.2150497512e+00 6.5190316321e-02
1.8000000000e-01 -2.6705021164e+02 2.1136267206e-14 2.0796150209e+00 7.6562864938e-02
1.9000000000e-01 -2.6705462638e+02 1.3749855556e-14 1.9881120983e+00 8.7997828032e-02
2.0000000000e-01 -2.6705898840e+02 2.4398307421e-14 1.9289216991e+00 9.9109962124e-02
2.1000000000e-01 -2.6705739381e+02 2.4552724795e-14 1.8663699914e+00 1.0970350900e-01
2.2000000000e-01 -2.6704999204e+02 3.1718199400e-14 1.8132813349e+00 1.1967199934e-01
2.3000000000e-01 -2.6705398241e+02 2.4590876106e-14 1.8177209381e+00 1.2898618306e-01
2.4000000000e-01 -2.6706232103e+02 2.8147219212e-14 1.8550599495e+00 1.3772812011e-01
2.5000000000e-01 -2.6706247674e+02 2.4017796255e-14 1.8661033040e+00 1.4601964780e-01
2.6000000000e-01 -2.6705691952e+02 2.0179707667e-14 1.8506238912e+00 1.5392571097e-01
2.7000000000e-01 -2.6705520462e+02 1.3042167484e-14 1.8544134440e+00 1.6146557582e-01
2.8000000000e-01 -2.6705947721e+02 8.9322944976e-15 1.8946846003e+00 1.6867174631e-01
2.9000000000e-01 -2.6706389837e+02 1.2345460383e-14 1.9363926437e+00 1.7563534791e-01
3.0000000000e-01 -2.6706585109e+02 1.6731617188e-14 1.9354870088e+00 1.8250854620e-01
3.1000000000e-01 -2.6706434263e+02 1.7586437350e-14 1.8724727588e+00 1.8940958215e-01
3.2000000000e-01 -2.6705484526e+02 1.7347923084e-14 1.7733672907e+00 1.9631466066e-01
3.3000000000e-01 -2.6705348048e+02 1.5616304085e-14 1.7134462154e+00 2.0306116185e-01
3.4000000000e-01 -2.6705271438e+02 1.9852824227e-14 1.7177025641e+00 2.0949060963e-01
3.5000000000e-01 -2.6705599806e+02 2.4671848117e-14 1.7882080340e+00 2.1553782008e-01
3.6000000000e-01 -2.6706663960e+02 2.8372443954e-14 1.8871113938e+00 2.2129821158e-01
3.7000000000e-01 -2.6707294035e+02 3.0881168254e-14 1.9270822974e+00 2.2694642489e-01
3.8000000000e-01 -2.6706712859e+02 3.5898679951e-14 1.8649693963e+00 2.3253382130e-01
3.9000000000e-01 -2.6704604941e+02 3.8079840536e-14 1.7740125249e+00 2.3793766708e-01
4.0000000000e-01 -2.6705699966e+02 4.0934120150e-14 1.8000792893e+00 2.4300617883e-01
4.1000000000e-01 -2.6707266608e+02 4.4836518702e-14 1.8802731257e+00 2.4774302613e-01
4.2000000000e-01 -2.6706960755e+02 5.3502153248e-14 1.8910827407e+00 2.5222841093e-01
4.3000000000e-01 -2.6705725733e+02 5.5925714817e-14 1.8476561783e+00 2.5645684229e-01
4.4000000000e-01 -2.6705032441e+02 5.6668049692e-14 1.8478010945e+00 2.6037045790e-01
4.5000000000e-01 -2.6706496181e+02 5.9807540188e-14 1.9288599816e+00 2.6403111248e-01
4.6000000000e-01 -2.6706793835e+02 5.9769194484e-14 1.9875437088e+00 2.6765162559e-01
4.7000000000e-01 -2.6706307205e+02 6.3568776068e-14 1.9788376312e+00 2.7137706001e-01
4.8000000000e-01 -2.6705823925e+02 6.2079240017e-14 1.9311903926e+00 2.7515690489e-01
4.9000000000e-01 -2.6705320904e+02 6.5590506755e-14 1.8868141651e+00 2.7882991920e-01
5.0000000000e-01 -2.6705376645e+02 6.0116808397e-14 1.8841670022e+00 2.8226822255e-01
5.1000000000e-01 -2.6705972612e+02 6.4693930273e-14 1.9180162262e+00 2.8546136623e-01
5.2000000000e-01 -2.6706749372e+02 5.6983866375e-14 1.9403973062e+00 2.8849750414e-01
5.3000000000e-01 -2.6706869172e+02 6.0777790321e-14 1.8955299831e+00 2.9146718579e-01
5.4000000000e-01 -2.6705992473e+02 5.5451611347e-14 1.7868108012e+00 2.9433915111e-01
5.5000000000e-01 -2.6705315351e+02 4.6752123000e-14 1.6915635275e+00 2.9692878729e-01
5.6000000000e-01 -2.6705361452e+02 4.2160564046e-14 1.6743860710e+00 2.9903724038e-01
5.7000000000e-01 -2.6705942584e+02 4.0829800807e-14 1.7406144084e+00 3.0060960699e-01
5.8000000000e-01 -2.6707037667e+02 3.5859344379e-14 1.8398714803e+00 3.0175759380e-01
5.9000000000e-01 -2.6707128685e+02 4.0460889678e-14 1.8857222911e+00 3.0267836003e-01
6.0000000000e-01 -2.6706124263e+02 4.3319189537e-14 1.8666101954e+00 3.0352100446e-01
6.1000000000e-01 -2.6705977407e+02 4.7600480407e-14 1.8523517486e+00 3.0438795770e-01
6.2000000000e-01 -2.6706737286e+02 4.6791916422e-14 1.8580910941e+00 3.0544154093e-01
6.3000000000e-01 -2.6706460288e+02 5.7294392761e-14 1.8371997394e+00 3.0683625489e-01
6.4000000000e-01 -2.6706005110e+02 5.4779016072e-14 1.8019520250e+00 3.0856994537e-01
6.5000000000e-01 -2.6706137758e+02 6.2580354220e-14 1.7883429357e+00 3.1054199448e-01
6.6000000000e-01 -2.6706483048e+02 6.1226541323e-14 1.7973964552e+00 3.1271966390e-01
6.7000000000e-01 -2.6706754593e+02 5.6158812003e-14 1.8040669268e+00 3.1509166048e-01
6.8000000000e-01 -2.6705684576e+02 5.4304923907e-14 1.8006764918e+00 3.1748212525e-01
6.9000000000e-01 -2.6705967154e+02 5.4601672460e-14 1.8606532679e+00 3.1961581175e-01
7.0000000000e-01 -2.6707172873e+02 4.4051237726e-14 1.9621612948e+00 3.2151326678e-01
7.1000000000e-01 -2.6707275655e+02 4.2639068862e-14 2.0056484365e+00 3.2345622745e-01
7.2000000000e-01 -2.6706774291e+02 4.4196638570e-14 1.9678063863e+00 3.2553049491e-01
7.3000000000e-01 -2.6706248933e+02 4.5127839494e-14 1.8836485318e+00 3.2758844147e-01
7.4000000000e-01 -2.6706017162e+02 4.7905190813e-14 1.7997737064e+00 3.2940175991e-01
7.5000000000e-01 -2.6705781314e+02 5.6800576730e-14 1.7459711334e+00 3.3078576384e-01
7.6000000000e-01 -2.6705530915e+02 4.3947446058e-14 1.7496728483e+00 3.3167148267e-01
7.7000000000e-01 -2.6706442284e+02 4.0946765103e-14 1.8176095182e+00 3.3213158079e-01
7.8000000000e-01 -2.6706452284e+02 4.5432545474e-14 1.8842115192e+00 3.3236136624e-01
7.9000000000e-01 -2.6706041647e+02 4.3788702425e-14 1.9293238537e+00 3.3257317270e-01
8.0000000000e-01 -2.6706290800e+02 4.7593393257e-14 1.9680502443e+00 3.3291946155e-01
8.1000000000e-01 -2.6706754210e+02 4.6653679867e-14 1.9776850502e+00 3.3346363619e-01
8.2000000000e-01 -2.6706399631e+02 5.1463118618e-14 1.9256373224e+00 3.3417691511e-01
8.3000000000e-01 -2.6705960951e+02 5.2907340138e-14 1.8403771846e+00 3.3496748896e-01
8.4000000000e-01 -2.6705912774e+02 5.2006127975e-14 1.7602093709e+00 3.3576354308e-01
8.5000000000e-01 -2.6705325792e+02 6.0053153884e-14 1.7042748012e+00 3.3657585773e-01
8.6000000000e-01 -2.6705804411e+02 6.0669758456e-14 1.7094573034e+00 3.3748753412e-01
8.7000000000e-01 -2.6706609017e+02 4.8191965583e-14 1.7430428616e+00 3.3862624174e-01
8.8000000000e-01 -2.6706410664e+02 4.6559603745e-14 1.7511809309e+00 3.4010253824e-01
8.9000000000e-01 -2.6706048679e+02 4.9208310806e-14 1.7491553901e+00 3.4196613127e-01
9.0000000000e-01 -2.6706016958e+02 4.5407035901e-14 1.7676085935e+00 3.4425783176e-01
9.1000000000e-01 -2.6706152209e+02 5.0287833469e-14 1.8083874884e+00 3.4703767840e-01
9.2000000000e-01 -2.6706607942e+02 4.5109070425e-14 1.8527166392e+00 3.5032647058e-01
9.3000000000e-01 -2.6706556401e+02 4.3995380331e-14 1.8625228878e+00 3.5407330207e-01
9.4000000000e-01 -2.6705874644e+02 4.1551459423e-14 1.8397614873e+00 3.5811731791e-01
9.5000000000e-01 -2.6705947955e+02 4.2780661911e-14 1.8277221050e+00 3.6222356526e-01
9.6000000000e-01 -2.6706726135e+02 3.9319385425e-14 1.8198087219e+00 3.6623212490e-01
9.7000000000e-01 -2.6706690897e+02 4.3436891127e-14 1.7685692425e+00 3.7009219643e-01
9.8000000000e-01 -2.6705486446e+02 5.0346288398e-14 1.6950207571e+00 3.7375531018e-01
9.9000000000e-01 -2.6705774755e+02 4.2031876584e-14 1.6887991760e+00 3.7717350078e-01
1.0000000000e+00 -2.6706670305e+02 3.8460695923e-14 1.7394833777e+00 3.8043548921e-01
1.0100000000e+00 -2.6706697938e+02 5.0024264400e-14 1.7813768368e+00 3.8376997633e-01
1.0200000000e+00 -2.6706847441e+02 4.9800526145e-14 1.8032240560e+00 3.8736251916e-01
1.0300000000e+00 -2.6707271560e+02 4.4367823717e-14 1.7940899610e+00 3.9118030815e-01
1.0400000000e+00 -2.6705969151e+02 4.3051608829e-14 1.7478346034e+00 3.9497717987e-01
1.0500000000e+00 -2.6706004302e+02 5.0722006377e-14 1.7483880142e+00 3.9846524861e-01
1.0600000000e+00 -2.6706863080e+02 4.6915166622e-14 1.7951611881e+00 4.0157969782e-01
1.0700000000e+00 -2.6706415653e+02 5.2286200578e-14 1.8241582029e+00 4.0454022588e-01
1.0800000000e+00 -2.6706709468e+02 4.6507347189e-14 1.8426259868e+00 4.0760504020e-01
1.0900000000e+00 -2.6707363974e+02 4.5369695532e-14 1.8273720887e+00 4.1087113943e-01
1.1000000000e+00 -2.6706088804e+02 5.1642438995e-14 1.7585517642e+00 4.1422105133e-01
1.1100000000e+00 -2.6705876577e+02 2.9180074359e-14 1.7221255356e+00 4.1744472769e-01
1.1200000000e+00 -2.6706076658e+02 4.2110463831e-14 1.7429554069e+00 4.2047412156e-01
1.1300000000e+00 -2.6706472296e+02 3.4190194097e-14 1.7962155916e+00 4.2340008819e-01
1.1400000000e+00 -2.6706815170e+02 4.1009818673e-14 1.8418351795e+00 4.2639790084e-01
1.1500000000e+00 -2.6706873144e+02 5.4776315858e-14 1.8457333326e+00 4.2966724179e-01
1.1600000000e+00 -2.6706640461e+02 4.5475391026e-14 1.8038360800e+00 4.3330235506e-01
1.1700000000e+00 -2.6705974033e+02 4.8448611429e-14 1.7474386441e+00 4.3722747142e-01
1.1800000000e+00 -2.6705858229e+02 4.9325398560e-14 1.7406422466e+00 4.4128232606e-01
1.1900000000e+00 -2.6707548610e+02 5.0818298792e-14 1.7796736023e+00 4.4539203392e-01
1.2000000000e+00 -2.6706918839e+02 5.7099965258e-14 1.7607764439e+00 4.4960605584e-01
1.2100000000e+00 -2.6705968272e+02 5.8798213492e-14 1.7075535196e+00 4.5387843696e-01
1.2200000000e+00 -2.6706003907e+02 6.5478179553e-14 1.6861037382e+00 4.5802057865e-01
1.2300000000e+00 -2.6706322341e+02 5.9566439932e-14 1.6958443657e+00 4.6184585220e-01
1.2400000000e+00 -2.6706314259e+02 7.0511661892e-14 1.7130953111e+00 4.6530571985e-01
1.2500000000e+00 -2.6706094990e+02 7.5219473923e-14 1.7353108008e+00 4.6853324029e-01
1.2600000000e+00 -2.6706013130e+02 7.0253172551e-14 1.7768628810e+00 4.7176927200e-01
1.2700000000e+00 -2.6706032225e+02 6.6199090203e-14 1.8426125320e+00 4.7516095145e-01
1.2800000000e+00 -2.6706581040e+02 6.8112702834e-14 1.9197701852e+00 4.7862399634e-01
1.2900000000e+00 -2.6706674761e+02 7.2228348877e-14 1.9636711822e+00 4.8191750348e-01
1.3000000000e+00 -2.6706430741e+02 6.7005983629e-14 1.9593514961e+00 4.8477549668e-01
1.3100000000e+00 -2.6706324473e+02 5.9232245238e-14 1.9219944655e+00 4.8701477883e-01
1.3200000000e+00 -2.6705728736e+02 5.6984190833e-14 1.8709523646e+00 4.8858613478e-01
1.3300000000e+00 -2.6705545640e+02 6.3446210398e-14 1.8559084166e+00 4.8957237388e-01
1.3400000000e+00 -2.6706460418e+02 6.3677097816e-14 1.8925675541e+00 4.9015819774e-01
1.3500000000e+00 -2.6707102688e+02 7.6201607236e-14 1.9153995872e+00 4.9053780129e-01
1.3600000000e+00 -2.6706909299e+02 6.5908733732e-14 1.8706780722e+00 4.9085300787e-01
1.3700000000e+00 -2.6705995219e+02 5.8716524970e-14 1.7793731887e+00 4.9123245227e-01
1.3800000000e+00 -2.6705523912e+02 6.4729810879e-14 1.7226263849e+00 4.9184141073e-01
1.3900000000e+00 -2.6706432554e+02 6.0805061280e-14 1.7407882638e+00 4.9288810921e-01
1.4000000000e+00 -2.6706713311e+02 6.8446510050e-14 1.7814243970e+00 4.9452136870e-01
1.4100000000e+00 -2.6706810068e+02 6.2414680687e-14 1.8083772903e+00 4.9673310585e-01
1.4200000000e+00 -2.6706432394e+02 5.9918547384e-14 1.8109910673e+00 4.9942077004e-01
1.4300000000e+00 -2.6706212092e+02 6.4320922082e-14 1.8081357769e+00 5.0249467004e-01
1.4400000000e+00 -2.6705894571e+02 6.5189002312e-14 1.8173713160e+00 5.0590583966e-01
1.4500000000e+00 -2.6706029648e+02 5.3293480667e-14 1.8544163514e+00 5.0960601440e-01
1.4600000000e+00 -2.6706688405e+02 5.1120435872e-14 1.9006312446e+00 5.1354285025e-01
1.4700000000e+00 -2.6706930841e+02 4.4215877716e-14 1.9061032107e+00 5.1766752012e-01
1.4800000000e+00 -2.6706732844e+02 4.0505199862e-14 1.8527497486e+00 5.2191319110e-01
1.4900000000e+00 -2.6706566568e+02 4.8053102796e-14 1.7620134808e+00 5.2617233886e-01
1.5000000000e+00 -2.6706350547e+02 4.3804876145e-14 1.6660695808e+00 5.3028131066e-01
1.5100000000e+00 -2.6705646337e+02 4.0080127568e-14 1.6047340325e+00 5.3402187761e-01
1.5200000000e+00 -2.6705754757e+02 3.5930083098e-14 1.6425476274e+00 5.3718839332e-01
1.5300000000e+00 -2.6707288571e+02 3.7370179572e-14 1.7616940668e+00 5.3976083608e-01
1.5400000000e+00 -2.6707049720e+02 3.3622715253e-14 1.8469901858e+00 5.4191931924e-01
1.5500000000e+00 -2.6706571561e+02 3.7780222344e-14 1.8875703320e+00 5.4380967248e-01
1.5600000000e+00 -2.6706518030e+02 4.1453414463e-14 1.9070968034e+00 5.4548682610e-01
1.5700000000e+00 -2.6706591534e+02 3.5751422456e-14 1.9098502498e+00 5.4695739452e-01
1.5800000000e+00 -2.6706740876e+02 3.7126628186e-14 1.8902823982e+00 5.4816502361e-01
1.5900000000e+00 -2.6706238830e+02 2.7680449104e-14 1.8462787353e+00 5.4898202265e-01
1.6000000000e+00 -2.6706087243e+02 3.2510014606e-14 1.8085658458e+00 5.4927459949e-01
1.6100000000e+00 -2.6706205610e+02 2.4014973485e-14 1.7922174773e+00 5.4901329327e-01
1.6200000000e+00 -2.6706286833e+02 3.3578694921e-14 1.7929799309e+00 5.4828634554e-01
1.6300000000e+00 -2.6706171639e+02 2.9574070520e-14 1.8111833934e+00 5.4727176759e-01
1.6400000000e+00 -2.6706419463e+02 3.4681158167e-14 1.8582571255e+00 5.4620866302e-01
1.6500000000e+00 -2.6706765915e+02 4.0477384404e-14 1.9179324093e+00 5.4531377039e-01
1.6600000000e+00 -2.6706325562e+02 4.1631656999e-14 1.9663922730e+00 5.4473715261e-01
1.6700000000e+00 -2.6706807357e+02 3.5203098040e-14 2.0197748172e+00 5.4459483068e-01
1.6800000000e+00 -2.6707368541e+02 4.2013861179e-14 2.0382896156e+00 5.4499254449e-01
1.6900000000e+00 -2.6706743986e+02 3.9388242371e-14 1.9777066961e+00 5.4600362107e-01
1.7000000000e+00 -2.6706305221e+02 4.8688722836e-14 1.8748137639e+00 5.4765533107e-01
1.7100000000e+00 -2.6705582232e+02 5.1621898400e-14 1.7777690120e+00 5.4990320579e-01
1.7200000000e+00 -2.6705595366e+02 5.0472947619e-14 1.7547574030e+00 5.5261251623e-01
1.7300000000e+00 -2.6706846652e+02 4.1135261312e-14 1.8088042676e+00 5.5563018752e-01
1.7400000000e+00 -2.6707753020e+02 4.0547324258e-14 1.8439182101e+00 5.5891424497e-01
1.7500000000e+00 -2.6706686575e+02 4.3096687435e-14 1.8030554900e+00 5.6253265686e-01
1.7600000000e+00 -2.6705952389e+02 3.8365302054e-14 1.7716638987e+00 5.6651657112e-01
1.7700000000e+00 -2.6707130648e+02 3.6944120412e-14 1.8026053662e+00 5.7077669353e-01
1.7800000000e+00 -2.6707230714e+02 3.7221965464e-14 1.8186540324e+00 5.7506579939e-01
1.7900000000e+00 -2.6706990685e+02 3.8268769253e-14 1.7971646562e+00 5.7904456773e-01
1.8000000000e+00 -2.6706596811e+02 4.5308152667e-14 1.7541465877e+00 5.8241657954e-01
1.8100000000e+00 -2.6705814422e+02 4.8133033901e-14 1.7252227141e+00 5.8504875790e-01
1.8200000000e+00 -2.6705944817e+02 4.6919370089e-14 1.7641746783e+00 5.8700902573e-01
1.8300000000e+00 -2.6707280155e+02 4.1560468979e-14 1.8540625019e+00 5.8850007534e-01
1.8400000000e+00 -2.6707215328e+02 4.1054390189e-14 1.9070051086e+00 5.8974856902e-01
1.8500000000e+00 -2.6707220697e+02 3.5087263362e-14 1.9089204101e+00 5.9088410453e-01
1.8600000000e+00 -2.6706405671e+02 3.3974683945e-14 1.8701061310e+00 5.9185617427e-01
1.8700000000e+00 -2.6706086024e+02 2.8293056337e-14 1.8451318848e+00 5.9251065823e-01
1.8800000000e+00 -2.6706736976e+02 2.0750184164e-14 1.8551871195e+00 5.9281109468e-01
1.8900000000e+00 -2.6707012766e+02 2.6348097626e-14 1.8507355808e+00 5.9288948994e-01
1.9000000000e+00 -2.6706400421e+02 3.0136983042e-14 1.8080051156e+00 5.9288579930e-01
1.9100000000e+00 -2.6705819834e+02 2.3719571303e-14 1.7723871852e+00 5.9284983148e-01
1.9200000000e+00 -2.6706573727e+02 2.4712128079e-14 1.7862097976e+00 5.9284983358e-01
1.9300000000e+00 -2.6706977055e+02 1.9616732917e-14 1.8105396983e+00 5.9307174192e-01
1.9400000000e+00 -2.6706693146e+02 1.8423347427e-14 1.8188963076e+00 5.9369110962e-01
1.9500000000e+00 -2.6706589579e+02 2.2616145016e-14 1.8283731286e+00 5.9474775242e-01
1.9600000000e+00 -2.6706771206e+02 1.2646830390e-14 1.8455526353e+00 5.9612892396e-01
1.9700000000e+00 -2.6706832589e+02 1.6881437598e-14 1.8546876306e+00 5.9763816038e-01
1.9800000000e+00 -2.6707000556e+02 2.1981995345e-14 1.8471652260e+00 5.9913129122e-01
1.9900000000e+00 -2.6706716175e+02 2.1887893651e-14 1.8150557656e+00 6.0065397810e-01
2.0000000000e+00 -2.6706197619e+02 3.1757667151e-14 1.7838702980e+00 6.0233658170e-01
2.0100000000e+00 -2.6706558640e+02 2.7378030004e-14 1.7859374958e+00 6.0418647473e-01
2.0200000000e+00 -2.6706876635e+02 2.4286445868e-14 1.7958312145e+00 6.0613260374e-01
2.0300000000e+00 -2.6707088713e+02 2.5278519060e-14 1.7848225097e+00 6.0812021487e-01
2.0400000000e+00 -2.6706537331e+02 1.8227363553e-14 1.7499035780e+00 6.1001647778e-01
2.0500000000e+00 -2.6706289071e+02 1.5439386657e-14 1.7327786884e+00 6.1154870953e-01
2.0600000000e+00 -2.6706151523e+02 1.9318199655e-14 1.7569314416e+00 6.1243952809e-01
2.0700000000e+00 -2.6706452396e+02 2.0163618598e-14 1.8227090097e+00 6.1253732419e-01
2.0800000000e+00 -2.6706998901e+02 1.7846986200e-14 1.8961879774e+00 6.1193016019e-01
2.0900000000e+00 -2.6707019404e+02 3.4618491481e-14 1.9313378624e+00 6.1092298386e-01
2.1000000000e+00 -2.6706560459e+02 3.3118006915e-14 1.9226836874e+00 6.0986656937e-01
2.1100000000e+00 -2.6706387971e+02 2.5534646856e-14 1.9017177326e+00 6.0902357001e-01
2.1200000000e+00 -2.6706420963e+02 3.9843174717e-14 1.8895302415e+00 6.0857304023e-01
2.1300000000e+00 -2.6706542991e+02 3.3200866398e-14 1.8855651455e+00 6.0867740488e-01
2.1400000000e+00 -2.6706226851e+02 4.3568863389e-14 1.8864869390e+00 6.0948414643e-01
2.1500000000e+00 -2.6706366511e+02 4.5275325092e-14 1.9087876437e+00 6.1107151180e-01
2.1600000000e+00 -2.6706520292e+02 4.3144129537e-14 1.9435123430e+00 6.1343950526e-01
2.1700000000e+00 -2.6707029051e+02 4.7122657402e-14 1.9710974843e+00 6.1654170372e-01
2.1800000000e+00 -2.6707218554e+02 4.6168728266e-14 1.9530213499e+00 6.2031522796e-01
2.1900000000e+00 -2.6706617056e+02 3.9864891789e-14 1.8765623253e+00 6.2468002203e-01
2.2000000000e+00 -2.6706018629e+02 4.5227929767e-14 1.7897336076e+00 6.2951642698e-01
2.2100000000e+00 -2.6706337704e+02 5.3815019228e-14 1.7411757881e+00 6.3461423713e-01
2.2200000000e+00 -2.6706727920e+02 5.1592292115e-14 1.7181408538e+00 6.3962809189e-01
2.2300000000e+00 -2.6706347815e+02 4.7542441131e-14 1.7000512916e+00 6.4409072387e-01
2.2400000000e+00 -2.6706460328e+02 4.5665809189e-14 1.7124234434e+00 6.4754485181e-01
2.2500000000e+00 -2.6706827513e+02 3.7651499731e-14 1.7514768027e+00 6.4979177440e-01
2.2600000000e+00 -2.6706524802e+02 3.7685489892e-14 1.7937812460e+00 6.5096447680e-01
2.2700000000e+00 -2.6707045748e+02 3.6126398025e-14 1.8464084015e+00 6.5139173088e-01
2.2800000000e+00 -2.6707606939e+02 4.3462962700e-14 1.8723119451e+00 6.5146967465e-01
2.2900000000e+00 -2.6706382379e+02 4.8382363129e-14 1.8485564184e+00 6.5146363264e-01
2.3000000000e+00 -2.6706540103e+02 4.3988104203e-14 1.8557647463e+00 6.5145826042e-01
2.3100000000e+00 -2.6707090765e+02 3.8746942617e-14 1.8913872129e+00 6.5159627748e-01
2.3200000000e+00 -2.6706983722e+02 3.5239745007e-14 1.9067542983e+00 6.5207794536e-01
2.3300000000e+00 -2.6707155258e+02 3.7538028216e-14 1.8940919721e+00 6.5305798034e-01
2.3400000000e+00 -2.6706953214e+02 2.7388566660e-14 1.8434727397e+00 6.5455417879e-01
2.3500000000e+00 -2.6705990808e+02 3.2119840746e-14 1.7793081706e+00 6.5634344878e-01
2.3600000000e+00 -2.6706027789e+02 2.8929679672e-14 1.7701228798e+00 6.5805406911e-01
2.3700000000e+00 -2.6706897893e+02 3.1813890234e-14 1.8177216052e+00 6.5942518546e-01
2.3800000000e+00 -2.6707005126e+02 4.6412168423e-14 1.8618046607e+00 6.6040549596e-01
2.3900000000e+00 -2.6706779553e+02 4.4156729089e-14 1.8878744402e+00 6.6104155937e-01
2.4000000000e+00 -2.6707403130e+02 4.3762868369e-14 1.8982725515e+00 6.6146657109e-01
2.4100000000e+00 -2.6707143414e+02 4.3102220784e-14 1.8558254721e+00 6.6192218329e-01
2.4200000000e+00 -2.6705970829e+02 4.6366966856e-14 1.7885162172e+00 6.6266953248e-01
2.4300000000e+00 -2.6705999693e+02 4.6192032744e-14 1.7822742306e+00 6.6398552998e-01
2.4400000000e+00 -2.6706852345e+02 4.7146650493e-14 1.8377741548e+00 6.6620911426e-01
2.4500000000e+00 -2.6707860755e+02 5.1507797850e-14 1.8784647037e+00 6.6957443086e-01
2.4600000000e+00 -2.6707477763e+02 5.0380521438e-14 1.8263110781e+00 6.7400050937e-01
2.4700000000e+00 -2.6705715632e+02 6.1111701732e-14 1.7181942532e+00 6.7911862255e-01
2.4800000000e+00 -2.6705460413e+02 7.3770038528e-14 1.6852591796e+00 6.8448985649e-01
2.4900000000e+00 -2.6706586056e+02 6.2818612455e-14 1.7500197606e+00 6.8976800910e-01
2.5000000000e+00 -2.6706909561e+02 7.1261098546e-14 1.8292768532e+00 6.9471885880e-01
2.5100000000e+00 -2.6706950494e+02 7.8361299672e-14 1.8816470154e+00 6.9926398982e-01
2.5200000000e+00 -2.6706845470e+02 7.6732154951e-14 1.8987741143e+00 7.0346375300e-01
2.5300000000e+00 -2.6706800004e+02 8.0753443722e-14 1.8907273876e+00 7.0743110019e-01
2.5400000000e+00 -2.6706935432e+02 8.9485973062e-14 1.8688984684e+00 7.1120063027e-01
2.5500000000e+00 -2.6706806748e+02 8.2068089669e-14 1.8373074675e+00 7.1462141764e-01
2.5600000000e+00 -2.6706663564e+02 6.8205814479e-14 1.8151196304e+00 7.1744889880e-01
2.5700000000e+00 -2.6706804273e+02 7.6784203464e-14 1.8202654472e+00 7.1956028167e-01
2.5800000000e+00 -2.6707174518e+02 6.5189475010e-14 1.8416134693e+00 7.2110828285e-01
2.5900000000e+00 -2.6707343364e+02 7.7309060517e-14 1.8439229980e+00 7.2247759369e-01
2.6000000000e+00 -2.6706916965e+02 7.7631228613e-14 1.8108656134e+00 7.2408315730e-01
2.6100000000e+00 -2.6707100473e+02 7.4598664248e-14 1.7620072537e+00 7.2626031753e-01
2.6200000000e+00 -2.6706518024e+02 6.9865630131e-14 1.6982507945e+00 7.2920344525e-01
2.6300000000e+00 -2.6705398527e+02 6.9177942320e-14 1.6749677932e+00 7.3285030326e-01
2.6400000000e+00 -2.6706608913e+02 6.9389205492e-14 1.7609870198e+00 7.3695469289e-01
2.6500000000e+00 -2.6708102868e+02 7.6624453201e-14 1.8660910751e+00 7.4130514698e-01
2.6600000000e+00 -2.6707789058e+02 7.5013293094e-14 1.8691499086e+00 7.4575423115e-01
2.6700000000e+00 -2.6706471978e+02 6.8690872167e-14 1.7824182521e+00 7.5012142783e-01
2.6800000000e+00 -2.6705914863e+02 7.8490883423e-14 1.7005041222e+00 7.5415962862e-01
2.6900000000e+00 -2.6706101551e+02 7.7121144400e-14 1.6723821640e+00 7.5754558334e-01
2.7000000000e+00 -2.6706239305e+02 7.8201052308e-14 1.6910284037e+00 7.5994477326e-01
2.7100000000e+00 -2.6706434047e+02 8.2633521223e-14 1.7442250189e+00 7.6117430290e-01
2.7200000000e+00 -2.6706961873e+02 8.9829598725e-14 1.8080573221e+00 7.6137221258e-01
2.7300000000e+00 -2.6706878779e+02 9.5385216760e-14 1.8426777563e+00 7.6102271086e-01
2.7400000000e+00 -2.6706600147e+02 9.6668378537e-14 1.8492956853e+00 7.6064626180e-01
2.7500000000e+00 -2.6706501830e+02 9.4788342572e-14 1.8495822945e+00 7.6052980508e-01
2.7600000000e+00 -2.6706978209e+02 9.6426560774e-14 1.8472860998e+00 7.6073771976e-01
2.7700000000e+00 -2.6706968235e+02 9.4555160244e-14 1.8157314364e+00 7.6118782872e-01
2.7800000000e+00 -2.6706273942e+02 9.8765695487e-14 1.7611538518e+00 7.6175497980e-01
2.7900000000e+00 -2.6705803653e+02 9.9068790637e-14 1.7414264203e+00 7.6238744734e-01
2.8000000000e+00 -2.6706335487e+02 1.0238935162e-13 1.7892723676e+00 7.6314048391e-01
2.8100000000e+00 -2.6706903494e+02 1.0284435199e-13 1.8637845654e+00 7.6412768990e-01
2.8200000000e+00 -2.6707008438e+02 9.9630006337e-14 1.9147360768e+00 7.6543315786e-01
2.8300000000e+00 -2.6706956993e+02 9.4873348378e-14 1.9219385171e+00 7.6701943545e-01
2.8400000000e+00 -2.6706832778e+02 8.9463036126e-14 1.8844424986e+00 7.6866915484e-01
2.8500000000e+00 -2.6706332273e+02 8.6995307996e-14 1.8170482853e+00 7.7003417056e-01
2.8600000000e+00 -2.6705736386e+02 9.5276931139e-14 1.7640985149e+00 7.7081213737e-01
2.8700000000e+00 -2.6705870857e+02 9.4633688253e-14 1.7733843296e+00 7.7092077376e-01
2.8800000000e+00 -2.6706739859e+02 9.8075024547e-14 1.8341048714e+00 7.7051007388e-01
2.8900000000e+00 -2.6707256839e+02 1.1128184678e-13 1.8781196236e+00 7.6981701627e-01
2.9000000000e+00 -2.6706929291e+02 1.0139205608e-13 1.8619516473e+00 7.6897925425e-01
2.9100000000e+00 -2.6705989176e+02 1.0372626992e-13 1.8136794413e+00 7.6799198489e-01
2.9200000000e+00 -2.6705821895e+02 1.0869895015e-13 1.8014021485e+00 7.6688960073e-01
2.9300000000e+00 -2.6706788288e+02 1.0122050209e-13 1.8374434638e+00 7.6592150237e-01
2.9400000000e+00 -2.6707154389e+02 1.0740286774e-13 1.8566606358e+00 7.6545298778e-01
2.9500000000e+00 -2.6706414678e+02 1.0524601360e-13 1.8328853573e+00 7.6578093205e-01
2.9600000000e+00 -2.6705688846e+02 1.0589735683e-13 1.8219969331e+00 7.6706741088e-01
2.9700000000e+00 -2.6706639850e+02 1.0353399683e-13 1.8674314441e+00 7.6939088178e-01
2.9800000000e+00 -2.6707518044e+02 1.0044819988e-13 1.9037344200e+00 7.7279904953e-01
2.9900000000e+00 -2.6707072088e+02 1.1209605601e-13 1.8685092181e+00 7.7722815331e-01
3.0000000000e+00 -2.6706668528e+02 1.1177277476e-13 1.7931436243e+00 7.8238913816e-01
3.0100000000e+00 -2.6706361503e+02 1.1564517044e-13 1.7200613088e+00 7.8779542818e-01
3.0200000000e+00 -2.6705655997e+02 1.0089673619e-13 1.6847825903e+00 7.9295744072e-01
3.0300000000e+00 -2.6705979448e+02 9.0413897269e-14 1.7357555913e+00 7.9769024327e-01
3.0400000000e+00 -2.6706944970e+02 8.7436248499e-14 1.8457051840e+00 8.0222248958e-01
3.0500000000e+00 -2.6707408198e+02 7.8883357714e-14 1.9383030482e+00 8.0690772697e-01
3.0600000000e+00 -2.6707152631e+02 7.3274719625e-14 1.9677414419e+00 8.1197159676e-01
3.0700000000e+00 -2.6706418453e+02 7.9541571993e-14 1.9548347283e+00 8.1741934434e-01
3.0800000000e+00 -2.6707486550e+02 8.0859780677e-14 1.9355186618e+00 8.2303035321e-01
3.0900000000e+00 -2.6706999982e+02 7.1134818028e-14 1.8537600452e+00 8.2845511403e-01
3.1000000000e+00 -2.6705395548e+02 6.7944267267e-14 1.7506801348e+00 8.3322862786e-01
3.1100000000e+00 -2.6705610414e+02 5.4747646002e-14 1.7407441340e+00 8.3696797797e-01
3.1200000000e+00 -2.6706949412e+02 6.0338450950e-14 1.8130781067e+00 8.3965707066e-01
3.1300000000e+00 -2.6706788807e+02 6.3527365044e-14 1.8769279850e+00 8.4159565153e-01
3.1400000000e+00 -2.6706762164e+02 6.6992099487e-14 1.9245392164e+00 8.4319739559e-01
3.1500000000e+00 -2.6707114824e+02 6.9933145725e-14 1.9513280402e+00 8.4492306336e-01
3.1600000000e+00 -2.6706840464e+02 5.7242414408e-14 1.9368192617e+00 8.4710008117e-01
3.1700000000e+00 -2.6706994501e+02 6.0132798873e-14 1.8995860169e+00 8.4973860229e-01
3.1800000000e+00 -2.6706649773e+02 5.0837577818e-14 1.8465692962e+00 8.5269031692e-01
3.1900000000e+00 -2.6706208573e+02 5.5515147890e-14 1.8076798161e+00 8.5580731946e-01
3.2000000000e+00 -2.6706489901e+02 5.3408680352e-14 1.8123088930e+00 8.5891079206e-01
3.2100000000e+00 -2.6706681413e+02 5.4896599428e-14 1.8334291083e+00 8.6175893979e-01
3.2200000000e+00 -2.6706162283e+02 5.5096404606e-14 1.8494514208e+00 8.6411256519e-01
3.2300000000e+00 -2.6705967983e+02 5.8851200157e-14 1.8858397169e+00 8.6592492613e-01
3.2400000000e+00 -2.6706540335e+02 4.8053038168e-14 1.9476623956e+00 8.6741770222e-01
3.2500000000e+00 -2.6706996554e+02 5.0077950673e-14 1.9914044229e+00 8.6894912578e-01
3.2600000000e+00 -2.6706794068e+02 4.8844261653e-14 1.9849046132e+00 8.7082010154e-01
3.2700000000e+00 -2.6706275238e+02 4.7822655424e-14 1.9468579217e+00 8.7312676838e-01
3.2800000000e+00 -2.6706432000e+02 5.4364210483e-14 1.9179392616e+00 8.7576943478e-01
3.2900000000e+00 -2.6707285239e+02 4.2162756669e-14 1.8838651726e+00 8.7860259879e-01
3.3000000000e+00 -2.6706152231e+02 5.0977978979e-14 1.7981943829e+00 8.8147279953e-01
3.3100000000e+00 -2.6705292398e+02 5.5361736172e-14 1.7380365830e+00 8.8419587452e-01
3.3200000000e+00 -2.6706587450e+02 4.9950166484e-14 1.7575536327e+00 8.8680698329e-01
3.3300000000e+00 -2.6707198496e+02 5.7528089127e-14 1.7674325064e+00 8.8970550930e-01
3.3400000000e+00 -2.6706462954e+02 4.7005982786e-14 1.7162187333e+00 8.9339928173e-01
3.3500000000e+00 -2.6705630451e+02 4.8727606656e-14 1.6583894126e+00 8.9822004441e-01
3.3600000000e+00 -2.6705620930e+02 4.4454000915e-14 1.6632751999e+00 9.0417337785e-01
3.3700000000e+00 -2.6706376909e+02 3.8248794519e-14 1.7336142486e+00 9.1095850128e-01
3.3800000000e+00 -2.6707268614e+02 3.0850618829e-14 1.8037847150e+00 9.1810904066e-01
3.3900000000e+00 -2.6707233226e+02 2.8498800075e-14 1.8007023895e+00 9.2514943060e-01
3.4000000000e+00 -2.6705734943e+02 2.1680071818e-14 1.7341377116e+00 9.3168865471e-01
3.4100000000e+00 -2.6705192816e+02 3.1309470360e-14 1.7118249908e+00 9.3741819214e-01
3.4200000000e+00 -2.6706161719e+02 2.9155828519e-14 1.7752287963e+00 9.4217283024e-01
3.4300000000e+00 -2.6706994059e+02 2.4818238141e-14 1.8510788306e+00 9.4595574134e-01
3.4400000000e+00 -2.6707426636e+02 3.0415349509e-14 1.8684525760e+00 9.4887385617e-01
3.4500000000e+00 -2.6707447724e+02 3.2325736823e-14 1.7989292401e+00 9.5106196699e-01
3.4600000000e+00 -2.6706268280e+02 3.2758543842e-14 1.6654705839e+00 9.5255690426e-01
3.4700000000e+00 -2.6704793885e+02 3.1801410273e-14 1.5848003990e+00 9.5314964447e-01
3.4800000000e+00 -2.6706217483e+02 3.1336750314e-14 1.6624961397e+00 9.5270927346e-01
3.4900000000e+00 -2.6707480501e+02 3.0595108986e-14 1.7983638361e+00 9.5176541497e-01
3.5000000000e+00 -2.6707427074e+02 3.6223493423e-14 1.8678528978e+00 9.5105721002e-01
3.5100000000e+00 -2.6706668287e+02 3.3091730527e-14 1.8538757596e+00 9.5101557179e-01
3.5200000000e+00 -2.6706398832e+02 3.8785328434e-14 1.8046843638e+00 9.5178289692e-01
3.5300000000e+00 -2.6706076512e+02 2.6860862515e-14 1.7551039768e+00 9.5331193668e-01
3.5400000000e+00 -2.6706469135e+02 2.2797387179e-14 1.7361262918e+00 9.5533981871e-01
3.5500000000e+00 -2.6707083878e+02 2.5309250019e-14 1.7230005539e+00 9.5744604029e-01
3.5600000000e+00 -2.6706040830e+02 3.0928280890e-14 1.6843615429e+00 9.5928929927e-01
3.5700000000e+00 -2.6705950847e+02 3.9946126820e-14 1.6831187661e+00 9.6075544577e-01
3.5800000000e+00 -2.6706694737e+02 4.1288991287e-14 1.7282216960e+00 9.6203250833e-01
3.5900000000e+00 -2.6707097057e+02 3.9094041082e-14 1.7630263121e+00 9.6340450912e-01
3.6000000000e+00 -2.6706528456e+02 4.7148415170e-14 1.7573265907e+00 9.6498864534e-01
3.6100000000e+00 -2.6706352624e+02 4.4179902067e-14 1.7465300497e+00 9.6676227599e-01
3.6200000000e+00 -2.6706858814e+02 3.5705366243e-14 1.7461346747e+00 9.6871425355e-01
3.6300000000e+00 -2.6705812697e+02 3.0563593099e-14 1.7437356376e+00 9.7089098785e-01
3.6400000000e+00 -2.6706429275e+02 3.5087439008e-14 1.7938341425e+00 9.7326275008e-01
3.6500000000e+00 -2.6706840852e+02 3.4864184996e-14 1.8589227909e+00 9.7559842706e-01
3.6600000000e+00 -2.6706768311e+02 3.9759714330e-14 1.8894735908e+00 9.7766314615e-01
3.6700000000e+00 -2.6706314226e+02 3.4495256483e-14 1.8843498149e+00 9.7941738700e-01
3.6800000000e+00 -2.6705937881e+02 3.3449798667e-14 1.8753511825e+00 9.8094660369e-01
3.6900000000e+00 -2.6706202542e+02 3.7943689032e-14 1.8892693009e+00 9.8237244927e-01
3.7000000000e+00 -2.6706421715e+02 4.1512395419e-14 1.9087904314e+00 9.8378577912e-01
3.7100000000e+00 -2.6706411740e+02 4.8430870832e-14 1.9123868814e+00 9.8514962076e-01
3.7200000000e+00 -2.6705728227e+02 5.4097147753e-14 1.9043144814e+00 9.8639261082e-01
3.7300000000e+00 -2.6705416794e+02 4.6276731992e-14 1.9309323090e+00 9.8760143052e-01
3.7400000000e+00 -2.6706266466e+02 5.5873645935e-14 2.0074934697e+00 9.8905526217e-01
3.7500000000e+00 -2.6706902008e+02 5.1530879773e-14 2.0696299131e+00 9.9113822553e-01
3.7600000000e+00 -2.6706793792e+02 5.5756364438e-14 2.0646530841e+00 9.9414910026e-01
3.7700000000e+00 -2.6706504935e+02 6.8928869526e-14 1.9989249359e+00 9.9810482895e-01
3.7800000000e+00 -2.6705745273e+02 6.2291724020e-14 1.9128328313e+00 1.0027367419e+00
3.7900000000e+00 -2.6705956009e+02 5.8436554889e-14 1.8682640983e+00 1.0076300631e+00
3.8000000000e+00 -2.6707093631e+02 6.5943883265e-14 1.8534132058e+00 1.0123998682e+00
3.8100000000e+00 -2.6707082557e+02 7.1125015079e-14 1.7953175936e+00 1.0167611623e+00
3.8200000000e+00 -2.6705549383e+02 6.1811411400e-14 1.7025742656e+00 1.0203591807e+00
3.8300000000e+00 -2.6705409499e+02 6.9953566101e-14 1.6845544140e+00 1.0228665659e+00
3.8400000000e+00 -2.6707316615e+02 7.2101613499e-14 1.7451884776e+00 1.0244582437e+00
3.8500000000e+00 -2.6707608633e+02 7.4363729394e-14 1.7509240405e+00 1.0257066248e+00
3.8600000000e+00 -2.6706124299e+02 7.9596796912e-14 1.6769509752e+00 1.0270038533e+00
3.8700000000e+00 -2.6705895894e+02 7.9465802882e-14 1.6231531014e+00 1.0283594240e+00
3.8800000000e+00 -2.6706336716e+02 7.8092594508e-14 1.6192183708e+00 1.0296084188e+00
3.8900000000e+00 -2.6705916851e+02 7.2446995740e-14 1.6436104922e+00 1.0306952439e+00
3.9000000000e+00 -2.6705708212e+02 8.1159035432e-14 1.7237380246e+00 1.0317507387e+00
3.9100000000e+00 -2.6706552945e+02 7.8904371268e-14 1.8628896746e+00 1.0330531464e+00
3.9200000000e+00 -2.6707402866e+02 7.5334665800e-14 1.9855931179e+00 1.0348828293e+00
3.9300000000e+00 -2.6707628178e+02 7.5858400102e-14 2.0151083356e+00 1.0373393600e+00
3.9400000000e+00 -2.6706996104e+02 8.4438756431e-14 1.9342759788e+00 1.0402711085e+00
3.9500000000e+00 -2.6705933510e+02 7.5600392925e-14 1.8040329662e+00 1.0432635755e+00
3.9600000000e+00 -2.6705203603e+02 7.8673486614e-14 1.7216137914e+00 1.0457744829e+00
3.9700000000e+00 -2.6706030524e+02 6.7859447832e-14 1.7403135565e+00 1.0474854418e+00
3.9800000000e+00 -2.6707241755e+02 8.8646650602e-14 1.7953618917e+00 1.0485397448e+00
3.9900000000e+00 -2.6707179649e+02 8.7611932982e-14 1.7891071503e+00 1.0493453601e+00
4.0000000000e+00 -2.6705985403e+02 1.0010840135e-13 1.7206405078e+00 1.0502128074e+00
4.0100000000e+00 -2.6705315592e+02 9.9167864422e-14 1.6778154670e+00 1.0512245346e+00
4.0200000000e+00 -2.6706086016e+02 8.7144220143e-14 1.7103166532e+00 1.0523820771e+00
4.0300000000e+00 -2.6706681875e+02 9.3640665031e-14 1.7648514815e+00 1.0537375254e+00
4.0400000000e+00 -2.6706593419e+02 9.4200788058e-14 1.7893903149e+00 1.0553286464e+00
4.0500000000e+00 -2.6706625934e+02 8.4303529996e-14 1.7827080498e+00 1.0571113520e+00
4.0600000000e+00 -2.6706379968e+02 6.9451621674e-14 1.7521828276e+00 1.0590117538e+00
4.0700000000e+00 -2.6705954228e+02 7.6375133973e-14 1.7255832290e+00 1.0609744393e+00
4.0800000000e+00 -2.6705931120e+02 8.7928261742e-14 1.7408107352e+00 1.0629014370e+00
4.0900000000e+00 -2.6706640659e+02 8.5754649822e-14 1.7979558808e+00 1.0646067125e+00
4.1000000000e+00 -2.6707091934e+02 7.7592199677e-14 1.8396828356e+00 1.0659424476e+00
4.1100000000e+00 -2.6706101374e+02 8.3869510169e-14 1.8336592097e+00 1.0668948639e+00
4.1200000000e+00 -2.6705390972e+02 9.2659668578e-14 1.8449532091e+00 1.0674815816e+00
4.1300000000e+00 -2.6706589303e+02 1.0038012575e-13 1.9176140587e+00 1.0676837365e+00
4.1400000000e+00 -2.6707490802e+02 9.8392133641e-14 1.9661608817e+00 1.0675008024e+00
4.1500000000e+00 -2.6706857962e+02 9.6756239152e-14 1.9194392606e+00 1.0669166689e+00
4.1600000000e+00 -2.6705820523e+02 9.1875835444e-14 1.8254109328e+00 1.0659278745e+00
4.1700000000e+00 -2.6705636352e+02 8.8616385575e-14 1.7731536415e+00 1.0646522938e+00
4.1800000000e+00 -2.6706084775e+02 9.4112330316e-14 1.7878741526e+00 1.0632783594e+00
4.1900000000e+00 -2.6706243052e+02 9.8283963913e-14 1.8427034906e+00 1.0619907813e+00
4.2000000000e+00 -2.6707272668e+02 1.0264756388e-13 1.9041978659e+00 1.0609994652e+00
4.2100000000e+00 -2.6707786522e+02 9.7211184460e-14 1.8936248328e+00 1.0604912297e+00
4.2200000000e+00 -2.6706543577e+02 9.1076562623e-14 1.7807745120e+00 1.0604071485e+00
4.2300000000e+00 -2.6704493320e+02 9.8235118644e-14 1.6861127878e+00 1.0603417954e+00
4.2400000000e+00 -2.6706278333e+02 9.8272549813e-14 1.7422592107e+00 1.0598677057e+00
4.2500000000e+00 -2.6707886978e+02 9.0167198851e-14 1.8319421893e+00 1.0589324280e+00
4.2600000000e+00 -2.6707684085e+02 9.0829547642e-14 1.8208886903e+00 1.0576518409e+00
4.2700000000e+00 -2.6704867589e+02 8.2633271183e-14 1.7663476885e+00 1.0560763251e+00
4.2800000000e+00 -2.6707185254e+02 8.5466263612e-14 1.8235043269e+00 1.0542323519e+00
4.2900000000e+00 -2.6706689644e+02 9.3715405345e-14 1.8668798891e+00 1.0522444997e+00
4.3000000000e+00 -2.6707043598e+02 8.0930812177e-14 1.8792493305e+00 1.0502582618e+00
4.3100000000e+00 -2.6707195858e+02 8.2384701556e-14 1.8324548502e+00 1.0482524235e+00
4.3200000000e+00 -2.6705889209e+02 8.4940120096e-14 1.7216653560e+00 1.0459569638e+00
4.3300000000e+00 -2.6705472345e+02 8.8620871223e-14 1.6381688005e+00 1.0429554866e+00
4.3400000000e+00 -2.6705916710e+02 9.3740962990e-14 1.6199938027e+00 1.0389373903e+00
4.3500000000e+00 -2.6705886479e+02 8.3750047505e-14 1.6423737413e+00 1.0338927708e+00
4.3600000000e+00 -2.6706072523e+02 8.8830400480e-14 1.6965509487e+00 1.0281826865e+00
4.3700000000e+00 -2.6705962616e+02 8.6464351629e-14 1.7678493822e+00 1.0224542426e+00
4.3800000000e+00 -2.6706113494e+02 5.4332714347e-14 1.8562019909e+00 1.0173793824e+00
4.3900000000e+00 -2.6706936852e+02 5.9767235307e-14 1.9372126918e+00 1.0134541296e+00
4.4000000000e+00 -2.6706481180e+02 5.6684469430e-14 1.9544413982e+00 1.0109267415e+00
4.4100000000e+00 -2.6705585544e+02 6.3136461428e-14 1.9362932295e+00 1.0098224991e+00
4.4200000000e+00 -2.6705720260e+02 6.9459602061e-14 1.9486565408e+00 1.0100319417e+00
4.4300000000e+00 -2.6706333834e+02 7.2817872734e-14 1.9892618315e+00 1.0113870968e+00
4.4400000000e+00 -2.6706595017e+02 6.5334809189e-14 2.0134576084e+00 1.0136930113e+00
4.4500000000e+00 -2.6706350154e+02 6.7510689403e-14 1.9971461196e+00 1.0167017156e+00
4.4600000000e+00 -2.6705823514e+02 5.8001370329e-14 1.9563132543e+00 1.0200587324e+00
4.4700000000e+00 -2.6705687362e+02 5.1795087116e-14 1.9287534620e+00 1.0233848081e+00
4.4800000000e+00 -2.6705912926e+02 5.1743182493e-14 1.9261347179e+00 1.0264703471e+00
4.4900000000e+00 -2.6706046604e+02 5.2785500874e-14 1.9340292830e+00 1.0293287041e+00
4.5000000000e+00 -2.6706230916e+02 5.1211383770e-14 1.9397536177e+00 1.0321108736e+00
4.5100000000e+00 -2.6706527731e+02 4.8029954989e-14 1.9318275120e+00 1.0350663262e+00
4.5200000000e+00 -2.6706428090e+02 4.1976738738e-14 1.8963979298e+00 1.0385127891e+00
4.5300000000e+00 -2.6705797357e+02 3.4394791727e-14 1.8510371438e+00 1.0426813231e+00
4.5400000000e+00 -2.6706033412e+02 3.0952133877e-14 1.8403949295e+00 1.0475288148e+00
4.5500000000e+00 -2.6706437632e+02 3.7760805237e-14 1.8597130879e+00 1.0527121126e+00
4.5600000000e+00 -2.6707020098e+02 2.4534672904e-14 1.8756743223e+00 1.0577934075e+00
4.5700000000e+00 -2.6706559499e+02 2.4714871225e-14 1.8567175251e+00 1.0625485643e+00
4.5800000000e+00 -2.6706125529e+02 2.0111897701e-14 1.8422093946e+00 1.0670747496e+00
4.5900000000e+00 -2.6707222020e+02 1.9730759152e-14 1.8579598303e+00 1.0716966535e+00
4.6000000000e+00 -2.6706910687e+02 1.7859068418e-14 1.8402224490e+00 1.0768139421e+00
4.6100000000e+00 -2.6705995425e+02 1.6972982703e-14 1.8026149635e+00 1.0827724603e+00
4.6200000000e+00 -2.6705870387e+02 1.1669495009e-14 1.8135708109e+00 1.0897059124e+00
4.6300000000e+00 -2.6706886101e+02 1.6082913146e-14 1.8808124124e+00 1.0975052612e+00
4.6400000000e+00 -2.6707675061e+02 1.1644249635e-14 1.9294317625e+00 1.1059505294e+00
4.6500000000e+00 -2.6706974752e+02 5.3931768917e-15 1.8968725160e+00 1.1146944524e+00
4.6600000000e+00 -2.6706036133e+02 1.1873159182e-14 1.8263169266e+00 1.1232378946e+00
4.6700000000e+00 -2.6705798061e+02 8.8100236948e-15 1.7936549266e+00 1.1310509077e+00
4.6800000000e+00 -2.6706662681e+02 1.0834775653e-14 1.8172283531e+00 1.1378725630e+00
4.6900000000e+00 -2.6707603131e+02 6.8809201240e-15 1.8333091481e+00 1.1438979998e+00
4.7000000000e+00 -2.6706606427e+02 1.3404420114e-14 1.7850806660e+00 1.1494829708e+00
4.7100000000e+00 -2.6706473348e+02 1.5877450819e-14 1.7379263079e+00 1.1548454273e+00
4.7200000000e+00 -2.6706335524e+02 1.7479931788e-14 1.7199717940e+00 1.1601934242e+00
4.7300000000e+00 -2.6706837592e+02 2.1046432753e-14 1.7393293999e+00 1.1657234390e+00
4.7400000000e+00 -2.6706991974e+02 2.7536440716e-14 1.7566435528e+00 1.1714071157e+00
4.7500000000e+00 -2.6706151630e+02 2.1608032032e-14 1.7439934490e+00 1.1769722257e+00
4.7600000000e+00 -2.6706528467e+02 1.5519710728e-14 1.7411228768e+00 1.1821590963e+00
4.7700000000e+00 -2.6706710239e+02 1.2401245851e-14 1.7281645911e+00 1.1869592084e+00
4.7800000000e+00 -2.6706094910e+02 2.1580919417e-14 1.6977242220e+00 1.1915107821e+00
4.7900000000e+00 -2.6706295029e+02 2.6334693109e-14 1.6938184427e+00 1.1959076691e+00
4.8000000000e+00 -2.6706588078e+02 2.7471290411e-14 1.7144214747e+00 1.2002495381e+00
4.8100000000e+00 -2.6706314710e+02 2.6896341452e-14 1.7457348009e+00 1.2047716950e+00
4.8200000000e+00 -2.6707098981e+02 2.6692495365e-14 1.7937575335e+00 1.2097031154e+00
4.8300000000e+00 -2.6706803419e+02 2.0783718997e-14 1.8105063316e+00 1.2150218200e+00
4.8400000000e+00 -2.6705581209e+02 1.3647165616e-14 1.8189845064e+00 1.2203498570e+00
4.8500000000e+00 -2.6706571093e+02 1.8544463658e-14 1.8883487290e+00 1.2251187574e+00
4.8600000000e+00 -2.6707452321e+02 3.2147631110e-14 1.9510918403e+00 1.2289788472e+00
4.8700000000e+00 -2.6707287994e+02 3.5958298914e-14 1.9340774939e+00 1.2318977309e+00
4.8800000000e+00 -2.6706954080e+02 3.8728805864e-14 1.8457876782e+00 1.2340237089e+00
4.8900000000e+00 -2.6706020183e+02 3.4861091367e-14 1.7335400002e+00 1.2355826751e+00
4.9000000000e+00 -2.6705373914e+02 3.4951367877e-14 1.6869370977e+00 1.2367335103e+00
4.9100000000e+00 -2.6706433129e+02 3.9809817364e-14 1.7539171287e+00 1.2376137240e+00
4.9200000000e+00 -2.6707079525e+02 3.1560274205e-14 1.8615804825e+00 1.2384860099e+00
4.9300000000e+00 -2.6707391715e+02 4.0775614021e-14 1.9376583341e+00 1.2395775096e+00
4.9400000000e+00 -2.6707300652e+02 3.1403615478e-14 1.9454177123e+00 1.2408667540e+00
4.9500000000e+00 -2.6706484837e+02 3.0219946472e-14 1.8931497087e+00 1.2420320923e+00
4.9600000000e+00 -2.6706129827e+02 2.6111964060e-14 1.8427812942e+00 1.2426593654e+00
4.9700000000e+00 -2.6706783687e+02 2.4240519111e-14 1.8241171045e+00 1.2425816084e+00
4.9800000000e+00 -2.6707298821e+02 2.5252632224e-14 1.7967668030e+00 1.2419044330e+00
4.9900000000e+00 -2.6706798952e+02 2.3045620071e-14 1.7324698677e+00 1.2407210810e+00
5.0000000000e+00 -2.6705949525e+02 1.4379852739e-14 1.6787463755e+00 1.2389953166e+00
5.0100000000e+00 -2.6706380970e+02 1.7305239702e-14 1.6977698634e+00 1.2367946038e+00
5.0200000000e+00 -2.6706944540e+02 6.3116935694e-15 1.7627538839e+00 1.2345009531e+00
5.0300000000e+00 -2.6707082474e+02 1.7360707635e-14 1.8223069689e+00 1.2326682464e+00
5.0400000000e+00 -2.6707819928e+02 1.0444987715e-14 1.8441457335e+00 1.2317441772e+00
5.0500000000e+00 -2.6707269508e+02 1.0029292037e-14 1.7823623391e+00 1.2319588946e+00
5.0600000000e+00 -2.6705565362e+02 8.4247202360e-15 1.6898398142e+00 1.2333967283e+00
5.0700000000e+00 -2.6706042294e+02 1.1633526939e-14 1.6870958824e+00 1.2361044969e+00
5.0800000000e+00 -2.6706782832e+02 1.8060841185e-14 1.7521951614e+00 1.2399792933e+00
5.0900000000e+00 -2.6706996806e+02 1.7622583045e-14 1.8161083867e+00 1.2447001657e+00
5.1000000000e+00 -2.6706751648e+02 3.3294487615e-14 1.8508386933e+00 1.2498621550e+00
5.1100000000e+00 -2.6706459941e+02 2.9522592166e-14 1.8685703759e+00 1.2551341158e+00
5.1200000000e+00 -2.6706893765e+02 2.3477214053e-14 1.8812743623e+00 1.2605183482e+00
5.1300000000e+00 -2.6706401477e+02 2.4402691979e-14 1.8660403531e+00 1.2663561756e+00
5.1400000000e+00 -2.6705995216e+02 1.7747254502e-14 1.8533158963e+00 1.2729742974e+00
5.1500000000e+00 -2.6706386940e+02 1.8909350365e-14 1.8671296564e+00 1.2803904733e+00
5.1600000000e+00 -2.6706523946e+02 1.6800722980e-14 1.8806860626e+00 1.2882656272e+00
5.1700000000e+00 -2.6706343588e+02 1.9050598946e-14 1.8798386577e+00 1.2961065170e+00
5.1800000000e+00 -2.6706095262e+02 1.6127303111e-14 1.8760647619e+00 1.3034559520e+00
5.1900000000e+00 -2.6706400333e+02 2.0914668822e-14 1.8828842161e+00 1.3100264222e+00
5.2000000000e+00 -2.6706914942e+02 2.1748543627e-14 1.8754142310e+00 1.3157725571e+00
5.2100000000e+00 -2.6706993975e+02 2.9919647967e-14 1.8178626278e+00 1.3208024067e+00
5.2200000000e+00 -2.6706401741e+02 2.5559795980e-14 1.7126904990e+00 1.3252034240e+00
5.2300000000e+00 -2.6705496997e+02 3.2676365370e-14 1.6193297524e+00 1.3289622363e+00
5.2400000000e+00 -2.6705673938e+02 3.9234182526e-14 1.6145778521e+00 1.3320704529e+00
5.2500000000e+00 -2.6707244185e+02 4.0943604231e-14 1.6777931149e+00 1.3346243857e+00
5.2600000000e+00 -2.6707037359e+02 3.9909400419e-14 1.7008882145e+00 1.3367671692e+00
5.2700000000e+00 -2.6706002305e+02 4.4148809935e-14 1.6860116298e+00 1.3386100880e+00
5.2800000000e+00 -2.6705706373e+02 4.9124146265e-14 1.7095971862e+00 1.3401609815e+00
5.2900000000e+00 -2.6706728199e+02 4.7944444971e-14 1.7981079133e+00 1.3412796160e+00
5.3000000000e+00 -2.6708029197e+02 4.6104208431e-14 1.8766108284e+00 1.3417702909e+00
5.3100000000e+00 -2.6706567969e+02 5.6060498356e-14 1.8652663265e+00 1.3414670380e+00
5.3200000000e+00 -2.6705707393e+02 5.2706486107e-14 1.8563501395e+00 1.3402714790e+00
5.3300000000e+00 -2.6706530625e+02 5.3522998790e-14 1.9121457105e+00 1.3385264203e+00
5.3400000000e+00 -2.6706908932e+02 4.6236623786e-14 1.9714560115e+00 1.3369704398e+00
5.3500000000e+00 -2.6706806249e+02 4.5175164502e-14 1.9929433509e+00 1.3362531819e+00
5.3600000000e+00 -2.6707256519e+02 4.5499245344e-14 1.9751896061e+00 1.3368010467e+00
5.3700000000e+00 -2.6707196719e+02 4.0291804634e-14 1.8975262661e+00 1.3388152097e+00
5.3800000000e+00 -2.6705637240e+02 3.7163793316e-14 1.7890400564e+00 1.3421433006e+00
5.3900000000e+00 -2.6706132232e+02 3.6295464370e-14 1.7494353933e+00 1.3462305626e+00
5.4000000000e+00 -2.6706594041e+02 3.7870812369e-14 1.7523112354e+00 1.3503528032e+00
5.4100000000e+00 -2.6706280974e+02 4.6180073361e-14 1.7499388722e+00 1.3539257857e+00
5.4200000000e+00 -2.6705973289e+02 4.1709272797e-14 1.7504504799e+00 1.3567041983e+00
5.4300000000e+00 -2.6705787777e+02 4.2506356904e-14 1.7748668376e+00 1.3587973341e+00
5.4400000000e+00 -2.6706288260e+02 4.7033254044e-14 1.8290100386e+00 1.3605076103e+00
5.4500000000e+00 -2.6706705804e+02 5.2770882572e-14 1.8767287965e+00 1.3621292046e+00
5.4600000000e+00 -2.6706789448e+02 4.2918207035e-14 1.8835077330e+00 1.3638379146e+00
5.4700000000e+00 -2.6706530277e+02 3.9799608241e-14 1.8470298774e+00 1.3656402241e+00
5.4800000000e+00 -2.6706218085e+02 3.3343735396e-14 1.7968292724e+00 1.3673651971e+00
5.4900000000e+00 -2.6706670192e+02 3.4488109281e-14 1.7637792955e+00 1.3688187382e+00
5.5000000000e+00 -2.6706149271e+02 3.9301591249e-14 1.7415244961e+00 1.3699686151e+00
5.5100000000e+00 -2.6705996194e+02 3.3873675916e-14 1.7855090166e+00 1.3708903987e+00
5.5200000000e+00 -2.6707965484e+02 3.1849519995e-14 1.8843257547e+00 1.3717243492e+00
5.5300000000e+00 -2.6706884804e+02 3.8099256809e-14 1.9048542130e+00 1.3726739895e+00
5.5400000000e+00 -2.6706805052e+02 3.1631810740e-14 1.8905792895e+00 1.3739176102e+00
5.5500000000e+00 -2.6706766027e+02 3.2380468660e-14 1.8546070869e+00 1.3757649806e+00
5.5600000000e+00 -2.6705447168e+02 3.9426558247e-14 1.8074547271e+00 1.3786323270e+00
5.5700000000e+00 -2.6705753784e+02 3.2170340552e-14 1.8298572090e+00 1.3827551390e+00
5.5800000000e+00 -2.6706947958e+02 4.0393203278e-14 1.8973131297e+00 1.3879572403e+00
5.5900000000e+00 -2.6707453040e+02 3.2971193961e-14 1.9144128673e+00 1.3936941702e+00
5.6000000000e+00 -2.6706681462e+02 3.7019903559e-14 1.8446734167e+00 1.3993669265e+00
5.6100000000e+00 -2.6705053959e+02 3.4419778736e-14 1.7612917900e+00 1.4045159861e+00
5.6200000000e+00 -2.6705913158e+02 4.1125268829e-14 1.7796562932e+00 1.4088098328e+00
5.6300000000e+00 -2.6707549465e+02 4.8640979099e-14 1.8461203300e+00 1.4121038824e+00
5.6400000000e+00 -2.6706697825e+02 4.7820625656e-14 1.8503285254e+00 1.4144024109e+00
5.6500000000e+00 -2.6705986121e+02 4.2468751740e-14 1.8497741221e+00 1.4156846837e+00
5.6600000000e+00 -2.6707708060e+02 4.6396298571e-14 1.8825695387e+00 1.4161315234e+00
5.6700000000e+00 -2.6707693773e+02 5.7171264517e-14 1.8417130102e+00 1.4162893247e+00
5.6800000000e+00 -2.6706437184e+02 4.9766637169e-14 1.7266379189e+00 1.4166909426e+00
5.6900000000e+00 -2.6705320093e+02 5.7270723171e-14 1.6412287796e+00 1.4175225168e+00
5.7000000000e+00 -2.6706232156e+02 5.4470329521e-14 1.6687917889e+00 1.4186765889e+00
5.7100000000e+00 -2.6707511243e+02 5.4939888647e-14 1.7453459326e+00 1.4200039182e+00
5.7200000000e+00 -2.6707052433e+02 4.3020103596e-14 1.7735487249e+00 1.4213218438e+00
5.7300000000e+00 -2.6706265458e+02 4.3862802762e-14 1.7715570705e+00 1.4223713230e+00
5.7400000000e+00 -2.6706105841e+02 5.0014561480e-14 1.7956286731e+00 1.4228869595e+00
5.7500000000e+00 -2.6706664818e+02 4.4222149541e-14 1.8513290119e+00 1.4227479727e+00
5.7600000000e+00 -2.6706773478e+02 3.9869838573e-14 1.8995034499e+00 1.4221623538e+00
5.7700000000e+00 -2.6706831429e+02 4.3772645924e-14 1.9196379834e+00 1.4216588651e+00
5.7800000000e+00 -2.6706368928e+02 4.9558246749e-14 1.9084621108e+00 1.4219185639e+00
5.7900000000e+00 -2.6706484596e+02 5.1217393089e-14 1.8921909584e+00 1.4235428059e+00
5.8000000000e+00 -2.6706196865e+02 5.2934474468e-14 1.8730282286e+00 1.4268727786e+00
5.8100000000e+00 -2.6706259075e+02 5.7424964559e-14 1.8664054863e+00 1.4318146279e+00
5.8200000000e+00 -2.6706430377e+02 6.5211275998e-14 1.8663830536e+00 1.4378611888e+00
5.8300000000e+00 -2.6706154132e+02 5.2959298419e-14 1.8607928859e+00 1.4442737608e+00
5.8400000000e+00 -2.6706439752e+02 5.0583613269e-14 1.8621447136e+00 1.4502959072e+00
5.8500000000e+00 -2.6706434227e+02 3.8248109716e-14 1.8569514744e+00 1.4553583336e+00
5.8600000000e+00 -2.6705817763e+02 4.0850220186e-14 1.8502306055e+00 1.4591460283e+00
5.8700000000e+00 -2.6706017470e+02 4.1719021530e-14 1.8824484129e+00 1.4617411734e+00
5.8800000000e+00 -2.6706182332e+02 4.4463921029e-14 1.9451858707e+00 1.4637068647e+00
5.8900000000e+00 -2.6706674388e+02 5.6786585031e-14 2.0162810506e+00 1.4657290086e+00
5.9000000000e+00 -2.6706977244e+02 6.7076819828e-14 2.0558597931e+00 1.4682877019e+00
5.9100000000e+00 -2.6706610435e+02 6.8800176858e-14 2.0415148485e+00 1.4716094178e+00
5.9200000000e+00 -2.6706340236e+02 6.2754441913e-14 1.9975121352e+00 1.4757050328e+00
5.9300000000e+00 -2.6706531564e+02 7.4073178308e-14 1.9472278772e+00 1.4805104066e+00
5.9400000000e+00 -2.6706776026e+02 6.7810546499e-14 1.8810315340e+00 1.4859816345e+00
5.9500000000e+00 -2.6705872776e+02 7.1013322301e-14 1.7963842754e+00 1.4919910102e+00
5.9600000000e+00 -2.6705859882e+02 6.9051945186e-14 1.7571087838e+00 1.4983057264e+00
5.9700000000e+00 -2.6706762911e+02 6.1281897383e-14 1.7655787544e+00 1.5045924310e+00
5.9800000000e+00 -2.6706860413e+02 5.9241504755e-14 1.7547727745e+00 1.5104695987e+00
5.9900000000e+00 -2.6706172070e+02 6.6268010912e-14 1.7102703844e+00 1.5156475166e+00
6.0000000000e+00 -2.6705756643e+02 6.5334455453e-14 1.6785118493e+00 1.5200117865e+00
6.0100000000e+00 -2.6706048079e+02 6.3988925046e-14 1.6916266413e+00 1.5236276014e+00
6.0200000000e+00 -2.6706545895e+02 5.2814347917e-14 1.7279978700e+00 1.5266663810e+00
6.0300000000e+00 -2.6706494629e+02 5.3777099257e-14 1.7483207979e+00 1.5292532849e+00
6.0400000000e+00 -2.6705987241e+02 5.8673081069e-14 1.7541943561e+00 1.5313785101e+00
6.0500000000e+00 -2.6706302533e+02 7.2228994154e-14 1.7753457159e+00 1.5330463683e+00
6.0600000000e+00 -2.6706725802e+02 7.9238527506e-14 1.7939886271e+00 1.5344712200e+00
6.0700000000e+00 -2.6706171202e+02 8.2610408559e-14 1.7915821291e+00 1.5359775670e+00
6.0800000000e+00 -2.6705787831e+02 8.7362512018e-14 1.8157358999e+00 1.5378296480e+00
6.0900000000e+00 -2.6706777624e+02 9.1394773854e-14 1.8906737078e+00 1.5402108746e+00
6.1000000000e+00 -2.6706925768e+02 8.6075888953e-14 1.9477770656e+00 1.5432805075e+00
6.1100000000e+00 -2.6706700360e+02 8.6979654795e-14 1.9566986593e+00 1.5472201011e+00
6.1200000000e+00 -2.6706492673e+02 9.8835235265e-14 1.9290004789e+00 1.5521621847e+00
6.1300000000e+00 -2.6706142094e+02 9.4157430707e-14 1.8862111175e+00 1.5580764906e+00
6.1400000000e+00 -2.6705850010e+02 9.3644060878e-14 1.8596919786e+00 1.5646708797e+00
6.1500000000e+00 -2.6705960128e+02 1.0104610959e-13 1.8701868139e+00 1.5714603528e+00
6.1600000000e+00 -2.6706543900e+02 9.5898598548e-14 1.9043088738e+00 1.5780136914e+00
6.1700000000e+00 -2.6706746515e+02 1.0240259291e-13 1.9170561588e+00 1.5841346965e+00
6.1800000000e+00 -2.6706355394e+02 1.0691846904e-13 1.8924558025e+00 1.5897879528e+00
6.1900000000e+00 -2.6706597172e+02 1.1692382715e-13 1.8557098579e+00 1.5948834691e+00
6.2000000000e+00 -2.6706768224e+02 1.1391840431e-13 1.7995039579e+00 1.5991892408e+00
6.2100000000e+00 -2.6706031267e+02 1.2525067543e-13 1.7261868561e+00 1.6024471369e+00
6.2200000000e+00 -2.6706611334e+02 1.2616398792e-13 1.6852748425e+00 1.6045334682e+00
6.2300000000e+00 -2.6707051342e+02 1.0519949012e-13 1.6489914832e+00 1.6054740945e+00
6.2400000000e+00 -2.6705991398e+02 9.9249964369e-14 1.5989316461e+00 1.6052826632e+00
6.2500000000e+00 -2.6705716959e+02 1.0422984019e-13 1.6093139260e+00 1.6039132860e+00
6.2600000000e+00 -2.6706307571e+02 1.0604954705e-13 1.7076441444e+00 1.6014624787e+00
6.2700000000e+00 -2.6707415095e+02 1.0103322707e-13 1.8438810513e+00 1.5983122009e+00
6.2800000000e+00 -2.6708133960e+02 9.4690260503e-14 1.9202016665e+00 1.5951001577e+00
6.2900000000e+00 -2.6707238668e+02 9.7855957380e-14 1.8786566374e+00 1.5924631140e+00
6.3000000000e+00 -2.6705873873e+02 1.1230853907e-13 1.7885771262e+00 1.5907646619e+00
6.3100000000e+00 -2.6706296641e+02 9.6030633600e-14 1.7505315105e+00 1.5899959112e+00
6.3200000000e+00 -2.6706616484e+02 9.5536545923e-14 1.7589268882e+00 1.5897965245e+00
6.3300000000e+00 -2.6706723027e+02 1.0236293917e-13 1.7837187141e+00 1.5897590650e+00
6.3400000000e+00 -2.6706452566e+02 1.0787712125e-13 1.8112121663e+00 1.5896712884e+00
6.3500000000e+00 -2.6706453453e+02 9.8314934725e-14 1.8495939370e+00 1.5893502495e+00
6.3600000000e+00 -2.6707201349e+02 9.1234666926e-14 1.8844578067e+00 1.5886250049e+00
6.3700000000e+00 -2.6707186759e+02 9.7974838790e-14 1.8632237403e+00 1.5875215755e+00
6.3800000000e+00 -2.6706597533e+02 9.6107230612e-14 1.7881739291e+00 1.5862512371e+00
6.3900000000e+00 -2.6705956710e+02 9.5481051987e-14 1.7130838033e+00 1.5851652050e+00
6.4000000000e+00 -2.6705863295e+02 9.5575388628e-14 1.6928214272e+00 1.5847482777e+00
6.4100000000e+00 -2.6706783181e+02 9.7205637985e-14 1.7323387824e+00 1.5853637519e+00
6.4200000000e+00 -2.6707051400e+02 9.9560267252e-14 1.7659423490e+00 1.5869758527e+00
6.4300000000e+00 -2.6706714203e+02 9.9009798889e-14 1.7681999709e+00 1.5892064819e+00
6.4400000000e+00 -2.6706712505e+02 1.0324053390e-13 1.7576724824e+00 1.5916311351e+00
6.4500000000e+00 -2.6706509056e+02 1.0071925902e-13 1.7374523967e+00 1.5939957722e+00
6.4600000000e+00 -2.6706259543e+02 1.0502574848e-13 1.7163549468e+00 1.5962099775e+00
6.4700000000e+00 -2.6705924243e+02 1.0037587019e-13 1.7120366356e+00 1.5983790828e+00
6.4800000000e+00 -2.6706073842e+02 1.0230881749e-13 1.7440135543e+00 1.6007308490e+00
6.4900000000e+00 -2.6706092643e+02 9.6236565976e-14 1.8039115920e+00 1.6034206654e+00
6.5000000000e+00 -2.6706818843e+02 9.3622342971e-14 1.8734824551e+00 1.6065841606e+00
6.5100000000e+00 -2.6707005924e+02 1.0060826102e-13 1.8971911524e+00 1.6103585855e+00
6.5200000000e+00 -2.6706380499e+02 1.0034714305e-13 1.8581823665e+00 1.6146247028e+00
6.5300000000e+00 -2.6706100897e+02 1.0839899814e-13 1.8057254622e+00 1.6189442441e+00
6.5400000000e+00 -2.6706450700e+02 1.1217873862e-13 1.7671005736e+00 1.6227738748e+00
6.5500000000e+00 -2.6705497102e+02 1.1917644313e-13 1.7385798567e+00 1.6256683483e+00
6.5600000000e+00 -2.6705816262e+02 1.2201654100e-13 1.7786480175e+00 1.6273393484e+00
6.5700000000e+00 -2.6707249233e+02 1.1059281462e-13 1.8602788136e+00 1.6278060892e+00
6.5800000000e+00 -2.6707276610e+02 1.2410545535e-13 1.8846379358e+00 1.6273695598e+00
6.5900000000e+00 -2.6707283201e+02 1.0945250681e-13 1.8411086408e+00 1.6262982730e+00
6.6000000000e+00 -2.6706134389e+02 1.2493738819e-13 1.7579414465e+00 1.6246181957e+00
6.6100000000e+00 -2.6705944951e+02 1.1179543436e-13 1.7292707065e+00 1.6222132243e+00
6.6200000000e+00 -2.6706462305e+02 9.9957072800e-14 1.7819435460e+00 1.6192245184e+00
6.6300000000e+00 -2.6707042374e+02 9.6210161907e-14 1.8622774982e+00 1.6160535460e+00
6.6400000000e+00 -2.6706910055e+02 1.0658256684e-13 1.9166866280e+00 1.6132327143e+00
6.6500000000e+00 -2.6706542727e+02 9.6965381544e-14 1.9450684048e+00 1.6113165919e+00
6.6600000000e+00 -2.6707456956e+02 9.9598082169e-14 1.9548742652e+00 1.6106723166e+00
6.6700000000e+00 -2.6707359974e+02 1.1345979592e-13 1.8876535536e+00 1.6114220965e+00
6.6800000000e+00 -2.6706033788e+02 1.1583877850e-13 1.7575941702e+00 1.6135179320e+00
6.6900000000e+00 -2.6705402472e+02 1.1973240603e-13 1.6707015437e+00 1.6168080560e+00
6.7000000000e+00 -2.6706014138e+02 1.1383621803e-13 1.6844325120e+00 1.6210599358e+00
6.7100000000e+00 -2.6706599519e+02 1.1635947690e-13 1.7559783556e+00 1.6259241959e+00
6.7200000000e+00 -2.6706700753e+02 1.1729455026e-13 1.8291040761e+00 1.6309035470e+00
6.7300000000e+00 -2.6706936513e+02 1.1382773079e-13 1.8808821632e+00 1.6353841208e+00
6.7400000000e+00 -2.6707383273e+02 1.1307437557e-13 1.8880669266e+00 1.6388090704e+00
6.7500000000e+00 -2.6706467045e+02 1.0711350960e-13 1.8380231227e+00 1.6408101211e+00
6.7600000000e+00 -2.6706330145e+02 1.0336213625e-13 1.8060978976e+00 1.6411125321e+00
6.7700000000e+00 -2.6706915984e+02 1.0113700635e-13 1.8093941674e+00 1.6397098992e+00
6.7800000000e+00 -2.6705910715e+02 1.1183060002e-13 1.8159836219e+00 1.6370709085e+00
6.7900000000e+00 -2.6706281235e+02 1.0829194147e-13 1.8734993373e+00 1.6339589638e+00
6.8000000000e+00 -2.6706980461e+02 1.1441245540e-13 1.9521210895e+00 1.6312277764e+00
6.8100000000e+00 -2.6707408543e+02 1.2730851711e-13 1.9835187935e+00 1.6296067387e+00
6.8200000000e+00 -2.6707400649e+02 1.2359118699e-13 1.9320124269e+00 1.6294803142e+00
6.8300000000e+00 -2.6706210338e+02 1.1871580867e-13 1.8171179666e+00 1.6306899812e+00
6.8400000000e+00 -2.6705264577e+02 1.2167163048e-13 1.7608570730e+00 1.6325408504e+00
6.8500000000e+00 -2.6707679075e+02 1.2290168883e-13 1.8135173658e+00 1.6343394189e+00
6.8600000000e+00 -2.6707214328e+02 1.2632840399e-13 1.8218914516e+00 1.6358685909e+00
6.8700000000e+00 -2.6706513613e+02 1.1811338161e-13 1.7838568852e+00 1.6371521891e+00
6.8800000000e+00 -2.6706473362e+02 1.1530108428e-13 1.7495811716e+00 1.6382570360e+00
6.8900000000e+00 -2.6706378499e+02 1.1338138710e-13 1.7320954352e+00 1.6392280191e+00
6.9000000000e+00 -2.6706690008e+02 1.2165455918e-13 1.7462007483e+00 1.6400869368e+00
6.9100000000e+00 -2.6706858719e+02 1.2365483678e-13 1.7770589778e+00 1.6410342574e+00
6.9200000000e+00 -2.6706556075e+02 1.2826069823e-13 1.8181279197e+00 1.6423914256e+00
6.9300000000e+00 -2.6707430770e+02 1.2767991839e-13 1.8672590813e+00 1.6443804643e+00
6.9400000000e+00 -2.6707165219e+02 1.3405028149e-13 1.8584704835e+00 1.6471829869e+00
6.9500000000e+00 -2.6706798913e+02 1.3482633616e-13 1.7996498330e+00 1.6509368149e+00
6.9600000000e+00 -2.6705560487e+02 1.3900062170e-13 1.7401580496e+00 1.6555504182e+00
6.9700000000e+00 -2.6705887500e+02 1.3778637087e-13 1.7755227039e+00 1.6605678526e+00
6.9800000000e+00 -2.6707417912e+02 1.4509455395e-13 1.8833528980e+00 1.6656165685e+00
6.9900000000e+00 -2.6708084944e+02 1.4502436731e-13 1.9399635142e+00 1.6705609873e+00
7.0000000000e+00 -2.6707104294e+02 1.4316901666e-13 1.8876234154e+00 1.6751999211e+00
7.0100000000e+00 -2.6706169616e+02 1.5332401048e-13 1.7982291377e+00 1.6792748054e+00
7.0200000000e+00 -2.6706220380e+02 1.4495091538e-13 1.7479170722e+00 1.6827426632e+00
7.0300000000e+00 -2.6706191399e+02 1.3822878572e-13 1.7465088464e+00 1.6859343344e+00
7.0400000000e+00 -2.6706660947e+02 1.3549634111e-13 1.7900151610e+00 1.6891986810e+00
7.0500000000e+00 -2.6706922579e+02 1.3385735755e-13 1.8429564097e+00 1.6926277066e+00
7.0600000000e+00 -2.6707163686e+02 1.2980876494e-13 1.8748946638e+00 1.6962088690e+00
7.0700000000e+00 -2.6706856820e+02 1.2413187123e-13 1.8678091412e+00 1.6999119638e+00
7.0800000000e+00 -2.6706676088e+02 1.3132432033e-13 1.8381850679e+00 1.7035532908e+00
7.0900000000e+00 -2.6706419237e+02 1.3530480720e-13 1.8043900807e+00 1.7068170188e+00
7.1000000000e+00 -2.6706506183e+02 1.2794664082e-13 1.7877135274e+00 1.7095001403e+00
7.1100000000e+00 -2.6706853961e+02 1.3482497626e-13 1.7843025472e+00 1.7116030885e+00
7.1200000000e+00 -2.6706970046e+02 1.2994771018e-13 1.7722350915e+00 1.7131863493e+00
7.1300000000e+00 -2.6706465508e+02 1.3034919034e-13 1.7424295278e+00 1.7141851294e+00
7.1400000000e+00 -2.6705811055e+02 1.4068374786e-13 1.7280690311e+00 1.7145092994e+00
7.1500000000e+00 -2.6706007886e+02 1.3337758985e-13 1.7702102041e+00 1.7142771250e+00
7.1600000000e+00 -2.6706789915e+02 1.3867448960e-13 1.8499055853e+00 1.7138189353e+00
7.1700000000e+00 -2.6707235814e+02 1.3722170356e-13 1.9058337257e+00 1.7134751162e+00
7.1800000000e+00 -2.6706712568e+02 1.3327237837e-13 1.9018150525e+00 1.7133958341e+00
7.1900000000e+00 -2.6706285052e+02 1.4300725205e-13 1.8707191057e+00 1.7135596448e+00
7.2000000000e+00 -2.6706092437e+02 1.5052069502e-13 1.8477905575e+00 1.7139115243e+00
7.2100000000e+00 -2.6706341837e+02 1.5398901412e-13 1.8470900177e+00 1.7144356467e+00
7.2200000000e+00 -2.6706873695e+02 1.6271192452e-13 1.8532988048e+00 1.7151858581e+00
7.2300000000e+00 -2.6707126736e+02 1.5791305888e-13 1.8301791040e+00 1.7162779721e+00
7.2400000000e+00 -2.6706029405e+02 1.5741130280e-13 1.7758866172e+00 1.7178045393e+00
7.2500000000e+00 -2.6705992764e+02 1.6324598886e-13 1.7622366892e+00 1.7196848282e+00
7.2600000000e+00 -2.6706355347e+02 1.7249319166e-13 1.7971902084e+00 1.7217583468e+00
7.2700000000e+00 -2.6706084712e+02 1.8186049590e-13 1.8520209496e+00 1.7239568603e+00
7.2800000000e+00 -2.6706338256e+02 1.8658013895e-13 1.9275613908e+00 1.7263908003e+00
7.2900000000e+00 -2.6706829106e+02 1.9021347757e-13 2.0002446413e+00 1.7293947171e+00
7.3000000000e+00 -2.6707221618e+02 1.9282400667e-13 2.0323962850e+00 1.7334346347e+00
7.3100000000e+00 -2.6707193704e+02 1.9480603051e-13 1.9970471225e+00 1.7388295306e+00
7.3200000000e+00 -2.6706043650e+02 1.8588561941e-13 1.9141575443e+00 1.7453810602e+00
7.3300000000e+00 -2.6705917146e+02 1.8340588663e-13 1.8701752030e+00 1.7524475814e+00
7.3400000000e+00 -2.6706291942e+02 1.7927749129e-13 1.8850464105e+00 1.7594935426e+00
7.3500000000e+00 -2.6706331194e+02 1.6311598288e-13 1.9289060298e+00 1.7663622652e+00
7.3600000000e+00 -2.6707252777e+02 1.6768444121e-13 1.9780405622e+00 1.7731591575e+00
7.3700000000e+00 -2.6707679727e+02 1.5675440932e-13 1.9647556705e+00 1.7801012544e+00
7.3800000000e+00 -2.6705911410e+02 1.5892411183e-13 1.8815850601e+00 1.7872997248e+00
7.3900000000e+00 -2.6706171390e+02 1.7119873935e-13 1.8428707907e+00 1.7946348226e+00
7.4000000000e+00 -2.6706645805e+02 1.6527123399e-13 1.8472703199e+00 1.8018354149e+00
7.4100000000e+00 -2.6706601901e+02 1.6776592269e-13 1.8511714581e+00 1.8086318964e+00
7.4200000000e+00 -2.6706537382e+02 1.5411876139e-13 1.8484293278e+00 1.8150073584e+00
7.4300000000e+00 -2.6706416845e+02 1.6111288041e-13 1.8414826098e+00 1.8212564610e+00
7.4400000000e+00 -2.6705998382e+02 1.6932881211e-13 1.8419754357e+00 1.8277692327e+00
7.4500000000e+00 -2.6706351766e+02 1.5164120493e-13 1.8747537665e+00 1.8347886439e+00
7.4600000000e+00 -2.6707412904e+02 1.6003506760e-13 1.9136445822e+00 1.8423507317e+00
7.4700000000e+00 -2.6707063477e+02 1.5835183235e-13 1.8928094241e+00 1.8503204905e+00
7.4800000000e+00 -2.6706155844e+02 1.5479881538e-13 1.8401099552e+00 1.8584348424e+00
7.4900000000e+00 -2.6705962697e+02 1.6160504128e-13 1.8264246455e+00 1.8665360618e+00
7.5000000000e+00 -2.6706394075e+02 1.5906284262e-13 1.8670469247e+00 1.8746121260e+00
7.5100000000e+00 -2.6706853755e+02 1.5626924454e-13 1.9242986255e+00 1.8825636428e+00
7.5200000000e+00 -2.6706725410e+02 1.3616259666e-13 1.9591223144e+00 1.8902124963e+00
7.5300000000e+00 -2.6706583520e+02 1.5292785178e-13 1.9716724405e+00 1.8974685591e+00
7.5400000000e+00 -2.6706624040e+02 1.5018986941e-13 1.9686203117e+00 1.9043952074e+00
7.5500000000e+00 -2.6706706540e+02 1.5028744355e-13 1.9440145766e+00 1.9110395819e+00
7.5600000000e+00 -2.6706656404e+02 1.5703328607e-13 1.8917255103e+00 1.9173021481e+00
7.5700000000e+00 -2.6706277279e+02 1.7018518141e-13 1.8215683530e+00 1.9230362891e+00
7.5800000000e+00 -2.6705943092e+02 1.7414993895e-13 1.7661915213e+00 1.9281702860e+00
7.5900000000e+00 -2.6705832956e+02 1.6110969586e-13 1.7558966179e+00 1.9327397779e+00
7.6000000000e+00 -2.6706150992e+02 1.5253817927e-13 1.7987766128e+00 1.9368362648e+00
7.6100000000e+00 -2.6706666552e+02 1.6777831991e-13 1.8655304163e+00 1.9406211759e+00
7.6200000000e+00 -2.6706624928e+02 1.5998510249e-13 1.9160000079e+00 1.9443492636e+00
7.6300000000e+00 -2.6707006374e+02 1.6623194023e-13 1.9404681197e+00 1.9482417751e+00
7.6400000000e+00 -2.6707386658e+02 1.6443013943e-13 1.9124253804e+00 1.9523190337e+00
7.6500000000e+00 -2.6706474108e+02 1.6714340344e-13 1.8215338223e+00 1.9562112096e+00
7.6600000000e+00 -2.6705417605e+02 1.6401222197e-13 1.7531651205e+00 1.9590847934e+00
7.6700000000e+00 -2.6706554847e+02 1.6364118704e-13 1.7823338801e+00 1.9602557400e+00
7.6800000000e+00 -2.6707191060e+02 1.6691158270e-13 1.8402824868e+00 1.9599149347e+00
7.6900000000e+00 -2.6707118040e+02 1.6515720590e-13 1.8648202764e+00 1.9587349363e+00
7.7000000000e+00 -2.6706566794e+02 1.7142217405e-13 1.8577572835e+00 1.9573507337e+00
7.7100000000e+00 -2.6706856223e+02 1.8164267433e-13 1.8543283245e+00 1.9561526650e+00
7.7200000000e+00 -2.6706269948e+02 1.7439790942e-13 1.8498120702e+00 1.9553368322e+00
7.7300000000e+00 -2.6705963961e+02 1.9040639649e-13 1.8780603242e+00 1.9549545125e+00
7.7400000000e+00 -2.6706936741e+02 1.7992930758e-13 1.9482121095e+00 1.9550055836e+00
7.7500000000e+00 -2.6707090643e+02 1.6599275775e-13 1.9887009715e+00 1.9556125301e+00
7.7600000000e+00 -2.6707159361e+02 1.6070465818e-13 1.9657574420e+00 1.9569413678e+00
7.7700000000e+00 -2.6706399091e+02 1.8586156738e-13 1.8777891781e+00 1.9589658579e+00
7.7800000000e+00 -2.6706022365e+02 1.7374124836e-13 1.7783005347e+00 1.9613831147e+00
7.7900000000e+00 -2.6705435509e+02 1.7006062244e-13 1.7160125635e+00 1.9636733077e+00
7.8000000000e+00 -2.6705438772e+02 1.7086363234e-13 1.7408768550e+00 1.9652506141e+00
7.8100000000e+00 -2.6706612906e+02 1.6964625598e-13 1.8436538335e+00 1.9657259904e+00
7.8200000000e+00 -2.6707094118e+02 1.6778599690e-13 1.9310818312e+00 1.9651250899e+00
7.8300000000e+00 -2.6707137979e+02 1.6373256603e-13 1.9490791828e+00 1.9639352704e+00
7.8400000000e+00 -2.6707135449e+02 1.6845947031e-13 1.8881311338e+00 1.9628801875e+00
7.8500000000e+00 -2.6706344875e+02 1.7049570317e-13 1.7618680610e+00 1.9624523099e+00
7.8600000000e+00 -2.6705724365e+02 1.6642194997e-13 1.6414790228e+00 1.9626622044e+00
7.8700000000e+00 -2.6705799168e+02 1.5341803974e-13 1.5889206178e+00 1.9631734609e+00
7.8800000000e+00 -2.6706034324e+02 1.5678581975e-13 1.6080110239e+00 1.9636816183e+00
7.8900000000e+00 -2.6707086664e+02 1.5568937383e-13 1.6657387581e+00 1.9641024575e+00
7.9000000000e+00 -2.6707288887e+02 1.5190029877e-13 1.6811394422e+00 1.9644628137e+00
7.9100000000e+00 -2.6706119808e+02 1.5355181671e-13 1.6406167150e+00 1.9648041034e+00
7.9200000000e+00 -2.6705872320e+02 1.5195169797e-13 1.6221193815e+00 1.9651170487e+00
7.9300000000e+00 -2.6705551992e+02 1.4678664156e-13 1.6583974316e+00 1.9654240390e+00
7.9400000000e+00 -2.6706097914e+02 1.4510225244e-13 1.7637993821e+00 1.9658291153e+00
7.9500000000e+00 -2.6707448672e+02 1.4542727660e-13 1.8867422339e+00 1.9665081519e+00
7.9600000000e+00 -2.6707728666e+02 1.5217006924e-13 1.9236754895e+00 1.9676990793e+00
7.9700000000e+00 -2.6706786472e+02 1.4795520338e-13 1.8521882455e+00 1.9697357406e+00
7.9800000000e+00 -2.6705452424e+02 1.4517319741e-13 1.7609108564e+00 1.9730678198e+00
7.9900000000e+00 -2.6706453730e+02 1.4657450123e-13 1.7415137403e+00 1.9780384605e+00
8.0000000000e+00 -2.6706650049e+02 1.5065133277e-13 1.7416587114e+00 1.9846189487e+00
8.0100000000e+00 -2.6706425931e+02 1.5291330282e-13 1.7306647169e+00 1.9924619689e+00
8.0200000000e+00 -2.6705671925e+02 1.5937993003e-13 1.7293605921e+00 2.0010679340e+00
8.0300000000e+00 -2.6706111520e+02 1.5206866251e-13 1.7915251690e+00 2.0099647976e+00
8.0400000000e+00 -2.6707096750e+02 1.6415153338e-13 1.8844169881e+00 2.0189372370e+00
8.0500000000e+00 -2.6706955054e+02 1.5599012785e-13 1.9301117794e+00 2.0279149616e+00
8.0600000000e+00 -2.6706800893e+02 1.5158382813e-13 1.9220603853e+00 2.0366913988e+00
8.0700000000e+00 -2.6706347373e+02 1.6340115419e-13 1.8750311635e+00 2.0450242167e+00
8.0800000000e+00 -2.6705931574e+02 1.5522775342e-13 1.8313131833e+00 2.0527191838e+00
8.0900000000e+00 -2.6706096209e+02 1.6155775044e-13 1.8260260618e+00 2.0594951254e+00
8.1000000000e+00 -2.6706102626e+02 1.5306925225e-13 1.8566043765e+00 2.0651485686e+00
8.1100000000e+00 -2.6707199985e+02 1.5779488283e-13 1.9096848321e+00 2.0699110629e+00
8.1200000000e+00 -2.6707560303e+02 1.3978759697e-13 1.9069193537e+00 2.0743622012e+00
8.1300000000e+00 -2.6706486136e+02 1.4237307396e-13 1.8195267601e+00 2.0789978102e+00
8.1400000000e+00 -2.6705163874e+02 1.2715757068e-13 1.7411964336e+00 2.0839157762e+00
8.1500000000e+00 -2.6706951318e+02 1.3313731661e-13 1.7585469092e+00 2.0888914714e+00
8.1600000000e+00 -2.6706891927e+02 1.4013974560e-13 1.7746410491e+00 2.0936616571e+00
8.1700000000e+00 -2.6706244166e+02 1.3948578264e-13 1.7679077645e+00 2.0979469974e+00
8.1800000000e+00 -2.6706328438e+02 1.4187814359e-13 1.7758747642e+00 2.1013804955e+00
8.1900000000e+00 -2.6706368616e+02 1.4453129632e-13 1.7933930337e+00 2.1036321710e+00
8.2000000000e+00 -2.6706627021e+02 1.4571329324e-13 1.8133061878e+00 2.1045923129e+00
8.2100000000e+00 -2.6706487260e+02 1.4465179252e-13 1.8252663715e+00 2.1044152897e+00
8.2200000000e+00 -2.6706315724e+02 1.3819706240e-13 1.8484017914e+00 2.1034335579e+00
8.2300000000e+00 -2.6707625951e+02 1.3546693507e-13 1.8889478663e+00 2.1021013538e+00
8.2400000000e+00 -2.6707486363e+02 1.3554222715e-13 1.8689008003e+00 2.1010952881e+00
8.2500000000e+00 -2.6706426557e+02 1.3551221425e-13 1.8111176261e+00 2.1011698141e+00
8.2600000000e+00 -2.6706778964e+02 1.4466210271e-13 1.7855607418e+00 2.1024140103e+00
8.2700000000e+00 -2.6706476339e+02 1.3099295591e-13 1.7759593032e+00 2.1040833026e+00
8.2800000000e+00 -2.6706542553e+02 1.3590145674e-13 1.7879310557e+00 2.1056420426e+00
8.2900000000e+00 -2.6706404203e+02 1.3678420762e-13 1.8097983995e+00 2.1072878785e+00
8.3000000000e+00 -2.6706696376e+02 1.4117707038e-13 1.8368331874e+00 2.1094951067e+00
8.3100000000e+00 -2.6706822406e+02 1.4115790487e-13 1.8467893861e+00 2.1126263828e+00
8.3200000000e+00 -2.6706047055e+02 1.4174145004e-13 1.8396100493e+00 2.1166941563e+00
8.3300000000e+00 -2.6706153169e+02 1.4474145218e-13 1.8714397989e+00 2.1213815258e+00
8.3400000000e+00 -2.6707090737e+02 1.5096944179e-13 1.9335142394e+00 2.1263785637e+00
8.3500000000e+00 -2.6706893219e+02 1.4809207935e-13 1.9558333991e+00 2.1314615810e+00
8.3600000000e+00 -2.6706551027e+02 1.4233900262e-13 1.9377255044e+00 2.1364553222e+00
8.3700000000e+00 -2.6705994391e+02 1.4431517413e-13 1.9095421070e+00 2.1416303159e+00
8.3800000000e+00 -2.6706192303e+02 1.5296009836e-13 1.9117790917e+00 2.1475826578e+00
8.3900000000e+00 -2.6707108675e+02 1.5042847027e-13 1.9278712280e+00 2.1546531493e+00
8.4000000000e+00 -2.6706848125e+02 1.5526079007e-13 1.8977229001e+00 2.1628142430e+00
8.4100000000e+00 -2.6706294499e+02 1.4247669902e-13 1.8381138792e+00 2.1718550025e+00
8.4200000000e+00 -2.6706295225e+02 1.5101583983e-13 1.7916044801e+00 2.1815009770e+00
8.4300000000e+00 -2.6706245193e+02 1.4604207430e-13 1.7644782526e+00 2.1915596432e+00
8.4400000000e+00 -2.6706669956e+02 1.4145134538e-13 1.7565263251e+00 2.2020289846e+00
8.4500000000e+00 -2.6706838517e+02 1.3748114387e-13 1.7420450188e+00 2.2128389362e+00
8.4600000000e+00 -2.6706690151e+02 1.3081937439e-13 1.7130382368e+00 2.2234914573e+00
8.4700000000e+00 -2.6706645979e+02 1.4084236956e-13 1.6797982019e+00 2.2333172162e+00
8.4800000000e+00 -2.6705741780e+02 1.4562033190e-13 1.6587065952e+00 2.2419143628e+00
8.4900000000e+00 -2.6705995106e+02 1.3671400331e-13 1.7041446530e+00 2.2491998984e+00
8.5000000000e+00 -2.6706682452e+02 1.4434543211e-13 1.7994489268e+00 2.2553838693e+00
8.5100000000e+00 -2.6707367012e+02 1.4393303987e-13 1.8815836598e+00 2.2607856122e+00
8.5200000000e+00 -2.6707320447e+02 1.4874523465e-13 1.8958776995e+00 2.2655048178e+00
8.5300000000e+00 -2.6706838587e+02 1.4420156020e-13 1.8477115195e+00 2.2692159802e+00
8.5400000000e+00 -2.6706438359e+02 1.4608105135e-13 1.7848508575e+00 2.2714256706e+00
8.5500000000e+00 -2.6705923757e+02 1.4152186696e-13 1.7552063140e+00 2.2720980814e+00
8.5600000000e+00 -2.6706906879e+02 1.4115004583e-13 1.7863960849e+00 2.2718857028e+00
8.5700000000e+00 -2.6707232456e+02 1.4342515576e-13 1.8113188034e+00 2.2715544723e+00
8.5800000000e+00 -2.6706827334e+02 1.3753750046e-13 1.7933773759e+00 2.2715836674e+00
8.5900000000e+00 -2.6706643924e+02 1.3879195499e-13 1.7570569734e+00 2.2722871533e+00
8.6000000000e+00 -2.6706519819e+02 1.4416702326e-13 1.7250832814e+00 2.2739890534e+00
8.6100000000e+00 -2.6706642837e+02 1.3847752639e-13 1.7113993305e+00 2.2769171692e+00
8.6200000000e+00 -2.6706853688e+02 1.4484160374e-13 1.7163485910e+00 2.2809441304e+00
8.6300000000e+00 -2.6707502276e+02 1.4735240349e-13 1.7225575450e+00 2.2855840738e+00
8.6400000000e+00 -2.6706670155e+02 1.3948714128e-13 1.7002581087e+00 2.2901318503e+00
8.6500000000e+00 -2.6705859210e+02 1.3173726019e-13 1.7021956332e+00 2.2935973779e+00
8.6600000000e+00 -2.6706411468e+02 1.3559841524e-13 1.7801781364e+00 2.2950689854e+00
8.6700000000e+00 -2.6707449221e+02 1.2376481313e-13 1.8834792543e+00 2.2944050179e+00
8.6800000000e+00 -2.6706887786e+02 1.2542022074e-13 1.9321256044e+00 2.2920435855e+00
8.6900000000e+00 -2.6706484961e+02 1.1734308970e-13 1.9530393773e+00 2.2883709170e+00
8.7000000000e+00 -2.6707511700e+02 1.1885771024e-13 1.9665027421e+00 2.2836154180e+00
8.7100000000e+00 -2.6707231596e+02 1.1725610896e-13 1.9143888758e+00 2.2781186862e+00
8.7200000000e+00 -2.6705598362e+02 1.2823926897e-13 1.8262266944e+00 2.2725277080e+00
8.7300000000e+00 -2.6705637698e+02 1.2466736809e-13 1.8128657692e+00 2.2676358657e+00
8.7400000000e+00 -2.6706562724e+02 1.3138592422e-13 1.8752214094e+00 2.2640542625e+00
8.7500000000e+00 -2.6707445338e+02 1.3286749146e-13 1.9322561270e+00 2.2619915912e+00
8.7600000000e+00 -2.6707792058e+02 1.3450424110e-13 1.9104607204e+00 2.2611064295e+00
8.7700000000e+00 -2.6706547185e+02 1.1795501814e-13 1.8051724203e+00 2.2605795977e+00
8.7800000000e+00 -2.6706273756e+02 1.1903309888e-13 1.7214706049e+00 2.2596196528e+00
8.7900000000e+00 -2.6707109511e+02 1.2940553073e-13 1.6926046544e+00 2.2580570867e+00
8.8000000000e+00 -2.6706353740e+02 1.2034039177e-13 1.6702950284e+00 2.2563272623e+00
8.8100000000e+00 -2.6705824003e+02 1.2315892968e-13 1.6951244246e+00 2.2549726178e+00
8.8200000000e+00 -2.6706502077e+02 1.1769013419e-13 1.7907622713e+00 2.2543504450e+00
8.8300000000e+00 -2.6707275860e+02 1.1904469599e-13 1.8912548249e+00 2.2546134368e+00
8.8400000000e+00 -2.6707566987e+02 1.1923371449e-13 1.9206105046e+00 2.2556059449e+00
8.8500000000e+00 -2.6706278799e+02 1.2828606632e-13 1.8617241160e+00 2.2568347473e+00
8.8600000000e+00 -2.6705638635e+02 1.1932202983e-13 1.8052829623e+00 2.2576987121e+00
8.8700000000e+00 -2.6705720427e+02 1.2802514316e-13 1.8113411674e+00 2.2578423523e+00
8.8800000000e+00 -2.6706120201e+02 1.2073065572e-13 1.8749491355e+00 2.2573885156e+00
8.8900000000e+00 -2.6707145419e+02 1.1239521218e-13 1.9518500433e+00 2.2568157503e+00
8.9000000000e+00 -2.6707487171e+02 1.1085119626e-13 1.9642327662e+00 2.2566368131e+00
8.9100000000e+00 -2.6706942490e+02 1.1230634403e-13 1.8870203652e+00 2.2571439955e+00
8.9200000000e+00 -2.6706030444e+02 1.0963563390e-13 1.7757006779e+00 2.2583106366e+00
8.9300000000e+00 -2.6706077016e+02 1.1156857603e-13 1.7107095678e+00 2.2600147778e+00
8.9400000000e+00 -2.6706615713e+02 1.0478746960e-13 1.6993467395e+00 2.2623879636e+00
8.9500000000e+00 -2.6706260020e+02 1.0407119539e-13 1.7101465627e+00 2.2657964638e+00
8.9600000000e+00 -2.6706376982e+02 1.0998494871e-13 1.7563988843e+00 2.2706618593e+00
8.9700000000e+00 -2.6707251932e+02 1.0486882288e-13 1.8199171323e+00 2.2772746330e+00
8.9800000000e+00 -2.6707249531e+02 1.0880757731e-13 1.8366723210e+00 2.2855044705e+00
8.9900000000e+00 -2.6706461687e+02 1.0420093703e-13 1.8036106065e+00 2.2946215190e+00
9.0000000000e+00 -2.6706509799e+02 1.0762230798e-13 1.7718962730e+00 2.3035976457e+00
9.0100000000e+00 -2.6706231320e+02 1.0392276114e-13 1.7494811424e+00 2.3117055219e+00
9.0200000000e+00 -2.6706139376e+02 1.1724478174e-13 1.7627062243e+00 2.3188450219e+00
9.0300000000e+00 -2.6707301931e+02 1.1661605094e-13 1.8009106271e+00 2.3253287002e+00
9.0400000000e+00 -2.6706722411e+02 1.0959250985e-13 1.7845866622e+00 2.3312854213e+00
9.0500000000e+00 -2.6705495555e+02 1.1531343083e-13 1.7551321450e+00 2.3362459328e+00
9.0600000000e+00 -2.6706292042e+02 1.1847905625e-13 1.7950673526e+00 2.3394746074e+00
9.0700000000e+00 -2.6706633438e+02 1.1872541475e-13 1.8613840631e+00 2.3406711206e+00
9.0800000000e+00 -2.6706497314e+02 1.1862882380e-13 1.9129601742e+00 2.3400923087e+00
9.0900000000e+00 -2.6706907311e+02 1.2086086922e-13 1.9427636300e+00 2.3384039425e+00
9.1000000000e+00 -2.6706772490e+02 1.2372413256e-13 1.9219479932e+00 2.3364885650e+00
9.1100000000e+00 -2.6705925616e+02 1.1957390609e-13 1.8627533604e+00 2.3351030994e+00
9.1200000000e+00 -2.6705801141e+02 1.1734232814e-13 1.8245420812e+00 2.3346847806e+00
9.1300000000e+00 -2.6706401945e+02 1.1220109652e-13 1.8184821059e+00 2.3353526376e+00
9.1400000000e+00 -2.6706479973e+02 1.2203851059e-13 1.8065273772e+00 2.3369152356e+00
9.1500000000e+00 -2.6706332131e+02 1.1858533221e-13 1.7812421508e+00 2.3389738082e+00
9.1600000000e+00 -2.6706233093e+02 1.1634612897e-13 1.7596196491e+00 2.3410697185e+00
9.1700000000e+00 -2.6706201931e+02 1.1407232616e-13 1.7584876303e+00 2.3427862558e+00
9.1800000000e+00 -2.6706623307e+02 1.0371647700e-13 1.7793773189e+00 2.3440343286e+00
9.1900000000e+00 -2.6706711821e+02 1.1008694415e-13 1.7922574771e+00 2.3451330624e+00
9.2000000000e+00 -2.6705933871e+02 1.0097185438e-13 1.7957959394e+00 2.3464131266e+00
9.2100000000e+00 -2.6706370147e+02 9.9269786377e-14 1.8317341648e+00 2.3479578864e+00
9.2200000000e+00 -2.6707065381e+02 1.0170448876e-13 1.8686862905e+00 2.3497215576e+00
9.2300000000e+00 -2.6706986570e+02 9.9297972225e-14 1.8558371135e+00 2.3517939191e+00
9.2400000000e+00 -2.6706624975e+02 9.4917190330e-14 1.7995556920e+00 2.3544213317e+00
9.2500000000e+00 -2.6706618967e+02 9.0410898002e-14 1.7329174298e+00 2.3578284846e+00
9.2600000000e+00 -2.6706741221e+02 9.1785805367e-14 1.6660286328e+00 2.3620416232e+00
9.2700000000e+00 -2.6705366505e+02 9.3093004356e-14 1.6275757387e+00 2.3668788248e+00
9.2800000000e+00 -2.6707512878e+02 9.4732598396e-14 1.6840184267e+00 2.3722622408e+00
9.2900000000e+00 -2.6707089124e+02 8.6025253334e-14 1.7169673630e+00 2.3783376142e+00
9.3000000000e+00 -2.6706126601e+02 8.4001620249e-14 1.7287732822e+00 2.3851234410e+00
9.3100000000e+00 -2.6706544391e+02 8.0352559187e-14 1.7814781002e+00 2.3925122538e+00
9.3200000000e+00 -2.6706975954e+02 7.7215836768e-14 1.8500057155e+00 2.4003487737e+00
9.3300000000e+00 -2.6706675758e+02 7.1157782857e-14 1.8959845454e+00 2.4083046479e+00
9.3400000000e+00 -2.6706830076e+02 7.5297781830e-14 1.9268715851e+00 2.4160229868e+00
9.3500000000e+00 -2.6707471080e+02 7.2603153323e-14 1.9266316628e+00 2.4233307576e+00
9.3600000000e+00 -2.6706634939e+02 7.5276907686e-14 1.8626104011e+00 2.4301344720e+00
9.3700000000e+00 -2.6705128182e+02 7.1787106838e-14 1.8188407035e+00 2.4363717387e+00
9.3800000000e+00 -2.6706691970e+02 6.5486055963e-14 1.8856615982e+00 2.4419722623e+00
9.3900000000e+00 -2.6707599258e+02 7.5926694853e-14 1.9556285474e+00 2.4467328856e+00
9.4000000000e+00 -2.6707558096e+02 7.6863122215e-14 1.9348525794e+00 2.4506050680e+00
9.4100000000e+00 -2.6706338392e+02 8.0787779715e-14 1.8267326528e+00 2.4537560322e+00
9.4200000000e+00 -2.6705383803e+02 8.3967694758e-14 1.7340902169e+00 2.4563792375e+00
9.4300000000e+00 -2.6706340859e+02 8.0273117084e-14 1.7358665906e+00 2.4587119446e+00
9.4400000000e+00 -2.6707822325e+02 8.1409653574e-14 1.7705494828e+00 2.4611910103e+00
9.4500000000e+00 -2.6707168486e+02 7.4656554968e-14 1.7383522720e+00 2.4643970012e+00
9.4600000000e+00 -2.6705503286e+02 7.6526345093e-14 1.6915393094e+00 2.4690207341e+00
9.4700000000e+00 -2.6706342410e+02 7.6282340614e-14 1.7411711109e+00 2.4756591547e+00
9.4800000000e+00 -2.6707730643e+02 8.6386910534e-14 1.8266059985e+00 2.4841291771e+00
9.4900000000e+00 -2.6707303134e+02 8.7799995394e-14 1.8341232012e+00 2.4932152231e+00
9.5000000000e+00 -2.6705463970e+02 8.9042091182e-14 1.7976065789e+00 2.5010634394e+00
9.5100000000e+00 -2.6706719593e+02 8.3830979337e-14 1.8207370544e+00 2.5064129685e+00
9.5200000000e+00 -2.6706519803e+02 8.3804481286e-14 1.8386815858e+00 2.5097684071e+00
9.5300000000e+00 -2.6706218408e+02 8.9286390882e-14 1.8406197936e+00 2.5121274936e+00
9.5400000000e+00 -2.6706653900e+02 8.7973883499e-14 1.8390170082e+00 2.5139814352e+00
9.5500000000e+00 -2.6706348536e+02 8.6794343302e-14 1.8098393589e+00 2.5152014002e+00
9.5600000000e+00 -2.6706075694e+02 9.0196721447e-14 1.7707975713e+00 2.5152758580e+00
9.5700000000e+00 -2.6706374869e+02 8.9678552592e-14 1.7424549018e+00 2.5138768222e+00
9.5800000000e+00 -2.6706246321e+02 9.0547179003e-14 1.7152174522e+00 2.5112557116e+00
9.5900000000e+00 -2.6705735925e+02 9.0847725945e-14 1.7041562073e+00 2.5080492277e+00
9.6000000000e+00 -2.6705780961e+02 9.3812794476e-14 1.7495445907e+00 2.5048912864e+00
9.6100000000e+00 -2.6706902350e+02 9.4982533100e-14 1.8384133067e+00 2.5022831773e+00
9.6200000000e+00 -2.6707245455e+02 9.6335280800e-14 1.8879468034e+00 2.5006554124e+00
9.6300000000e+00 -2.6706745706e+02 9.2942366260e-14 1.8623876069e+00 2.5004416422e+00
9.6400000000e+00 -2.6706368329e+02 8.1386731186e-14 1.7960881900e+00 2.5020315142e+00
9.6500000000e+00 -2.6706637931e+02 8.3001372436e-14 1.7214144563e+00 2.5054825172e+00
9.6600000000e+00 -2.6706315974e+02 8.5532332492e-14 1.6373270551e+00 2.5101736793e+00
9.6700000000e+00 -2.6705831270e+02 9.5734850716e-14 1.5787921682e+00 2.5148956083e+00
9.6800000000e+00 -2.6706374952e+02 9.4240773734e-14 1.5829271197e+00 2.5186040896e+00
9.6900000000e+00 -2.6706110938e+02 9.0267588342e-14 1.6308939852e+00 2.5209521411e+00
9.7000000000e+00 -2.6706878871e+02 8.9813749016e-14 1.7188231589e+00 2.5219862094e+00
9.7100000000e+00 -2.6706787256e+02 9.5861827589e-14 1.7945701084e+00 2.5219036793e+00
9.7200000000e+00 -2.6707294353e+02 9.5683191559e-14 1.8470138645e+00 2.5209744884e+00
9.7300000000e+00 -2.6707407134e+02 1.0798880891e-13 1.8367707655e+00 2.5197830299e+00
9.7400000000e+00 -2.6706045427e+02 1.0936885850e-13 1.7557622927e+00 2.5190710387e+00
9.7500000000e+00 -2.6705286508e+02 1.0100418333e-13 1.6980592319e+00 2.5191846604e+00
9.7600000000e+00 -2.6705530890e+02 1.0371194602e-13 1.7252361051e+00 2.5198810946e+00
9.7700000000e+00 -2.6706094569e+02 1.1432084601e-13 1.8176685751e+00 2.5206960585e+00
9.7800000000e+00 -2.6706557881e+02 1.0090895186e-13 1.9222642108e+00 2.5214161902e+00
9.7900000000e+00 -2.6706849329e+02 1.0840132560e-13 1.9896790356e+00 2.5220759657e+00
9.8000000000e+00 -2.6706834322e+02 9.7885474840e-14 1.9891642243e+00 2.5227891658e+00
9.8100000000e+00 -2.6705959535e+02 9.8088062856e-14 1.9276286392e+00 2.5236417329e+00
9.8200000000e+00 -2.6705424296e+02 9.6043846172e-14 1.8741433425e+00 2.5245684108e+00
9.8300000000e+00 -2.6706102352e+02 9.5440411263e-14 1.8731098488e+00 2.5253992866e+00
9.8400000000e+00 -2.6706028048e+02 8.6988157025e-14 1.8931274951e+00 2.5260300165e+00
9.8500000000e+00 -2.6706153149e+02 8.5689980585e-14 1.9323775856e+00 2.5265499772e+00
9.8600000000e+00 -2.6706732480e+02 8.2587478974e-14 1.9707096288e+00 2.5275003511e+00
9.8700000000e+00 -2.6706546967e+02 9.3049378163e-14 1.9626591412e+00 2.5296363290e+00
9.8800000000e+00 -2.6706078583e+02 8.5845389609e-14 1.9173163490e+00 2.5334131868e+00
9.8900000000e+00 -2.6705786082e+02 8.3648213764e-14 1.8732582779e+00 2.5389622006e+00
9.9000000000e+00 -2.6705778092e+02 7.5991035465e-14 1.8615025332e+00 2.5462519520e+00
9.9100000000e+00 -2.6706456275e+02 7.8751993787e-14 1.8816406496e+00 2.5551695422e+00
9.9200000000e+00 -2.6706835770e+02 8.0131822535e-14 1.8844870171e+00 2.5654624436e+00
9.9300000000e+00 -2.6706444009e+02 7.9401750511e-14 1.8409776385e+00 2.5765324003e+00
9.9400000000e+00 -2.6706096915e+02 7.3523723492e-14 1.7824442556e+00 2.5874099770e+00
9.9500000000e+00 -2.6706611792e+02 7.3746977035e-14 1.7405728848e+00 2.5971776892e+00
9.9600000000e+00 -2.6705998514e+02 7.8030759401e-14 1.7010005697e+00 2.6055023029e+00
9.9700000000e+00 -2.6705490212e+02 7.3438735523e-14 1.7142673444e+00 2.6126562678e+00
9.9800000000e+00 -2.6707118894e+02 8.8272156376e-14 1.7963485379e+00 2.6187920909e+00
9.9900000000e+00 -2.6707133692e+02 8.8546045961e-14 1.8345795189e+00 2.6234905087e+00
