0.0000000000e+00 7.5121139965e-317 2.2681960922e-318 6.2746337022e-322
1.0000000000e-02 1.7790661508e+04 1.5128364585e-13 2.3721066279e+03
2.0000000000e-02 1.7790660853e+04 1.5128364585e-13 2.3721066279e+03
3.0000000000e-02 1.7790659755e+04 1.5128364585e-13 2.3721066279e+03
4.0000000000e-02 1.7790658192e+04 1.5128364585e-13 2.3721066279e+03
5.0000000000e-02 1.7790656134e+04 1.5128364585e-13 2.3721066279e+03
6.0000000000e-02 1.7790653539e+04 1.5128364585e-13 2.3721066279e+03
7.0000000000e-02 1.7790650348e+04 1.5128364585e-13 2.3721066279e+03
8.0000000000e-02 1.7790646487e+04 1.5128364585e-13 2.3721066279e+03
9.0000000000e-02 1.7790641856e+04 1.5128364585e-13 2.3721066279e+03
1.0000000000e-01 1.7790636327e+04 1.5128364585e-13 2.3721066279e+03
1.1000000000e-01 1.7790629731e+04 1.5128364585e-13 2.3721066279e+03
1.2000000000e-01 1.7790621843e+04 1.5128364585e-13 2.3721066279e+03
1.3000000000e-01 1.7790612361e+04 1.5128364585e-13 2.3721066279e+03
1.4000000000e-01 1.7790600870e+04 1.5128364585e-13 2.3721066279e+03
1.5000000000e-01 1.7790586791e+04 1.5128364585e-13 2.3721066279e+03
1.6000000000e-01 1.7790569278e+04 1.5128364585e-13 2.3721066279e+03
1.7000000000e-01 1.7790547069e+04 1.5128364585e-13 2.3721066279e+03
1.8000000000e-01 1.7790518183e+04 1.5128364585e-13 2.3721066279e+03
1.9000000000e-01 1.7790489181e+04 1.5128364585e-13 2.3721079346e+03
2.0000000000e-01 1.7790452787e+04 1.5128364585e-13 2.3721103175e+03
2.1000000000e-01 1.7790413682e+04 1.6136491331e-13 2.3721157121e+03
2.2000000000e-01 1.7790372457e+04 1.6416505117e-13 2.3721265584e+03
2.3000000000e-01 1.7790332003e+04 1.4581206404e-13 2.3721473618e+03
2.4000000000e-01 1.7790288063e+04 1.6766613931e-13 2.3721837754e+03
2.5000000000e-01 1.7790239055e+04 1.5779519285e-13 2.3722408232e+03
2.6000000000e-01 1.7790190464e+04 1.3437354783e-13 2.3723101213e+03
2.7000000000e-01 1.7790147208e+04 1.7822219929e-13 2.3723554075e+03
2.8000000000e-01 1.7790101134e+04 1.4781443067e-13 2.3723713553e+03
2.9000000000e-01 1.7790054072e+04 1.2753336648e-13 2.3724092568e+03
3.0000000000e-01 1.7789999699e+04 1.2112045049e-13 2.3721112701e+03
3.1000000000e-01 1.7789964328e+04 1.6007937943e-13 2.3709715768e+03
3.2000000000e-01 1.7789917587e+04 1.1431556613e-13 2.3711526326e+03
3.3000000000e-01 1.7789863926e+04 1.6091360731e-13 2.3723035810e+03
3.4000000000e-01 1.7789825694e+04 2.1442045892e-13 2.3724875490e+03
3.5000000000e-01 1.7789785866e+04 1.8343616248e-13 2.3723691841e+03
3.6000000000e-01 1.7789744321e+04 1.9573359642e-13 2.3724821079e+03
3.7000000000e-01 1.7789704336e+04 1.8810618701e-13 2.3726633666e+03
3.8000000000e-01 1.7789667353e+04 1.7933714220e-13 2.3727014191e+03
3.9000000000e-01 1.7789627546e+04 1.5693270728e-13 2.3726149667e+03
4.0000000000e-01 1.7789581919e+04 2.0687727533e-13 2.3724937894e+03
4.1000000000e-01 1.7789527914e+04 2.1381778753e-13 2.3724470512e+03
4.2000000000e-01 1.7789471263e+04 1.7645703845e-13 2.3725120010e+03
4.3000000000e-01 1.7789419097e+04 2.2723765039e-13 2.3726126058e+03
4.4000000000e-01 1.7789364353e+04 2.7226141327e-13 2.3726664705e+03
4.5000000000e-01 1.7789303447e+04 2.5699807136e-13 2.3725532447e+03
4.6000000000e-01 1.7789241752e+04 2.8118024068e-13 2.3717793116e+03
4.7000000000e-01 1.7789213988e+04 3.0119637706e-13 2.3698108950e+03
4.8000000000e-01 1.7789154136e+04 3.3826470650e-13 2.3702386747e+03
4.9000000000e-01 1.7789095607e+04 4.3800471663e-13 2.3721869094e+03
5.0000000000e-01 1.7789016302e+04 4.6367147851e-13 2.3723179512e+03
5.1000000000e-01 1.7788955489e+04 4.6522114518e-13 2.3643356399e+03
5.2000000000e-01 1.7788796652e+04 5.3541802981e-13 2.3684051037e+03
5.3000000000e-01 1.7788879677e+04 6.5274491412e-13 2.3720576695e+03
5.4000000000e-01 1.7788845614e+04 6.5040789261e-13 2.3714223629e+03
5.5000000000e-01 1.7788785490e+04 6.6821682951e-13 2.3715884756e+03
5.6000000000e-01 1.7788724110e+04 7.0276140142e-13 2.3722679948e+03
5.7000000000e-01 1.7788664325e+04 7.1576037552e-13 2.3722309695e+03
5.8000000000e-01 1.7788600734e+04 7.7390175481e-13 2.3718963033e+03
5.9000000000e-01 1.7788515730e+04 7.9553492017e-13 2.3721979274e+03
6.0000000000e-01 1.7788429084e+04 7.5306768669e-13 2.3723506409e+03
6.1000000000e-01 1.7788339282e+04 7.9984844560e-13 2.3720388538e+03
6.2000000000e-01 1.7788244147e+04 8.7100231763e-13 2.3715873528e+03
6.3000000000e-01 1.7788153777e+04 8.7737116098e-13 2.3707118360e+03
6.4000000000e-01 1.7788052934e+04 8.4974446497e-13 2.3706410077e+03
6.5000000000e-01 1.7787935213e+04 8.6949906970e-13 2.3711501244e+03
6.6000000000e-01 1.7787835641e+04 9.6081446923e-13 2.3708787425e+03
6.7000000000e-01 1.7787712021e+04 9.4536998145e-13 2.3716617021e+03
6.8000000000e-01 1.7787594290e+04 1.0311990370e-12 2.3727342443e+03
6.9000000000e-01 1.7787469616e+04 1.0197639534e-12 2.3732267526e+03
7.0000000000e-01 1.7787316629e+04 1.0298291557e-12 2.3727548793e+03
7.1000000000e-01 1.7787170495e+04 1.0008933874e-12 2.3669143130e+03
7.2000000000e-01 1.7787121845e+04 1.0566354917e-12 2.3634815412e+03
7.3000000000e-01 1.7786915218e+04 1.1112071041e-12 2.3712531861e+03
7.4000000000e-01 1.7786843022e+04 1.1406315165e-12 2.3731286150e+03
7.5000000000e-01 1.7786726219e+04 1.1813954703e-12 2.3723273815e+03
7.6000000000e-01 1.7786612341e+04 1.2641863762e-12 2.3706250549e+03
7.7000000000e-01 1.7786487745e+04 1.2143507160e-12 2.3697180509e+03
7.8000000000e-01 1.7786343591e+04 1.3008669300e-12 2.3706465824e+03
7.9000000000e-01 1.7786202470e+04 1.2592062185e-12 2.3718138285e+03
8.0000000000e-01 1.7786064483e+04 1.3078421484e-12 2.3722469000e+03
8.1000000000e-01 1.7785922315e+04 1.4294364441e-12 2.3724084141e+03
8.2000000000e-01 1.7785776188e+04 1.4364559544e-12 2.3726608711e+03
8.3000000000e-01 1.7785623729e+04 1.4411307739e-12 2.3728799327e+03
8.4000000000e-01 1.7785463829e+04 1.5660232468e-12 2.3729311422e+03
8.5000000000e-01 1.7785295238e+04 1.5897731056e-12 2.3726465348e+03
8.6000000000e-01 1.7785116095e+04 1.6135564912e-12 2.3713683428e+03
8.7000000000e-01 1.7784970992e+04 1.6027090932e-12 2.3695434721e+03
8.8000000000e-01 1.7784769408e+04 1.6670926243e-12 2.3710208883e+03
8.9000000000e-01 1.7784589498e+04 1.7278928341e-12 2.3724601892e+03
9.0000000000e-01 1.7784409796e+04 1.7134202671e-12 2.3728167946e+03
9.1000000000e-01 1.7784226170e+04 1.7321778512e-12 2.3728344232e+03
9.2000000000e-01 1.7784032439e+04 1.8229281861e-12 2.3726293284e+03
9.3000000000e-01 1.7783825769e+04 1.9122807113e-12 2.3718158611e+03
9.4000000000e-01 1.7783631610e+04 1.9519694905e-12 2.3701690528e+03
9.5000000000e-01 1.7783420983e+04 1.9044071072e-12 2.3700260439e+03
9.6000000000e-01 1.7783194946e+04 2.0028256694e-12 2.3709223268e+03
9.7000000000e-01 1.7782985662e+04 1.9746022006e-12 2.3709111250e+03
9.8000000000e-01 1.7782774920e+04 1.9767633209e-12 2.3711795394e+03
9.9000000000e-01 1.7782540034e+04 1.9337269559e-12 2.3715496774e+03
