0.0000000000e+00 1.0306591678e+02 4.7478262859e-15 1.4117860330e+00 0.0000000000e+00
1.0000000000e-02 1.0306587509e+02 7.9248487263e-15 1.4118126164e+00 4.2353843998e-04
2.0000000000e-02 1.0306587513e+02 1.9544660652e-15 1.4118898263e+00 1.6941850306e-03
3.0000000000e-02 1.0306587521e+02 2.6694548025e-15 1.4120177529e+00 3.8120319666e-03
4.0000000000e-02 1.0306587531e+02 6.8747955864e-15 1.4121975843e+00 6.7772329205e-03
5.0000000000e-02 1.0306587546e+02 5.8585677481e-15 1.4124310757e+00 1.0590005234e-02
6.0000000000e-02 1.0306587565e+02 5.5888052279e-15 1.4127205922e+00 1.5250633157e-02
7.0000000000e-02 1.0306587589e+02 9.1404909236e-15 1.4130691752e+00 2.0759472253e-02
8.0000000000e-02 1.0306587618e+02 9.7517310093e-15 1.4134806340e+00 2.7116955130e-02
9.0000000000e-02 1.0306587653e+02 5.2677505505e-15 1.4139596694e+00 3.4323598744e-02
1.0000000000e-01 1.0306587697e+02 9.5825722849e-15 1.4145120358e+00 4.2380013596e-02
1.1000000000e-01 1.0306587750e+02 6.9558180436e-15 1.4151447517e+00 5.1286915245e-02
1.2000000000e-01 1.0306587815e+02 7.2969224857e-15 1.4158663705e+00 6.1045138724e-02
1.3000000000e-01 1.0306587893e+02 9.9126713905e-15 1.4166873245e+00 7.1655656569e-02
1.4000000000e-01 1.0306587990e+02 1.0992331514e-14 1.4176203602e+00 8.3119601442e-02
1.5000000000e-01 1.0306588108e+02 1.0437836200e-14 1.4186810785e+00 9.5438294513e-02
1.6000000000e-01 1.0306588252e+02 1.0992119074e-14 1.4198885891e+00 1.0861328108e-01
1.7000000000e-01 1.0306588427e+02 8.7623285113e-15 1.4212662673e+00 1.2264637505e-01
1.8000000000e-01 1.0306588637e+02 1.1767816322e-14 1.4228425442e+00 1.3753971404e-01
1.9000000000e-01 1.0306588882e+02 9.1704590896e-15 1.4246515318e+00 1.5329582594e-01
2.0000000000e-01 1.0306589151e+02 1.0335255946e-14 1.4267329900e+00 1.6991770588e-01
2.1000000000e-01 1.0306589405e+02 1.1070726882e-14 1.4291304405e+00 1.8740889652e-01
2.2000000000e-01 1.0306589543e+02 1.4533232924e-14 1.4318846637e+00 2.0577354959e-01
2.3000000000e-01 1.0306589308e+02 1.5358843139e-14 1.4350161255e+00 2.2501641180e-01
2.4000000000e-01 1.0306588091e+02 1.5907167212e-14 1.4384812745e+00 2.4514259340e-01
2.5000000000e-01 1.0306584453e+02 1.2391613428e-14 1.4420676191e+00 2.6615677594e-01
2.6000000000e-01 1.0306575125e+02 1.3156611282e-14 1.4451484035e+00 2.8806103008e-01
2.7000000000e-01 1.0306553448e+02 1.4662012533e-14 1.4461399175e+00 3.1084926680e-01
2.8000000000e-01 1.0306510678e+02 1.1165954577e-14 1.4414964370e+00 3.3449386197e-01
2.9000000000e-01 1.0306460254e+02 1.3655968856e-14 1.4249741322e+00 3.5891626770e-01
3.0000000000e-01 1.0306509588e+02 1.7722865535e-14 1.3925441338e+00 3.8393749821e-01
3.1000000000e-01 1.0306716331e+02 2.4430402828e-14 1.3617756492e+00 4.0925640549e-01
3.2000000000e-01 1.0306679061e+02 2.3205690503e-14 1.3703750960e+00 4.3460420122e-01
3.3000000000e-01 1.0306483491e+02 1.9750809150e-14 1.4122674382e+00 4.6002429627e-01
3.4000000000e-01 1.0306466139e+02 2.1469130609e-14 1.4496461483e+00 4.8582824481e-01
3.5000000000e-01 1.0306517304e+02 2.3649811846e-14 1.4707778592e+00 5.1230837916e-01
3.6000000000e-01 1.0306551309e+02 2.5273003371e-14 1.4808167618e+00 5.3962745351e-01
3.7000000000e-01 1.0306562477e+02 2.4302237415e-14 1.4848522217e+00 5.6785222759e-01
3.8000000000e-01 1.0306559864e+02 2.3035610350e-14 1.4848031628e+00 5.9699464614e-01
3.9000000000e-01 1.0306554070e+02 2.0485984046e-14 1.4805577570e+00 6.2702898262e-01
4.0000000000e-01 1.0306561399e+02 1.8977716259e-14 1.4719821702e+00 6.5789351555e-01
4.1000000000e-01 1.0306593099e+02 2.0144678611e-14 1.4618360340e+00 6.8949295731e-01
4.2000000000e-01 1.0306618836e+02 1.8926372136e-14 1.4569807759e+00 7.2172233533e-01
4.3000000000e-01 1.0306592114e+02 1.9817349792e-14 1.4623525321e+00 7.5451649403e-01
4.4000000000e-01 1.0306537793e+02 2.0100446246e-14 1.4733306431e+00 7.8788073697e-01
4.5000000000e-01 1.0306505344e+02 1.9936329755e-14 1.4798968300e+00 8.2185544717e-01
4.6000000000e-01 1.0306506771e+02 2.3165016912e-14 1.4757723106e+00 8.5644594972e-01
4.7000000000e-01 1.0306540364e+02 2.4156812148e-14 1.4617319769e+00 8.9158030102e-01
4.8000000000e-01 1.0306588865e+02 2.0278216707e-14 1.4451685230e+00 9.2711910847e-01
4.9000000000e-01 1.0306608804e+02 2.1062847573e-14 1.4359954057e+00 9.6291219491e-01
5.0000000000e-01 1.0306582877e+02 2.1997077297e-14 1.4385786009e+00 9.9886876920e-01
5.1000000000e-01 1.0306543391e+02 2.4669855264e-14 1.4485996405e+00 1.0349840155e+00
5.2000000000e-01 1.0306514092e+02 2.1639454347e-14 1.4584729098e+00 1.0713021566e+00
5.3000000000e-01 1.0306510994e+02 2.4472801033e-14 1.4625221659e+00 1.1078551880e+00
5.4000000000e-01 1.0306562900e+02 2.3325518891e-14 1.4609444977e+00 1.1446228305e+00
5.5000000000e-01 1.0306619456e+02 2.4508786210e-14 1.4634141697e+00 1.1815562831e+00
5.6000000000e-01 1.0306589162e+02 2.6605539856e-14 1.4789700058e+00 1.2186807432e+00
5.7000000000e-01 1.0306534827e+02 2.9976021665e-14 1.5016709157e+00 1.2561645521e+00
5.8000000000e-01 1.0306527192e+02 2.2884871846e-14 1.5201328138e+00 1.2942463067e+00
5.9000000000e-01 1.0306546088e+02 2.4266184041e-14 1.5304696316e+00 1.3331226593e+00
6.0000000000e-01 1.0306564836e+02 2.3948156590e-14 1.5345098502e+00 1.3729114304e+00
6.1000000000e-01 1.0306576414e+02 1.8946794338e-14 1.5349733903e+00 1.4136698780e+00
6.2000000000e-01 1.0306582122e+02 2.0109752547e-14 1.5337106719e+00 1.4554208649e+00
6.3000000000e-01 1.0306584323e+02 2.3144888387e-14 1.5316736653e+00 1.4981703684e+00
6.4000000000e-01 1.0306584819e+02 2.0541526298e-14 1.5292512502e+00 1.5419167411e+00
6.5000000000e-01 1.0306584888e+02 2.2010713968e-14 1.5265678262e+00 1.5866550778e+00
6.6000000000e-01 1.0306585577e+02 2.6424240930e-14 1.5237079311e+00 1.6323791033e+00
6.7000000000e-01 1.0306587224e+02 2.4598143025e-14 1.5208788173e+00 1.6790819069e+00
6.8000000000e-01 1.0306589358e+02 1.8765396679e-14 1.5184730769e+00 1.7267561240e+00
6.9000000000e-01 1.0306590591e+02 2.7124000474e-14 1.5169616357e+00 1.7753936890e+00
7.0000000000e-01 1.0306589368e+02 2.3533585772e-14 1.5166247536e+00 1.8249850476e+00
7.1000000000e-01 1.0306585826e+02 2.4962001272e-14 1.5172961203e+00 1.8755177527e+00
7.2000000000e-01 1.0306581137e+02 2.2378637476e-14 1.5183456994e+00 1.9269746263e+00
7.3000000000e-01 1.0306576912e+02 2.4101047098e-14 1.5189301912e+00 1.9793319881e+00
7.4000000000e-01 1.0306574298e+02 2.6437531806e-14 1.5183187717e+00 2.0325583807e+00
7.5000000000e-01 1.0306574534e+02 2.6559402980e-14 1.5161528609e+00 2.0866140290e+00
7.6000000000e-01 1.0306578739e+02 2.5979456002e-14 1.5126752879e+00 2.1414516479e+00
7.7000000000e-01 1.0306586582e+02 2.7604395603e-14 1.5089266944e+00 2.1970202626e+00
7.8000000000e-01 1.0306593921e+02 2.7302684439e-14 1.5065953240e+00 2.2532741000e+00
7.9000000000e-01 1.0306594867e+02 3.0319457014e-14 1.5071556604e+00 2.3101858446e+00
8.0000000000e-01 1.0306589032e+02 3.0708054393e-14 1.5107855270e+00 2.3677577679e+00
8.1000000000e-01 1.0306581971e+02 3.0857410204e-14 1.5162770948e+00 2.4260224039e+00
8.2000000000e-01 1.0306578589e+02 2.9098858640e-14 1.5220785440e+00 2.4850318337e+00
8.3000000000e-01 1.0306578888e+02 2.1047732135e-14 1.5272415546e+00 2.5448433771e+00
8.4000000000e-01 1.0306580650e+02 2.0827263149e-14 1.5315403166e+00 2.6055093053e+00
8.5000000000e-01 1.0306582230e+02 2.1815811809e-14 1.5351090901e+00 2.6670723011e+00
8.6000000000e-01 1.0306583153e+02 2.6311583001e-14 1.5381218280e+00 2.7295646646e+00
8.7000000000e-01 1.0306583690e+02 3.1737041300e-14 1.5406812418e+00 2.7930092029e+00
8.8000000000e-01 1.0306584158e+02 2.9656050002e-14 1.5428415258e+00 2.8574207884e+00
8.9000000000e-01 1.0306584728e+02 3.5479573526e-14 1.5446572395e+00 2.9228082167e+00
9.0000000000e-01 1.0306585340e+02 3.5194244994e-14 1.5462088382e+00 2.9891761435e+00
9.1000000000e-01 1.0306586053e+02 3.6020022154e-14 1.5476010198e+00 3.0565268673e+00
9.2000000000e-01 1.0306586723e+02 3.1575062925e-14 1.5489505137e+00 3.1248617554e+00
9.3000000000e-01 1.0306587257e+02 3.7330248338e-14 1.5503717549e+00 3.1941822352e+00
9.4000000000e-01 1.0306587504e+02 4.1987718891e-14 1.5519599777e+00 3.2644902418e+00
9.5000000000e-01 1.0306587197e+02 3.7768149014e-14 1.5537664262e+00 3.3357880137e+00
9.6000000000e-01 1.0306586011e+02 4.1342654276e-14 1.5557564878e+00 3.4080770028e+00
9.7000000000e-01 1.0306583358e+02 4.1345784641e-14 1.5577437020e+00 3.4813554842e+00
9.8000000000e-01 1.0306578686e+02 4.4254470178e-14 1.5593007348e+00 3.5556142011e+00
9.9000000000e-01 1.0306571654e+02 4.1594117045e-14 1.5596713707e+00 3.6308291226e+00
1.0000000000e+00 1.0306563526e+02 4.7891423345e-14 1.5577747130e+00 3.7069504732e+00
1.0100000000e+00 1.0306559392e+02 5.3307471538e-14 1.5525372084e+00 3.7838886284e+00
1.0200000000e+00 1.0306568535e+02 4.8375316875e-14 1.5439223597e+00 3.8615024921e+00
1.0300000000e+00 1.0306593894e+02 5.0607640465e-14 1.5345155885e+00 3.9396057859e+00
1.0400000000e+00 1.0306614749e+02 4.4777683990e-14 1.5295940331e+00 4.0180118891e+00
1.0500000000e+00 1.0306605652e+02 4.3706281104e-14 1.5331790755e+00 4.0966113555e+00
1.0600000000e+00 1.0306577596e+02 4.3907039765e-14 1.5437497014e+00 4.1754222297e+00
1.0700000000e+00 1.0306556171e+02 4.0595316661e-14 1.5559782883e+00 4.2545593819e+00
1.0800000000e+00 1.0306548177e+02 4.5743883251e-14 1.5653212902e+00 4.3341551695e+00
1.0900000000e+00 1.0306549133e+02 4.4476038759e-14 1.5697327955e+00 4.4142989215e+00
1.1000000000e+00 1.0306555949e+02 4.3572399587e-14 1.5691376960e+00 4.4950178611e+00
1.1100000000e+00 1.0306568669e+02 4.2074962614e-14 1.5648683906e+00 4.5762868500e+00
1.1200000000e+00 1.0306587353e+02 4.2194317810e-14 1.5596083945e+00 4.6580532672e+00
1.1300000000e+00 1.0306603814e+02 4.4996915970e-14 1.5571750334e+00 4.7402705401e+00
1.1400000000e+00 1.0306601593e+02 4.2596119375e-14 1.5607360654e+00 4.8229329300e+00
1.1500000000e+00 1.0306578295e+02 4.2754398941e-14 1.5698994807e+00 4.9060927716e+00
1.1600000000e+00 1.0306550961e+02 4.4225494150e-14 1.5803571417e+00 4.9898395899e+00
1.1700000000e+00 1.0306533715e+02 4.8778100596e-14 1.5869519860e+00 5.0742469267e+00
1.1800000000e+00 1.0306532159e+02 4.2447268858e-14 1.5866103503e+00 5.1593167685e+00
1.1900000000e+00 1.0306545784e+02 4.4005185002e-14 1.5796656538e+00 5.2449459930e+00
1.2000000000e+00 1.0306552965e+02 4.8253209899e-14 1.5694563781e+00 5.3309259595e+00
1.2100000000e+00 1.0306523224e+02 5.3477266167e-14 1.5581208160e+00 5.4169662804e+00
1.2200000000e+00 1.0306484887e+02 5.2273115367e-14 1.5419287410e+00 5.5026909526e+00
1.2300000000e+00 1.0306516426e+02 4.7876235939e-14 1.5169496910e+00 5.5875708609e+00
1.2400000000e+00 1.0306609307e+02 5.2980442978e-14 1.4919134073e+00 5.6709149338e+00
1.2500000000e+00 1.0306607564e+02 5.4678117644e-14 1.4841580021e+00 5.7521262063e+00
1.2600000000e+00 1.0306497592e+02 5.7084144122e-14 1.4934248852e+00 5.8310930188e+00
1.2700000000e+00 1.0306480324e+02 5.8002964143e-14 1.5010821770e+00 5.9082028052e+00
1.2800000000e+00 1.0306588391e+02 5.9462782382e-14 1.5038663090e+00 5.9839501403e+00
1.2900000000e+00 1.0306603226e+02 5.7431913253e-14 1.5185443059e+00 6.0587302917e+00
1.3000000000e+00 1.0306520567e+02 5.5496161196e-14 1.5464816181e+00 6.1329741784e+00
1.3100000000e+00 1.0306499023e+02 5.4982835540e-14 1.5712460942e+00 6.2071926006e+00
1.3200000000e+00 1.0306526479e+02 5.1390855500e-14 1.5847811890e+00 6.2818262981e+00
1.3300000000e+00 1.0306555049e+02 5.0925725618e-14 1.5892221390e+00 6.3571610702e+00
1.3400000000e+00 1.0306572728e+02 5.1136347048e-14 1.5886272126e+00 6.4333544874e+00
1.3500000000e+00 1.0306582137e+02 4.9684061929e-14 1.5858177722e+00 6.5104873166e+00
1.3600000000e+00 1.0306586944e+02 4.4288993743e-14 1.5823578804e+00 6.5885997734e+00
1.3700000000e+00 1.0306589282e+02 4.7225734684e-14 1.5790574194e+00 6.6677115934e+00
1.3800000000e+00 1.0306590274e+02 4.9968423756e-14 1.5763202434e+00 6.7478322941e+00
1.3900000000e+00 1.0306590439e+02 4.5541343057e-14 1.5743210605e+00 6.8289662261e+00
1.4000000000e+00 1.0306589977e+02 4.4773245042e-14 1.5730871352e+00 6.9111149340e+00
1.4100000000e+00 1.0306589073e+02 4.2296583167e-14 1.5725385651e+00 6.9942780709e+00
1.4200000000e+00 1.0306587865e+02 3.9703785810e-14 1.5725146228e+00 7.0784535020e+00
1.4300000000e+00 1.0306586394e+02 3.5999313269e-14 1.5727969269e+00 7.1636369391e+00
1.4400000000e+00 1.0306584832e+02 3.9539685490e-14 1.5731368293e+00 7.2498213150e+00
1.4500000000e+00 1.0306583791e+02 3.9625009151e-14 1.5733037321e+00 7.3369961656e+00
1.4600000000e+00 1.0306583932e+02 3.9795572254e-14 1.5731730155e+00 7.4251474397e+00
1.4700000000e+00 1.0306586118e+02 3.7633776687e-14 1.5728684002e+00 7.5142584983e+00
1.4800000000e+00 1.0306590489e+02 3.7126130186e-14 1.5729084906e+00 7.6043132735e+00
1.4900000000e+00 1.0306595318e+02 3.5976194245e-14 1.5741993768e+00 7.6953020432e+00
1.5000000000e+00 1.0306597383e+02 3.4983125744e-14 1.5776966257e+00 7.7872284701e+00
1.5100000000e+00 1.0306594541e+02 3.7642291338e-14 1.5838174475e+00 7.8801139679e+00
1.5200000000e+00 1.0306587375e+02 3.7478866703e-14 1.5920521692e+00 7.9739946261e+00
1.5300000000e+00 1.0306577353e+02 3.4487215776e-14 1.6010760360e+00 8.0689084179e+00
1.5400000000e+00 1.0306563454e+02 3.5160256627e-14 1.6090392070e+00 8.1648728840e+00
1.5500000000e+00 1.0306542263e+02 3.3508142103e-14 1.6135060982e+00 8.2618512543e+00
1.5600000000e+00 1.0306514992e+02 3.4449130966e-14 1.6111157829e+00 8.3596990724e+00
1.5700000000e+00 1.0306507676e+02 3.7365066797e-14 1.5984869144e+00 8.4580860401e+00
1.5800000000e+00 1.0306568761e+02 3.7201749644e-14 1.5776179816e+00 8.5564325532e+00
1.5900000000e+00 1.0306634805e+02 3.6250609410e-14 1.5624512570e+00 8.6540115444e+00
1.6000000000e+00 1.0306556790e+02 3.9375996894e-14 1.5650159774e+00 8.7503321803e+00
1.6100000000e+00 1.0306446867e+02 3.8444668495e-14 1.5726325076e+00 8.8454172549e+00
1.6200000000e+00 1.0306446603e+02 3.8142745711e-14 1.5657600586e+00 8.9394993912e+00
1.6300000000e+00 1.0306562285e+02 3.5892499049e-14 1.5446856023e+00 9.0325726530e+00
1.6400000000e+00 1.0306684971e+02 4.3844111516e-14 1.5315372142e+00 9.1243921614e+00
1.6500000000e+00 1.0306635261e+02 4.4387960579e-14 1.5475064358e+00 9.2148859555e+00
1.6600000000e+00 1.0306515760e+02 4.3593752127e-14 1.5837548392e+00 9.3044647662e+00
1.6700000000e+00 1.0306478184e+02 4.7401322758e-14 1.6168937090e+00 9.3938153992e+00
1.6800000000e+00 1.0306495482e+02 4.5348363788e-14 1.6359897908e+00 9.4835146292e+00
1.6900000000e+00 1.0306520588e+02 4.6633067631e-14 1.6415017453e+00 9.5738759093e+00
1.7000000000e+00 1.0306542986e+02 4.5436750464e-14 1.6370502759e+00 9.6649802076e+00
1.7100000000e+00 1.0306567669e+02 4.7902263949e-14 1.6267085646e+00 9.7567505253e+00
1.7200000000e+00 1.0306591934e+02 4.5326512126e-14 1.6152686454e+00 9.8490325149e+00
1.7300000000e+00 1.0306599527e+02 4.5643805700e-14 1.6073103605e+00 9.9416851154e+00
1.7400000000e+00 1.0306585696e+02 4.4523308783e-14 1.6043172605e+00 1.0034655838e+01
1.7500000000e+00 1.0306567978e+02 4.4517390878e-14 1.6038790782e+00 1.0127990747e+01
1.7600000000e+00 1.0306560464e+02 4.0819771294e-14 1.6026403675e+00 1.0221777125e+01
1.7700000000e+00 1.0306563737e+02 3.8030658919e-14 1.5989951720e+00 1.0316076931e+01
1.7800000000e+00 1.0306574353e+02 3.8433284964e-14 1.5934577280e+00 1.0410896761e+01
1.7900000000e+00 1.0306588009e+02 3.7453863682e-14 1.5880426143e+00 1.0506197896e+01
1.8000000000e+00 1.0306597083e+02 4.3478415971e-14 1.5853107820e+00 1.0601933227e+01
1.8100000000e+00 1.0306595165e+02 4.8189434690e-14 1.5868705358e+00 1.0698092568e+01
1.8200000000e+00 1.0306584762e+02 4.7167136288e-14 1.5922079658e+00 1.0794730298e+01
1.8300000000e+00 1.0306574542e+02 4.6571076934e-14 1.5991589559e+00 1.0891957071e+01
1.8400000000e+00 1.0306569500e+02 4.4753840984e-14 1.6054674225e+00 1.0989905242e+01
1.8500000000e+00 1.0306569288e+02 4.9405610684e-14 1.6098029306e+00 1.1088694280e+01
1.8600000000e+00 1.0306571627e+02 5.4936747609e-14 1.6117962384e+00 1.1188412063e+01
1.8700000000e+00 1.0306574942e+02 5.6286801848e-14 1.6116698494e+00 1.1289111255e+01
1.8800000000e+00 1.0306578821e+02 5.6389446325e-14 1.6099378095e+00 1.1390813693e+01
1.8900000000e+00 1.0306583011e+02 5.7563491346e-14 1.6072717275e+00 1.1493517939e+01
1.9000000000e+00 1.0306587185e+02 6.1970568029e-14 1.6044362154e+00 1.1597208284e+01
1.9100000000e+00 1.0306589994e+02 5.6934669323e-14 1.6021709715e+00 1.1701864637e+01
1.9200000000e+00 1.0306590671e+02 5.5344422904e-14 1.6009864219e+00 1.1807471891e+01
1.9300000000e+00 1.0306589247e+02 5.8026574017e-14 1.6009894958e+00 1.1914026225e+01
1.9400000000e+00 1.0306586789e+02 5.2491899067e-14 1.6018926944e+00 1.2021536298e+01
1.9500000000e+00 1.0306584624e+02 5.9633073826e-14 1.6032146436e+00 1.2130019598e+01
1.9600000000e+00 1.0306583381e+02 6.1856283118e-14 1.6045129761e+00 1.2239496413e+01
1.9700000000e+00 1.0306582904e+02 6.2900774326e-14 1.6055064361e+00 1.2349984171e+01
1.9800000000e+00 1.0306582828e+02 5.9056503289e-14 1.6060663473e+00 1.2461493497e+01
1.9900000000e+00 1.0306582625e+02 5.4948374861e-14 1.6061425878e+00 1.2574025822e+01
2.0000000000e+00 1.0306582006e+02 5.6813020885e-14 1.6056845882e+00 1.2687571697e+01
2.0100000000e+00 1.0306580906e+02 5.8034268720e-14 1.6045895268e+00 1.2802109037e+01
2.0200000000e+00 1.0306579528e+02 5.4259298386e-14 1.6026881276e+00 1.2917600973e+01
2.0300000000e+00 1.0306578315e+02 5.2049506712e-14 1.5997785582e+00 1.3033993595e+01
2.0400000000e+00 1.0306578087e+02 5.3906651451e-14 1.5957226271e+00 1.3151214613e+01
2.0500000000e+00 1.0306579654e+02 5.4113203347e-14 1.5905995792e+00 1.3269174613e+01
2.0600000000e+00 1.0306583125e+02 5.1420662858e-14 1.5848560375e+00 1.3387772648e+01
2.0700000000e+00 1.0306586958e+02 5.5957789119e-14 1.5793046867e+00 1.3506906481e+01
2.0800000000e+00 1.0306588125e+02 5.4444328545e-14 1.5748205609e+00 1.3626484521e+01
2.0900000000e+00 1.0306584371e+02 5.6165051514e-14 1.5717984604e+00 1.3746433029e+01
2.1000000000e+00 1.0306577109e+02 5.5083219509e-14 1.5697741552e+00 1.3866692294e+01
2.1100000000e+00 1.0306572147e+02 5.4750481741e-14 1.5677168759e+00 1.3987201661e+01
2.1200000000e+00 1.0306575462e+02 5.2392317729e-14 1.5650762606e+00 1.4107884133e+01
2.1300000000e+00 1.0306585356e+02 5.0498949187e-14 1.5627845915e+00 1.4228649806e+01
2.1400000000e+00 1.0306590033e+02 4.9957669600e-14 1.5627933001e+00 1.4349430363e+01
2.1500000000e+00 1.0306581361e+02 4.7269961756e-14 1.5659264220e+00 1.4470226438e+01
2.1600000000e+00 1.0306566478e+02 4.2323460140e-14 1.5705037276e+00 1.4591122515e+01
2.1700000000e+00 1.0306556639e+02 4.7538706496e-14 1.5736002698e+00 1.4712246678e+01
2.1800000000e+00 1.0306555654e+02 4.6475984633e-14 1.5731619114e+00 1.4833705502e+01
2.1900000000e+00 1.0306562281e+02 4.7775382670e-14 1.5689433899e+00 1.4955538860e+01
2.2000000000e+00 1.0306572263e+02 4.7886137988e-14 1.5623288619e+00 1.5077713085e+01
2.2100000000e+00 1.0306579063e+02 4.9746819223e-14 1.5554410859e+00 1.5200146355e+01
2.2200000000e+00 1.0306581697e+02 4.8073508295e-14 1.5499256652e+00 1.5322748018e+01
2.2300000000e+00 1.0306587493e+02 4.4330331492e-14 1.5467363776e+00 1.5445451418e+01
2.2400000000e+00 1.0306596000e+02 4.4868534142e-14 1.5471753880e+00 1.5568235659e+01
2.2500000000e+00 1.0306594330e+02 4.5313459400e-14 1.5526269823e+00 1.5691146692e+01
2.2600000000e+00 1.0306580462e+02 4.2508919205e-14 1.5624185292e+00 1.5814309834e+01
2.2700000000e+00 1.0306568141e+02 4.2840042153e-14 1.5735583089e+00 1.5937908333e+01
2.2800000000e+00 1.0306565324e+02 4.1140043786e-14 1.5831402159e+00 1.6062133226e+01
2.2900000000e+00 1.0306569145e+02 3.9908871996e-14 1.5899737585e+00 1.6187140930e+01
2.3000000000e+00 1.0306574753e+02 4.1820030400e-14 1.5942741260e+00 1.6313038742e+01
2.3100000000e+00 1.0306579583e+02 3.7560084002e-14 1.5967809652e+00 1.6439890875e+01
2.3200000000e+00 1.0306583010e+02 3.8555001149e-14 1.5982195806e+00 1.6567731285e+01
2.3300000000e+00 1.0306585199e+02 4.0090438349e-14 1.5991301828e+00 1.6696575541e+01
2.3400000000e+00 1.0306586570e+02 4.0034214171e-14 1.5998720429e+00 1.6826429595e+01
2.3500000000e+00 1.0306587395e+02 4.2326342785e-14 1.6006711936e+00 1.6957295863e+01
2.3600000000e+00 1.0306587786e+02 4.8423775955e-14 1.6016595309e+00 1.7089177306e+01
2.3700000000e+00 1.0306587767e+02 5.2239267358e-14 1.6028980122e+00 1.7222080100e+01
2.3800000000e+00 1.0306587344e+02 5.4971224325e-14 1.6043868196e+00 1.7356015378e+01
2.3900000000e+00 1.0306586618e+02 5.3933849125e-14 1.6060711112e+00 1.7491000211e+01
2.4000000000e+00 1.0306585552e+02 5.1015226440e-14 1.6078510096e+00 1.7627057995e+01
2.4100000000e+00 1.0306584341e+02 4.8176849943e-14 1.6095974640e+00 1.7764218294e+01
2.4200000000e+00 1.0306582863e+02 4.9733689872e-14 1.6111664551e+00 1.7902516055e+01
2.4300000000e+00 1.0306580879e+02 5.2743778447e-14 1.6123915008e+00 1.8041989731e+01
2.4400000000e+00 1.0306577806e+02 5.1081921106e-14 1.6130380422e+00 1.8182677374e+01
2.4500000000e+00 1.0306573271e+02 4.5647430614e-14 1.6127282021e+00 1.8324609256e+01
2.4600000000e+00 1.0306567493e+02 4.8176547988e-14 1.6108930048e+00 1.8467795014e+01
2.4700000000e+00 1.0306562616e+02 5.1683188964e-14 1.6068797071e+00 1.8612203663e+01
2.4800000000e+00 1.0306564073e+02 5.3759013348e-14 1.6004293826e+00 1.8757738462e+01
2.4900000000e+00 1.0306577285e+02 5.3476600016e-14 1.5926738651e+00 1.8904219175e+01
2.5000000000e+00 1.0306594150e+02 5.6592864892e-14 1.5868660467e+00 1.9051398278e+01
2.5100000000e+00 1.0306590814e+02 5.6386369385e-14 1.5865187929e+00 1.9199030117e+01
2.5200000000e+00 1.0306565390e+02 5.6467867162e-14 1.5912528482e+00 1.9346956060e+01
2.5300000000e+00 1.0306548222e+02 5.5077785077e-14 1.5966507264e+00 1.9495125480e+01
2.5400000000e+00 1.0306554167e+02 5.6258037459e-14 1.5994390244e+00 1.9643541798e+01
2.5500000000e+00 1.0306567278e+02 5.3122395737e-14 1.6002765868e+00 1.9792212797e+01
2.5600000000e+00 1.0306570422e+02 5.6520071448e-14 1.6011927341e+00 1.9941151953e+01
2.5700000000e+00 1.0306566934e+02 5.6124776979e-14 1.6025840954e+00 2.0090397869e+01
2.5800000000e+00 1.0306567053e+02 5.1941703394e-14 1.6035913724e+00 2.0240010067e+01
2.5900000000e+00 1.0306572806e+02 5.2298783531e-14 1.6039110660e+00 2.0390044918e+01
2.6000000000e+00 1.0306580120e+02 5.7662914752e-14 1.6042722925e+00 2.0540539470e+01
2.6100000000e+00 1.0306584551e+02 5.8002964558e-14 1.6057501460e+00 2.0691516686e+01
2.6200000000e+00 1.0306583436e+02 5.7220776483e-14 1.6089113454e+00 2.0843004371e+01
2.6300000000e+00 1.0306577803e+02 5.8572252365e-14 1.6133075455e+00 2.0995050646e+01
2.6400000000e+00 1.0306571398e+02 5.8064113999e-14 1.6176591010e+00 2.1147724968e+01
2.6500000000e+00 1.0306567394e+02 5.5570797577e-14 1.6205640679e+00 2.1301108164e+01
2.6600000000e+00 1.0306567051e+02 5.8281851365e-14 1.6211139147e+00 2.1455283040e+01
2.6700000000e+00 1.0306570909e+02 5.9220532623e-14 1.6191703532e+00 2.1610332003e+01
2.6800000000e+00 1.0306579193e+02 5.9171173958e-14 1.6154951017e+00 2.1766338630e+01
2.6900000000e+00 1.0306589009e+02 6.1539892106e-14 1.6117068141e+00 2.1923385089e+01
2.7000000000e+00 1.0306593764e+02 6.2621859815e-14 1.6096484993e+00 2.2081539505e+01
2.7100000000e+00 1.0306589210e+02 6.3112457652e-14 1.6101675141e+00 2.2240836148e+01
2.7200000000e+00 1.0306579068e+02 6.4486545818e-14 1.6123952803e+00 2.2401260134e+01
2.7300000000e+00 1.0306569897e+02 6.1751711964e-14 1.6143818583e+00 2.2562745916e+01
2.7400000000e+00 1.0306564943e+02 6.0704319938e-14 1.6143222360e+00 2.2725185652e+01
2.7500000000e+00 1.0306564108e+02 6.3600104698e-14 1.6112614732e+00 2.2888435993e+01
2.7600000000e+00 1.0306565472e+02 6.4932221962e-14 1.6051821747e+00 2.3052316496e+01
2.7700000000e+00 1.0306560893e+02 6.4876722504e-14 1.5966349098e+00 2.3216597509e+01
2.7800000000e+00 1.0306528875e+02 6.6000979203e-14 1.5852185226e+00 2.3380959802e+01
2.7900000000e+00 1.0306447504e+02 6.7198214700e-14 1.5661147556e+00 2.3544851612e+01
2.8000000000e+00 1.0306399600e+02 6.7931276593e-14 1.5287910752e+00 2.3707097265e+01
2.8100000000e+00 1.0306663221e+02 6.3420955818e-14 1.4774166239e+00 2.3865332283e+01
2.8200000000e+00 1.0306800988e+02 6.4126318761e-14 1.4655438650e+00 2.4016588958e+01
2.8300000000e+00 1.0306455541e+02 6.5960540029e-14 1.5139341094e+00 2.4160326498e+01
2.8400000000e+00 1.0306396597e+02 6.5902333987e-14 1.5631034272e+00 2.4299365619e+01
2.8500000000e+00 1.0306486135e+02 6.4676375575e-14 1.5878026108e+00 2.4436757799e+01
2.8600000000e+00 1.0306546544e+02 6.2619860713e-14 1.5967210855e+00 2.4574174970e+01
2.8700000000e+00 1.0306572957e+02 6.9375894080e-14 1.5990123696e+00 2.4712305018e+01
2.8800000000e+00 1.0306583189e+02 6.9382634074e-14 1.5990612354e+00 2.4851392868e+01
2.8900000000e+00 1.0306586531e+02 6.8641558688e-14 1.5985851437e+00 2.4991510735e+01
2.9000000000e+00 1.0306586522e+02 6.5853951965e-14 1.5981405939e+00 2.5132664921e+01
2.9100000000e+00 1.0306583968e+02 7.0914626633e-14 1.5977245948e+00 2.5274832030e+01
2.9200000000e+00 1.0306578387e+02 6.8313527131e-14 1.5969173490e+00 2.5417964564e+01
2.9300000000e+00 1.0306568612e+02 6.9138487028e-14 1.5948081206e+00 2.5561979190e+01
2.9400000000e+00 1.0306554568e+02 6.6817558131e-14 1.5898635698e+00 2.5706729874e+01
2.9500000000e+00 1.0306542718e+02 6.6631955247e-14 1.5801190042e+00 2.5851966028e+01
2.9600000000e+00 1.0306552692e+02 6.9536254972e-14 1.5646726781e+00 2.5997288627e+01
2.9700000000e+00 1.0306599820e+02 7.0272083360e-14 1.5472489991e+00 2.6142158102e+01
2.9800000000e+00 1.0306638227e+02 7.2945610856e-14 1.5376844731e+00 2.6286050871e+01
2.9900000000e+00 1.0306610057e+02 7.1450698907e-14 1.5430120466e+00 2.6428757545e+01
3.0000000000e+00 1.0306563425e+02 7.3670994382e-14 1.5581442805e+00 2.6570541670e+01
3.0100000000e+00 1.0306549887e+02 7.8139436354e-14 1.5735469921e+00 2.6711951259e+01
3.0200000000e+00 1.0306557179e+02 7.6413862386e-14 1.5848806528e+00 2.6853525953e+01
3.0300000000e+00 1.0306565734e+02 7.4107200102e-14 1.5922012289e+00 2.6995661032e+01
3.0400000000e+00 1.0306569723e+02 7.4338248722e-14 1.5964875795e+00 2.7138605328e+01
3.0500000000e+00 1.0306569838e+02 7.4130902635e-14 1.5982535918e+00 2.7282494274e+01
3.0600000000e+00 1.0306567135e+02 7.2690353268e-14 1.5974579431e+00 2.7427376214e+01
3.0700000000e+00 1.0306563124e+02 7.3003696493e-14 1.5936750788e+00 2.7573227823e+01
3.0800000000e+00 1.0306561609e+02 6.9263167585e-14 1.5863938641e+00 2.7719964025e+01
3.0900000000e+00 1.0306569781e+02 7.5279272946e-14 1.5757532281e+00 2.7867449776e+01
3.1000000000e+00 1.0306592516e+02 7.3979364496e-14 1.5638127141e+00 2.8015523108e+01
3.1100000000e+00 1.0306616671e+02 7.6315915093e-14 1.5551003318e+00 2.8164036794e+01
3.1200000000e+00 1.0306616248e+02 7.8434172983e-14 1.5540208416e+00 2.8312909585e+01
3.1300000000e+00 1.0306591372e+02 7.8239344288e-14 1.5605002232e+00 2.8462153236e+01
3.1400000000e+00 1.0306567846e+02 7.9487094955e-14 1.5699986050e+00 2.8611849094e+01
3.1500000000e+00 1.0306558842e+02 7.5006550984e-14 1.5778566219e+00 2.8762095412e+01
3.1600000000e+00 1.0306560050e+02 7.4007827454e-14 1.5818865952e+00 2.8912966175e+01
3.1700000000e+00 1.0306564859e+02 7.4057719800e-14 1.5819092694e+00 2.9064495050e+01
3.1800000000e+00 1.0306570675e+02 6.8683722986e-14 1.5786310684e+00 2.9216675349e+01
3.1900000000e+00 1.0306577455e+02 7.0250721085e-14 1.5731028195e+00 2.9369466849e+01
3.2000000000e+00 1.0306585322e+02 7.0472166237e-14 1.5666564849e+00 2.9522807225e+01
3.2100000000e+00 1.0306592641e+02 6.8632954602e-14 1.5608574252e+00 2.9676629190e+01
3.2200000000e+00 1.0306596217e+02 6.4709054536e-14 1.5571257456e+00 2.9830882276e+01
3.2300000000e+00 1.0306594495e+02 6.7519325303e-14 1.5561289264e+00 2.9985552263e+01
3.2400000000e+00 1.0306589637e+02 6.3548445627e-14 1.5575047355e+00 3.0140668350e+01
3.2500000000e+00 1.0306585088e+02 6.3514909883e-14 1.5602398653e+00 3.0296294269e+01
3.2600000000e+00 1.0306582761e+02 5.8890740141e-14 1.5633228076e+00 3.0452509976e+01
3.2700000000e+00 1.0306582449e+02 6.0543515031e-14 1.5661342856e+00 3.0609394363e+01
3.2800000000e+00 1.0306583241e+02 5.7543398505e-14 1.5684677602e+00 3.0767014857e+01
3.2900000000e+00 1.0306584068e+02 5.9889671293e-14 1.5703678083e+00 3.0925423523e+01
3.3000000000e+00 1.0306583950e+02 5.7257915996e-14 1.5719399184e+00 3.1084656192e+01
3.3100000000e+00 1.0306581509e+02 5.6154085293e-14 1.5731559217e+00 3.1244730364e+01
3.3200000000e+00 1.0306574548e+02 5.2686165581e-14 1.5736055328e+00 3.1405637290e+01
3.3300000000e+00 1.0306560034e+02 5.3680890572e-14 1.5721327374e+00 3.1567322040e+01
3.3400000000e+00 1.0306535808e+02 5.7028868979e-14 1.5663821954e+00 3.1729643066e+01
3.3500000000e+00 1.0306507590e+02 5.4553991626e-14 1.5526665506e+00 3.1892302788e+01
3.3600000000e+00 1.0306503340e+02 5.4841000015e-14 1.5275853121e+00 3.2054754162e+01
3.3700000000e+00 1.0306565542e+02 5.5547665560e-14 1.4935279940e+00 3.2216137291e+01
3.3800000000e+00 1.0306670672e+02 6.1349039786e-14 1.4652153877e+00 3.2375388793e+01
3.3900000000e+00 1.0306683234e+02 5.7452942018e-14 1.4629865623e+00 3.2531677073e+01
3.4000000000e+00 1.0306571635e+02 5.9590496896e-14 1.4889715285e+00 3.2684987417e+01
3.4100000000e+00 1.0306495315e+02 5.8311029498e-14 1.5225048031e+00 3.2836200137e+01
3.4200000000e+00 1.0306502775e+02 6.1599496681e-14 1.5463757991e+00 3.2986475602e+01
3.4300000000e+00 1.0306536627e+02 5.8516047340e-14 1.5582460460e+00 3.3136694191e+01
3.4400000000e+00 1.0306563052e+02 5.6583483380e-14 1.5623546950e+00 3.3287356197e+01
3.4500000000e+00 1.0306577349e+02 5.8456905973e-14 1.5627748227e+00 3.3438707144e+01
3.4600000000e+00 1.0306582407e+02 6.3070440132e-14 1.5618264397e+00 3.3590861831e+01
3.4700000000e+00 1.0306580145e+02 6.1022512476e-14 1.5603141268e+00 3.3743870342e+01
3.4800000000e+00 1.0306569356e+02 6.4030230062e-14 1.5578084629e+00 3.3897732550e+01
3.4900000000e+00 1.0306545841e+02 5.9819183343e-14 1.5524815846e+00 3.4052367432e+01
3.5000000000e+00 1.0306509446e+02 6.3207118525e-14 1.5406334857e+00 3.4207527317e+01
3.5100000000e+00 1.0306494527e+02 6.0861920917e-14 1.5176205556e+00 3.4362643220e+01
3.5200000000e+00 1.0306587594e+02 5.5506710162e-14 1.4855026323e+00 3.4516670316e+01
3.5300000000e+00 1.0306708867e+02 5.2819348997e-14 1.4654022340e+00 3.4668283142e+01
3.5400000000e+00 1.0306616384e+02 5.0524083515e-14 1.4782575148e+00 3.4816790240e+01
3.5500000000e+00 1.0306501709e+02 5.0837062593e-14 1.5084258218e+00 3.4962858606e+01
3.5600000000e+00 1.0306503875e+02 4.8094702530e-14 1.5318606372e+00 3.5107850023e+01
3.5700000000e+00 1.0306541014e+02 4.9701424960e-14 1.5437540552e+00 3.5252853567e+01
3.5800000000e+00 1.0306567642e+02 5.1048653484e-14 1.5484249336e+00 3.5398461015e+01
3.5900000000e+00 1.0306581003e+02 5.2723905816e-14 1.5499349070e+00 3.5544932717e+01
3.6000000000e+00 1.0306585872e+02 4.8354036531e-14 1.5504697807e+00 3.5692363705e+01
3.6100000000e+00 1.0306584759e+02 5.2683592063e-14 1.5508456466e+00 3.5840776971e+01
3.6200000000e+00 1.0306576800e+02 5.1456890971e-14 1.5508796470e+00 3.5990170110e+01
3.6300000000e+00 1.0306556788e+02 4.5914400373e-14 1.5492272356e+00 3.6140543456e+01
3.6400000000e+00 1.0306516719e+02 4.2767118141e-14 1.5426128141e+00 3.6291930012e+01
3.6500000000e+00 1.0306464521e+02 4.0081972722e-14 1.5250533364e+00 3.6444444606e+01
3.6600000000e+00 1.0306490444e+02 4.3414121180e-14 1.4914878021e+00 3.6598358676e+01
3.6700000000e+00 1.0306683562e+02 4.5701424268e-14 1.4549646617e+00 3.6754132708e+01
3.6800000000e+00 1.0306696966e+02 4.1269993023e-14 1.4520965293e+00 3.6912195521e+01
3.6900000000e+00 1.0306500625e+02 4.1885619045e-14 1.4851210597e+00 3.7072513658e+01
3.7000000000e+00 1.0306465183e+02 4.0823951343e-14 1.5176980694e+00 3.7234615370e+01
3.7100000000e+00 1.0306519418e+02 4.1551162779e-14 1.5351303182e+00 3.7398044953e+01
3.7200000000e+00 1.0306562654e+02 4.4787042191e-14 1.5425555003e+00 3.7562567561e+01
3.7300000000e+00 1.0306581906e+02 4.0786759343e-14 1.5464160442e+00 3.7728105481e+01
3.7400000000e+00 1.0306586333e+02 4.1138370005e-14 1.5498440673e+00 3.7894636864e+01
3.7500000000e+00 1.0306585000e+02 4.1319989326e-14 1.5535650479e+00 3.8062137124e+01
3.7600000000e+00 1.0306582445e+02 4.2398456502e-14 1.5572838554e+00 3.8230563043e+01
3.7700000000e+00 1.0306579834e+02 3.8075956093e-14 1.5604945315e+00 3.8399860150e+01
3.7800000000e+00 1.0306576624e+02 3.8169073614e-14 1.5627066580e+00 3.8569973195e+01
3.7900000000e+00 1.0306571518e+02 3.3912725018e-14 1.5633463216e+00 3.8740847380e+01
3.8000000000e+00 1.0306564006e+02 3.5500932800e-14 1.5615829122e+00 3.8912416652e+01
3.8100000000e+00 1.0306555630e+02 2.8783749707e-14 1.5562868842e+00 3.9084580460e+01
3.8200000000e+00 1.0306552348e+02 2.3836529707e-14 1.5464219535e+00 3.9257174226e+01
3.8300000000e+00 1.0306564590e+02 2.5891150901e-14 1.5322698364e+00 3.9429947027e+01
3.8400000000e+00 1.0306594826e+02 2.5529396793e-14 1.5172029068e+00 3.9602574800e+01
3.8500000000e+00 1.0306621053e+02 2.4464237328e-14 1.5076285404e+00 3.9774740641e+01
3.8600000000e+00 1.0306617279e+02 1.9050598946e-14 1.5087399639e+00 3.9946269263e+01
3.8700000000e+00 1.0306590763e+02 1.9107451104e-14 1.5199581346e+00 4.0117226560e+01
3.8800000000e+00 1.0306565766e+02 1.9129371459e-14 1.5360204612e+00 4.0287900930e+01
3.8900000000e+00 1.0306554311e+02 1.6195562694e-14 1.5514321684e+00 4.0458688294e+01
3.9000000000e+00 1.0306553508e+02 1.9347209089e-14 1.5630608061e+00 4.0629966856e+01
3.9100000000e+00 1.0306556133e+02 2.1440818373e-14 1.5699811749e+00 4.0802019105e+01
3.9200000000e+00 1.0306557190e+02 1.9403192186e-14 1.5722399383e+00 4.0975004624e+01
3.9300000000e+00 1.0306555840e+02 2.4121240047e-14 1.5699238277e+00 4.1148960159e+01
3.9400000000e+00 1.0306556232e+02 2.6295181753e-14 1.5630144629e+00 4.1323806548e+01
3.9500000000e+00 1.0306565943e+02 2.7323443508e-14 1.5521210992e+00 4.1499358763e+01
3.9600000000e+00 1.0306588477e+02 2.8536187471e-14 1.5397814552e+00 4.1675353713e+01
3.9700000000e+00 1.0306609690e+02 2.5788738761e-14 1.5307429860e+00 4.1851518090e+01
3.9800000000e+00 1.0306607540e+02 2.9421538574e-14 1.5291277901e+00 4.2027669417e+01
3.9900000000e+00 1.0306584983e+02 2.7546286667e-14 1.5345906778e+00 4.2203782738e+01
4.0000000000e+00 1.0306563705e+02 2.7269256256e-14 1.5428088761e+00 4.2379955479e+01
4.0100000000e+00 1.0306553550e+02 2.6254133806e-14 1.5493187973e+00 4.2556301422e+01
4.0200000000e+00 1.0306552293e+02 3.5354633421e-14 1.5516807216e+00 4.2732861795e+01
4.0300000000e+00 1.0306557375e+02 2.9235146878e-14 1.5493751915e+00 4.2909574205e+01
4.0400000000e+00 1.0306569244e+02 3.5530606066e-14 1.5433712917e+00 4.3086289012e+01
4.0500000000e+00 1.0306587236e+02 3.7976930839e-14 1.5361007384e+00 4.3262817223e+01
4.0600000000e+00 1.0306603180e+02 3.5086560766e-14 1.5311111185e+00 4.3439001843e+01
4.0700000000e+00 1.0306605229e+02 3.3520646651e-14 1.5314186168e+00 4.3614794777e+01
4.0800000000e+00 1.0306592453e+02 3.4599793749e-14 1.5373547640e+00 4.3790299695e+01
4.0900000000e+00 1.0306577140e+02 3.8453003591e-14 1.5464132234e+00 4.3965747946e+01
4.1000000000e+00 1.0306569022e+02 3.4980483095e-14 1.5554016592e+00 4.4141423774e+01
4.1100000000e+00 1.0306568662e+02 3.7961348561e-14 1.5623422613e+00 4.4317590841e+01
4.1200000000e+00 1.0306572191e+02 3.7704455424e-14 1.5667384457e+00 4.4494453993e+01
4.1300000000e+00 1.0306576525e+02 3.9582681710e-14 1.5689535784e+00 4.4672154322e+01
4.1400000000e+00 1.0306580292e+02 4.3092674214e-14 1.5696146013e+00 4.4850780831e+01
4.1500000000e+00 1.0306583009e+02 4.4411141376e-14 1.5693033815e+00 4.5030385555e+01
4.1600000000e+00 1.0306584835e+02 4.3544101959e-14 1.5684593178e+00 4.5210996372e+01
4.1700000000e+00 1.0306585862e+02 4.3803750598e-14 1.5673802156e+00 4.5392626222e+01
4.1800000000e+00 1.0306586510e+02 4.4549834521e-14 1.5662518899e+00 4.5575279215e+01
4.1900000000e+00 1.0306586797e+02 4.7362691980e-14 1.5651805671e+00 4.5758954547e+01
4.2000000000e+00 1.0306586865e+02 4.7376222840e-14 1.5642165818e+00 4.5943648997e+01
4.2100000000e+00 1.0306586739e+02 4.8348268837e-14 1.5633696928e+00 4.6129358423e+01
4.2200000000e+00 1.0306586481e+02 4.6639014403e-14 1.5626189946e+00 4.6316078752e+01
4.2300000000e+00 1.0306586101e+02 4.3456829489e-14 1.5619194333e+00 4.6503806563e+01
4.2400000000e+00 1.0306585645e+02 4.4900938528e-14 1.5612092210e+00 4.6692539365e+01
4.2500000000e+00 1.0306585219e+02 4.9112030314e-14 1.5604195284e+00 4.6882275696e+01
4.2600000000e+00 1.0306584912e+02 4.6435600597e-14 1.5594878073e+00 4.7073015073e+01
4.2700000000e+00 1.0306584751e+02 4.2412408622e-14 1.5583738406e+00 4.7264757784e+01
4.2800000000e+00 1.0306584894e+02 4.1893526978e-14 1.5570746384e+00 4.7457504505e+01
4.2900000000e+00 1.0306585314e+02 4.2935641696e-14 1.5556352166e+00 4.7651255676e+01
4.3000000000e+00 1.0306585907e+02 4.9134236688e-14 1.5541505412e+00 4.7846010673e+01
4.3100000000e+00 1.0306586698e+02 4.8528939313e-14 1.5527541276e+00 4.8041766870e+01
4.3200000000e+00 1.0306587489e+02 4.8436779785e-14 1.5515967730e+00 4.8238518826e+01
4.3300000000e+00 1.0306588069e+02 4.7113370693e-14 1.5508190595e+00 4.8436257947e+01
4.3400000000e+00 1.0306588436e+02 4.3423205532e-14 1.5505246874e+00 4.8634972798e+01
4.3500000000e+00 1.0306588428e+02 4.5498017791e-14 1.5507614286e+00 4.8834649954e+01
4.3600000000e+00 1.0306588176e+02 4.5625303762e-14 1.5515129163e+00 4.9035275130e+01
4.3700000000e+00 1.0306587601e+02 5.5253982995e-14 1.5527040230e+00 4.9236834231e+01
4.3800000000e+00 1.0306586948e+02 4.8683121388e-14 1.5542189520e+00 4.9439314102e+01
4.3900000000e+00 1.0306586478e+02 4.6376103506e-14 1.5559298569e+00 4.9642702975e+01
4.4000000000e+00 1.0306586064e+02 4.8947113020e-14 1.5577253853e+00 4.9846990830e+01
4.4100000000e+00 1.0306585939e+02 4.7387799066e-14 1.5595294818e+00 5.0052169758e+01
4.4200000000e+00 1.0306586037e+02 4.3534335010e-14 1.5613089890e+00 5.0258234422e+01
4.4300000000e+00 1.0306586355e+02 3.7781037971e-14 1.5630692481e+00 5.0465182543e+01
4.4400000000e+00 1.0306586674e+02 3.7656696363e-14 1.5648441796e+00 5.0673015264e+01
4.4500000000e+00 1.0306586950e+02 3.6874950949e-14 1.5666835147e+00 5.0881737219e+01
4.4600000000e+00 1.0306587224e+02 4.1222627251e-14 1.5686415769e+00 5.1091356198e+01
4.4700000000e+00 1.0306587364e+02 4.4734686823e-14 1.5707660549e+00 5.1301882334e+01
4.4800000000e+00 1.0306587360e+02 3.6935736813e-14 1.5730864730e+00 5.1513326645e+01
4.4900000000e+00 1.0306587043e+02 3.9048455131e-14 1.5756026611e+00 5.1725698840e+01
4.5000000000e+00 1.0306586477e+02 4.0702054061e-14 1.5782745606e+00 5.1939004200e+01
4.5100000000e+00 1.0306585447e+02 3.3765567509e-14 1.5810151727e+00 5.2153239303e+01
4.5200000000e+00 1.0306583989e+02 3.3603830257e-14 1.5836833416e+00 5.2368385994e+01
4.5300000000e+00 1.0306581731e+02 3.6116222211e-14 1.5860692476e+00 5.2584402310e+01
4.5400000000e+00 1.0306578136e+02 2.9636093035e-14 1.5878558790e+00 5.2801208175e+01
4.5500000000e+00 1.0306572382e+02 2.9957306509e-14 1.5885424300e+00 5.3018661816e+01
4.5600000000e+00 1.0306564377e+02 2.6282053385e-14 1.5873622580e+00 5.3236521576e+01
4.5700000000e+00 1.0306554958e+02 2.6027568122e-14 1.5833029195e+00 5.3454388270e+01
4.5800000000e+00 1.0306547306e+02 3.0433276729e-14 1.5753935050e+00 5.3671628138e+01
4.5900000000e+00 1.0306549311e+02 3.0104040737e-14 1.5634492511e+00 5.3887291484e+01
4.6000000000e+00 1.0306574059e+02 2.8835892528e-14 1.5496178401e+00 5.4100084818e+01
4.6100000000e+00 1.0306614006e+02 3.0124506035e-14 1.5402297154e+00 5.4308546369e+01
4.6200000000e+00 1.0306615182e+02 3.0210512897e-14 1.5431363727e+00 5.4511594941e+01
4.6300000000e+00 1.0306565058e+02 2.9589474432e-14 1.5582536461e+00 5.4709216978e+01
4.6400000000e+00 1.0306524196e+02 3.6222546854e-14 1.5758422716e+00 5.4902559575e+01
4.6500000000e+00 1.0306517710e+02 3.4079506946e-14 1.5868780609e+00 5.5093283686e+01
4.6600000000e+00 1.0306530501e+02 3.2661697183e-14 1.5886944647e+00 5.5282908248e+01
4.6700000000e+00 1.0306548363e+02 3.2023920790e-14 1.5830669290e+00 5.5472576556e+01
4.6800000000e+00 1.0306563133e+02 3.2570242589e-14 1.5733967811e+00 5.5663097187e+01
4.6900000000e+00 1.0306573088e+02 3.6442383758e-14 1.5629127709e+00 5.5855040596e+01
4.7000000000e+00 1.0306583381e+02 4.2027037639e-14 1.5541318699e+00 5.6048800368e+01
4.7100000000e+00 1.0306593968e+02 3.3402033456e-14 1.5494662827e+00 5.6244604374e+01
4.7200000000e+00 1.0306595423e+02 3.9053505330e-14 1.5509832194e+00 5.6442492990e+01
4.7300000000e+00 1.0306584862e+02 3.6915708577e-14 1.5587672999e+00 5.6642308638e+01
4.7400000000e+00 1.0306570796e+02 3.2052198328e-14 1.5704253861e+00 5.6843738908e+01
4.7500000000e+00 1.0306562251e+02 3.2746121743e-14 1.5826951049e+00 5.7046406913e+01
4.7600000000e+00 1.0306560699e+02 3.6139422190e-14 1.5932117693e+00 5.7249963243e+01
4.7700000000e+00 1.0306563292e+02 3.2302911453e-14 1.6009826558e+00 5.7454142782e+01
4.7800000000e+00 1.0306567206e+02 3.7271759471e-14 1.6059570464e+00 5.7658781092e+01
4.7900000000e+00 1.0306570584e+02 3.6461995891e-14 1.6085002546e+00 5.7863806409e+01
4.8000000000e+00 1.0306572026e+02 3.7471137288e-14 1.6090143481e+00 5.8069225405e+01
4.8100000000e+00 1.0306571376e+02 3.1839214296e-14 1.6076884186e+00 5.8275110920e+01
4.8200000000e+00 1.0306570700e+02 3.5477836435e-14 1.6044952204e+00 5.8481590003e+01
4.8300000000e+00 1.0306573515e+02 3.7213013063e-14 1.5995812626e+00 5.8688826999e+01
4.8400000000e+00 1.0306580590e+02 3.5410545531e-14 1.5938686341e+00 5.8896996697e+01
4.8500000000e+00 1.0306584710e+02 3.3026662545e-14 1.5890550611e+00 5.9106243907e+01
4.8600000000e+00 1.0306575309e+02 3.1268106505e-14 1.5861822413e+00 5.9316631213e+01
4.8700000000e+00 1.0306555015e+02 2.4819382735e-14 1.5838354566e+00 5.9528089612e+01
4.8800000000e+00 1.0306544381e+02 2.9278119938e-14 1.5788014486e+00 5.9740395228e+01
4.8900000000e+00 1.0306563120e+02 3.4754946170e-14 1.5698354187e+00 5.9953189986e+01
4.9000000000e+00 1.0306598060e+02 3.2624692740e-14 1.5609319646e+00 6.0166057664e+01
4.9100000000e+00 1.0306605251e+02 3.4976254441e-14 1.5584989986e+00 6.0378642185e+01
4.9200000000e+00 1.0306583635e+02 3.6386194058e-14 1.5639986725e+00 6.0590731871e+01
4.9300000000e+00 1.0306568275e+02 3.8603206522e-14 1.5735500400e+00 6.0802246601e+01
4.9400000000e+00 1.0306561764e+02 3.6439846935e-14 1.5835893270e+00 6.1013190887e+01
4.9500000000e+00 1.0306550370e+02 3.9705182801e-14 1.5920004308e+00 6.1223631277e+01
4.9600000000e+00 1.0306532354e+02 4.1815190977e-14 1.5961780981e+00 6.1433635531e+01
4.9700000000e+00 1.0306516278e+02 4.6104074756e-14 1.5928575598e+00 6.1643116979e+01
4.9800000000e+00 1.0306526244e+02 4.7891680717e-14 1.5801470303e+00 6.1851626957e+01
4.9900000000e+00 1.0306588361e+02 4.7588049379e-14 1.5621735636e+00 6.2058243568e+01
