0.0000000000e+00 4.4551476070e+02 1.2447714614e+00 1.2345623478e+00 0.0000000000e+00
1.0000000000e-02 4.4629651910e+02 4.3839753764e-15 1.2850556051e+00 3.5164090871e-04
2.0000000000e-02 4.4629783996e+02 5.5754865300e-15 2.3207363685e+00 1.6083849290e-03
3.0000000000e-02 4.4629873904e+02 5.8826271201e-15 5.1591865184e+00 5.0558708321e-03
4.0000000000e-02 4.4629816561e+02 1.0165666657e-14 1.1063231278e+01 1.3953330413e-02
5.0000000000e-02 4.4628451250e+02 7.0575612356e-15 1.9543074669e+01 3.4075098676e-02
6.0000000000e-02 4.4627988535e+02 1.9204291165e-14 2.6432158275e+01 7.1338939975e-02
7.0000000000e-02 4.4628620555e+02 1.9198834807e-14 2.9617714526e+01 1.2831414145e-01
8.0000000000e-02 4.4629156813e+02 1.8245528274e-14 3.0400425242e+01 2.0467351958e-01
9.0000000000e-02 4.4629344997e+02 1.1289390595e-14 3.0386042011e+01 2.9953231881e-01
1.0000000000e-01 4.4629387155e+02 1.6097851017e-14 3.0231070184e+01 4.1240262990e-01
1.1000000000e-01 4.4629390615e+02 1.9409543685e-14 3.0097752981e+01 5.4311441308e-01
1.2000000000e-01 4.4629387062e+02 2.6899491916e-14 3.0004863191e+01 6.9163000634e-01
1.3000000000e-01 4.4629383638e+02 2.3692273801e-14 2.9942674204e+01 8.5795207146e-01
1.4000000000e-01 4.4629381348e+02 2.1719549289e-14 2.9900414287e+01 1.0420908457e+00
1.5000000000e-01 4.4629379971e+02 3.2015259407e-14 2.9870669987e+01 1.2440550374e+00
1.6000000000e-01 4.4629379168e+02 2.9154718750e-14 2.9848930355e+01 1.4638505744e+00
1.7000000000e-01 4.4629378694e+02 3.3893637946e-14 2.9832554605e+01 1.7014814457e+00
1.8000000000e-01 4.4629378397e+02 3.6501863910e-14 2.9819980422e+01 1.9569507026e+00
1.9000000000e-01 4.4629378194e+02 3.4653189074e-14 2.9810231235e+01 2.2302610853e+00
2.0000000000e-01 4.4629378044e+02 4.7253262239e-14 2.9802643461e+01 2.5214152630e+00
2.1000000000e-01 4.4629378031e+02 5.5819823219e-14 2.9796731310e+01 2.8304158373e+00
2.2000000000e-01 4.4629377938e+02 5.9566336468e-14 2.9792117919e+01 3.1572652675e+00
2.3000000000e-01 4.4629378059e+02 5.0874872285e-14 2.9788509935e+01 3.5019657454e+00
2.4000000000e-01 4.4629377768e+02 6.7559967419e-14 2.9785681184e+01 3.8645192570e+00
2.5000000000e-01 4.4629377723e+02 6.5170753515e-14 2.9783430099e+01 4.2449273862e+00
2.6000000000e-01 4.4629377712e+02 6.7938755216e-14 2.9781615969e+01 4.6431913461e+00
2.7000000000e-01 4.4629378677e+02 6.8027234172e-14 2.9780114080e+01 5.0593120221e+00
2.8000000000e-01 4.4629378020e+02 6.3725254246e-14 2.9778881823e+01 5.4932900927e+00
2.9000000000e-01 4.4629378445e+02 6.8229866779e-14 2.9777823142e+01 5.9451260707e+00
3.0000000000e-01 4.4629378126e+02 7.1026859657e-14 2.9776892581e+01 6.4148201811e+00
3.1000000000e-01 4.4629378099e+02 7.0950461276e-14 2.9776066371e+01 6.9023725024e+00
3.2000000000e-01 4.4629378203e+02 7.2446454832e-14 2.9775316202e+01 7.4077830594e+00
3.3000000000e-01 4.4629377446e+02 5.8871558388e-14 2.9774646627e+01 7.9310518556e+00
3.4000000000e-01 4.4629377478e+02 5.2472104727e-14 2.9774072517e+01 8.4721791347e+00
3.5000000000e-01 4.4629377494e+02 5.0258657150e-14 2.9773605225e+01 9.0311653094e+00
3.6000000000e-01 4.4629377432e+02 5.7523268081e-14 2.9773307152e+01 9.6080112548e+00
3.7000000000e-01 4.4629377333e+02 6.2161386157e-14 2.9773260283e+01 1.0202718839e+01
3.8000000000e-01 4.4629377404e+02 5.3448216592e-14 2.9773598460e+01 1.0815291194e+01
3.9000000000e-01 4.4629377572e+02 4.2479634187e-14 2.9774545585e+01 1.1445733738e+01
4.0000000000e-01 4.4629377752e+02 4.5668373323e-14 2.9776496004e+01 1.2094055830e+01
4.1000000000e-01 4.4629378108e+02 4.5281858485e-14 2.9780125241e+01 1.2760273741e+01
4.2000000000e-01 4.4629378743e+02 4.4284958103e-14 2.9786597580e+01 1.3444415829e+01
4.3000000000e-01 4.4629379562e+02 4.6206623335e-14 2.9797813835e+01 1.4146531322e+01
4.4000000000e-01 4.4629379685e+02 4.1020599882e-14 2.9816200812e+01 1.4866701411e+01
4.5000000000e-01 4.4629373009e+02 4.6830360028e-14 2.9840781423e+01 1.5605032336e+01
4.6000000000e-01 4.4629329367e+02 5.6322348274e-14 2.9842808640e+01 1.6361498925e+01
4.7000000000e-01 4.4629175307e+02 5.9732887711e-14 2.9660697908e+01 1.7134999625e+01
4.8000000000e-01 4.4629346727e+02 6.3374190991e-14 2.8939246197e+01 1.7919836729e+01
4.9000000000e-01 4.4629630993e+02 6.1776703927e-14 2.8682491230e+01 1.8704127592e+01
5.0000000000e-01 4.4629127617e+02 5.3720570644e-14 2.9503587321e+01 1.9489202623e+01
5.1000000000e-01 4.4629293155e+02 6.1862439868e-14 2.9835846983e+01 2.0287570076e+01
5.2000000000e-01 4.4629365271e+02 6.7191519289e-14 2.9867353664e+01 2.1103452694e+01
5.3000000000e-01 4.4629378689e+02 6.7365932609e-14 2.9844797626e+01 2.1937189529e+01
5.4000000000e-01 4.4629379871e+02 7.5002447394e-14 2.9822954036e+01 2.2788717612e+01
5.5000000000e-01 4.4629379280e+02 6.9908796491e-14 2.9808073068e+01 2.3658015504e+01
5.6000000000e-01 4.4629378752e+02 6.0278464890e-14 2.9798782222e+01 2.4545094461e+01
5.7000000000e-01 4.4629378404e+02 6.9420462213e-14 2.9793413120e+01 2.5449977113e+01
5.8000000000e-01 4.4629378187e+02 8.3625665467e-14 2.9790835474e+01 2.6372688534e+01
5.9000000000e-01 4.4629378057e+02 7.7713391246e-14 2.9790341070e+01 2.7313253225e+01
6.0000000000e-01 4.4629377136e+02 6.6340447619e-14 2.9791482460e+01 2.8271694364e+01
6.1000000000e-01 4.4629377042e+02 6.0219954210e-14 2.9793953353e+01 2.9248033732e+01
6.2000000000e-01 4.4629376816e+02 5.5916457308e-14 2.9797434297e+01 3.0242290871e+01
6.3000000000e-01 4.4629376665e+02 5.4078688879e-14 2.9801553146e+01 3.1254481409e+01
6.4000000000e-01 4.4629376430e+02 5.9665579305e-14 2.9805837394e+01 3.2284614528e+01
6.5000000000e-01 4.4629376266e+02 6.8040278704e-14 2.9809744943e+01 3.3332690595e+01
6.6000000000e-01 4.4629376145e+02 8.0308042153e-14 2.9812758692e+01 3.4398699768e+01
6.7000000000e-01 4.4629376092e+02 7.4882711820e-14 2.9814501798e+01 3.5482622980e+01
6.8000000000e-01 4.4629376115e+02 7.6142847484e-14 2.9814775007e+01 3.6584434533e+01
6.9000000000e-01 4.4629376159e+02 7.7916144766e-14 2.9813550658e+01 3.7704105232e+01
7.0000000000e-01 4.4629376491e+02 8.6852088006e-14 2.9810977565e+01 3.8841605742e+01
7.1000000000e-01 4.4629376629e+02 8.9926968471e-14 2.9807360124e+01 3.9996910344e+01
7.2000000000e-01 4.4629376762e+02 8.9444020875e-14 2.9803119120e+01 4.1170000074e+01
7.3000000000e-01 4.4629377167e+02 8.0114727361e-14 2.9798696008e+01 4.2360864824e+01
7.4000000000e-01 4.4629377305e+02 8.3655433830e-14 2.9794452432e+01 4.3569503070e+01
7.5000000000e-01 4.4629377209e+02 8.9416455363e-14 2.9790593733e+01 4.4795919658e+01
7.6000000000e-01 4.4629377249e+02 8.6653173781e-14 2.9787209327e+01 4.6040123125e+01
7.7000000000e-01 4.4629377228e+02 6.8662065863e-14 2.9784265369e+01 4.7302122938e+01
7.8000000000e-01 4.4629377629e+02 6.6055937523e-14 2.9781701866e+01 4.8581927814e+01
7.9000000000e-01 4.4629377236e+02 7.3970186849e-14 2.9779449647e+01 4.9879545284e+01
8.0000000000e-01 4.4629377237e+02 8.9183739441e-14 2.9777481072e+01 5.1194981896e+01
8.1000000000e-01 4.4629377284e+02 9.4176234568e-14 2.9775822874e+01 5.2528244151e+01
8.2000000000e-01 4.4629377389e+02 9.2819956779e-14 2.9774632454e+01 5.3879340653e+01
8.3000000000e-01 4.4629377798e+02 9.7474293830e-14 2.9774260540e+01 5.5248285932e+01
8.4000000000e-01 4.4629378183e+02 9.1600868000e-14 2.9775404570e+01 5.6635107324e+01
8.5000000000e-01 4.4629378873e+02 1.0932016094e-13 2.9779308320e+01 5.8039856278e+01
8.6000000000e-01 4.4629380001e+02 1.1025157494e-13 2.9788191311e+01 5.9462629015e+01
8.7000000000e-01 4.4629379753e+02 1.1832310940e-13 2.9804848067e+01 6.0903592598e+01
8.8000000000e-01 4.4629369101e+02 1.2637303470e-13 2.9826202889e+01 6.2362946523e+01
8.9000000000e-01 4.4629320017e+02 1.1862918747e-13 2.9810265051e+01 6.3840443733e+01
9.0000000000e-01 4.4629278153e+02 1.1847198167e-13 2.9607066328e+01 6.5333384660e+01
9.1000000000e-01 4.4629545583e+02 1.3032486225e-13 2.9233648788e+01 6.6834345029e+01
9.2000000000e-01 4.4629391740e+02 1.3394793632e-13 2.9390168808e+01 6.8340857089e+01
9.3000000000e-01 4.4629279236e+02 1.3113364841e-13 2.9738224896e+01 6.9862657715e+01
9.4000000000e-01 4.4629349686e+02 1.4303550916e-13 2.9829370604e+01 7.1403802749e+01
9.5000000000e-01 4.4629376575e+02 1.4089670647e-13 2.9817584655e+01 7.2963140414e+01
9.6000000000e-01 4.4629380278e+02 1.3697326792e-13 2.9797109407e+01 7.4540056778e+01
9.7000000000e-01 4.4629379518e+02 1.3942208857e-13 2.9784608536e+01 7.6134558604e+01
9.8000000000e-01 4.4629378994e+02 1.5251926956e-13 2.9778797811e+01 7.7746769365e+01
9.9000000000e-01 4.4629378606e+02 1.4125614969e-13 2.9777018960e+01 7.9376788854e+01
