0.0000000000e+00 5.4464199091e+08 7.6554317296e-01 4.9723047954e-01 0.0000000000e+00
1.0000000000e-02 5.2514073276e+12 7.3627711787e-10 3.5009382184e+11 1.0502814656e+08
2.0000000000e-02 5.2514073276e+12 6.7882662129e-10 3.5009382184e+11 4.2011258622e+08
3.0000000000e-02 5.2514073276e+12 8.3949022195e-10 3.5009382184e+11 9.4525331899e+08
4.0000000000e-02 5.2523041159e+12 5.8208727828e-10 3.5015360773e+11 1.6804653134e+09
5.0000000000e-02 5.2523041159e+12 5.8208727828e-10 3.5015360773e+11 2.6257699784e+09
6.0000000000e-02 5.2523041159e+12 5.8212067222e-10 3.5015360773e+11 3.7811668081e+09
7.0000000000e-02 5.2523041159e+12 5.8208727828e-10 3.5015360773e+11 5.1466558024e+09
8.0000000000e-02 5.2523041159e+12 5.8212067222e-10 3.5015360773e+11 6.7222369613e+09
9.0000000000e-02 5.2523041159e+12 5.8208727828e-10 3.5015360773e+11 8.5079102849e+09
1.0000000000e-01 5.2523041159e+12 5.8212067222e-10 3.5015360773e+11 1.0503675773e+10
1.1000000000e-01 5.2523041159e+12 5.8212067222e-10 3.5015360773e+11 1.2709533426e+10
1.2000000000e-01 5.2523041159e+12 5.8212067222e-10 3.5015360773e+11 1.5125483243e+10
1.3000000000e-01 5.2523041159e+12 5.8212067222e-10 3.5015360773e+11 1.7751525226e+10
1.4000000000e-01 5.2523041159e+12 5.8212067222e-10 3.5015360773e+11 2.0587659372e+10
1.5000000000e-01 5.2523041159e+12 5.8212067222e-10 3.5015360773e+11 2.3633885684e+10
1.6000000000e-01 5.2523041159e+12 5.8212067222e-10 3.5015360773e+11 2.6890204160e+10
1.7000000000e-01 5.2523041159e+12 5.8212067222e-10 3.5015360773e+11 3.0356614800e+10
1.8000000000e-01 5.2523041159e+12 5.8212067222e-10 3.5015360773e+11 3.4033117606e+10
1.9000000000e-01 5.2523041159e+12 5.8212067222e-10 3.5015360773e+11 3.7919712576e+10
2.0000000000e-01 5.2523041159e+12 5.8212067222e-10 3.5015360773e+11 4.2016399710e+10
2.1000000000e-01 5.2523041159e+12 5.8212067222e-10 3.5015360773e+11 4.6323179009e+10
2.2000000000e-01 5.2523041159e+12 5.8212067222e-10 3.5015360773e+11 5.0840050473e+10
2.3000000000e-01 5.2523041159e+12 5.8212067222e-10 3.5015360773e+11 5.5567014102e+10
2.4000000000e-01 5.2523041159e+12 5.8212067222e-10 3.5015360773e+11 6.0504069895e+10
2.5000000000e-01 5.2523041159e+12 5.8212067222e-10 3.5015360773e+11 6.5651217853e+10
2.6000000000e-01 5.2523041159e+12 5.8212067222e-10 3.5015360773e+11 7.1008457975e+10
2.7000000000e-01 5.2523041159e+12 5.8212067222e-10 3.5015360773e+11 7.6575790262e+10
2.8000000000e-01 5.2523041159e+12 5.8212067222e-10 3.5015360773e+11 8.2353214714e+10
2.9000000000e-01 5.2523041159e+12 5.8212067222e-10 3.5015360773e+11 8.8340731330e+10
3.0000000000e-01 5.2523041159e+12 5.8212067222e-10 3.5015360773e+11 9.4538340111e+10
3.1000000000e-01 5.2523041159e+12 5.8212067222e-10 3.5015360773e+11 1.0094604106e+11
3.2000000000e-01 5.2523041159e+12 5.8212067222e-10 3.5015360773e+11 1.0756383417e+11
3.3000000000e-01 5.2523041159e+12 5.8212067222e-10 3.5015360773e+11 1.1439171944e+11
3.4000000000e-01 5.2523041159e+12 5.8212067222e-10 3.5015360773e+11 1.2142969688e+11
3.5000000000e-01 5.2523041159e+12 5.8212067222e-10 3.5015360773e+11 1.2867776649e+11
3.6000000000e-01 5.2523041159e+12 5.8212067222e-10 3.5015360773e+11 1.3613592825e+11
3.7000000000e-01 5.2523041159e+12 5.8212067222e-10 3.5015360773e+11 1.4380418219e+11
3.8000000000e-01 5.2523041159e+12 5.8212067222e-10 3.5015360773e+11 1.5168252829e+11
3.9000000000e-01 5.2523041159e+12 5.8212067222e-10 3.5015360773e+11 1.5977096655e+11
4.0000000000e-01 5.2523041159e+12 5.8212067222e-10 3.5015360773e+11 1.6806949698e+11
4.1000000000e-01 5.2523041159e+12 5.8212067222e-10 3.5015360773e+11 1.7657811957e+11
4.2000000000e-01 5.2523041159e+12 5.8212067222e-10 3.5015360773e+11 1.8529683432e+11
4.3000000000e-01 5.2523041159e+12 5.8212067222e-10 3.5015360773e+11 1.9422564125e+11
4.4000000000e-01 5.2523041159e+12 5.8212067222e-10 3.5015360773e+11 2.0336454033e+11
4.5000000000e-01 5.2523041159e+12 5.8212067222e-10 3.5015360773e+11 2.1271353158e+11
4.6000000000e-01 5.2523041159e+12 5.8212067222e-10 3.5015360773e+11 2.2227261500e+11
4.7000000000e-01 5.2523041159e+12 5.8212067222e-10 3.5015360773e+11 2.3204179058e+11
4.8000000000e-01 5.2523041159e+12 5.8212067222e-10 3.5015360773e+11 2.4202105832e+11
4.9000000000e-01 5.2523041159e+12 5.8212067222e-10 3.5015360773e+11 2.5221041823e+11
5.0000000000e-01 5.2523041159e+12 5.8212067222e-10 3.5015360773e+11 2.6260987030e+11
5.1000000000e-01 5.2523041159e+12 5.8212067222e-10 3.5015360773e+11 2.7321941454e+11
5.2000000000e-01 5.2523041159e+12 5.8212067222e-10 3.5015360773e+11 2.8403905094e+11
5.3000000000e-01 5.2523041159e+12 5.8212067222e-10 3.5015360773e+11 2.9506877951e+11
5.4000000000e-01 5.2523041159e+12 5.8212067222e-10 3.5015360773e+11 3.0630860024e+11
5.5000000000e-01 5.2523041159e+12 5.8212067222e-10 3.5015360773e+11 3.1775851314e+11
5.6000000000e-01 5.2523041159e+12 5.8212067222e-10 3.5015360773e+11 3.2941851820e+11
5.7000000000e-01 5.2523041159e+12 5.8212067222e-10 3.5015360773e+11 3.4128861543e+11
5.8000000000e-01 5.2523041159e+12 5.8212067222e-10 3.5015360773e+11 3.5336880482e+11
5.9000000000e-01 5.2523041159e+12 5.8212067222e-10 3.5015360773e+11 3.6565908638e+11
6.0000000000e-01 5.2523041159e+12 5.8212067222e-10 3.5015360773e+11 3.7815946010e+11
6.1000000000e-01 5.2523041159e+12 5.8212067222e-10 3.5015360773e+11 3.9086992598e+11
6.2000000000e-01 5.2523041159e+12 5.8212067222e-10 3.5015360773e+11 4.0379048403e+11
6.3000000000e-01 5.2523041159e+12 5.8212067222e-10 3.5015360773e+11 4.1692113424e+11
6.4000000000e-01 5.2523041159e+12 5.8212067222e-10 3.5015360773e+11 4.3026187662e+11
6.5000000000e-01 5.2523041159e+12 5.8212067222e-10 3.5015360773e+11 4.4381271117e+11
6.6000000000e-01 5.2523041159e+12 5.8212067222e-10 3.5015360773e+11 4.5757363787e+11
6.7000000000e-01 5.2523041159e+12 5.8212067222e-10 3.5015360773e+11 4.7154465675e+11
6.8000000000e-01 5.2523041159e+12 5.8212067222e-10 3.5015360773e+11 4.8572576778e+11
6.9000000000e-01 5.2523041159e+12 5.8212067222e-10 3.5015360773e+11 5.0011697098e+11
7.0000000000e-01 5.2523041159e+12 5.8212067222e-10 3.5015360773e+11 5.1471826635e+11
7.1000000000e-01 5.2523041159e+12 5.8212067222e-10 3.5015360773e+11 5.2952965388e+11
7.2000000000e-01 5.2523041159e+12 5.8212067222e-10 3.5015360773e+11 5.4455113358e+11
7.3000000000e-01 5.2523041159e+12 5.8212067222e-10 3.5015360773e+11 5.5978270544e+11
7.4000000000e-01 5.2523041159e+12 5.8212067222e-10 3.5015360773e+11 5.7522436946e+11
7.5000000000e-01 5.2523041159e+12 5.8212067222e-10 3.5015360773e+11 5.9087612565e+11
7.6000000000e-01 5.2523041159e+12 5.8212067222e-10 3.5015360773e+11 6.0673797401e+11
7.7000000000e-01 5.2523041159e+12 5.8212067222e-10 3.5015360773e+11 6.2280991453e+11
7.8000000000e-01 5.2523041159e+12 5.8212067222e-10 3.5015360773e+11 6.3909194721e+11
7.9000000000e-01 5.2523041159e+12 5.8212067222e-10 3.5015360773e+11 6.5558407206e+11
8.0000000000e-01 5.2523041159e+12 5.8212067222e-10 3.5015360773e+11 6.7228628907e+11
8.1000000000e-01 5.2523041159e+12 5.8212067222e-10 3.5015360773e+11 6.8919859825e+11
8.2000000000e-01 5.2523041159e+12 5.8212067222e-10 3.5015360773e+11 7.0632099959e+11
8.3000000000e-01 5.2523041159e+12 5.8212067222e-10 3.5015360773e+11 7.2365349310e+11
8.4000000000e-01 5.2523041159e+12 5.8212067222e-10 3.5015360773e+11 7.4119607877e+11
8.5000000000e-01 5.2523041159e+12 5.8212067222e-10 3.5015360773e+11 7.5894875660e+11
8.6000000000e-01 5.2523041159e+12 5.8212067222e-10 3.5015360773e+11 7.7691152660e+11
8.7000000000e-01 5.2523041159e+12 5.8212067222e-10 3.5015360773e+11 7.9508438877e+11
8.8000000000e-01 5.2523041159e+12 5.8212067222e-10 3.5015360773e+11 8.1346734310e+11
8.9000000000e-01 5.2523041159e+12 5.8212067222e-10 3.5015360773e+11 8.3206038959e+11
9.0000000000e-01 5.2523041159e+12 5.8212067222e-10 3.5015360773e+11 8.5086352825e+11
9.1000000000e-01 5.2523041159e+12 5.8212067222e-10 3.5015360773e+11 8.6987675908e+11
9.2000000000e-01 5.2523041159e+12 5.8212067222e-10 3.5015360773e+11 8.8910008207e+11
9.3000000000e-01 5.2523041159e+12 5.8212067222e-10 3.5015360773e+11 9.0853349722e+11
9.4000000000e-01 5.2523041159e+12 5.8212067222e-10 3.5015360773e+11 9.2817700454e+11
9.5000000000e-01 5.2523041159e+12 5.8212067222e-10 3.5015360773e+11 9.4803060402e+11
9.6000000000e-01 5.2523041159e+12 5.8212067222e-10 3.5015360773e+11 9.6809429567e+11
9.7000000000e-01 5.2523041159e+12 5.8212067222e-10 3.5015360773e+11 9.8836807948e+11
9.8000000000e-01 5.2523041159e+12 5.8212067222e-10 3.5015360773e+11 1.0088519555e+12
9.9000000000e-01 5.2523041159e+12 5.8212067222e-10 3.5015360773e+11 1.0295459236e+12
