0.0000000000e+00 9.8813129168e-324 1.1857575500e-322 3.3596463917e-322
1.0000000000e-02 1.8592841744e+03 1.0337495809e-09 2.4790458072e+03
2.0000000000e-02 1.8592841744e+03 1.0337601597e-09 2.4790458076e+03
3.0000000000e-02 1.8592841744e+03 1.0338267306e-09 2.4790458082e+03
4.0000000000e-02 1.8592841744e+03 1.0338118229e-09 2.4790458090e+03
5.0000000000e-02 1.8592841744e+03 1.0337997149e-09 2.4790458101e+03
6.0000000000e-02 1.8592841744e+03 1.0337613829e-09 2.4790458114e+03
7.0000000000e-02 1.8592841744e+03 1.0337567456e-09 2.4790458130e+03
8.0000000000e-02 1.8592841744e+03 1.0337623087e-09 2.4790458148e+03
9.0000000000e-02 1.8592841744e+03 1.0337214851e-09 2.4790458169e+03
1.0000000000e-01 1.8592841744e+03 1.0337106368e-09 2.4790458194e+03
1.1000000000e-01 1.8592841744e+03 1.0337309238e-09 2.4790458221e+03
1.2000000000e-01 1.8592841744e+03 1.0337761124e-09 2.4790458252e+03
1.3000000000e-01 1.8592841744e+03 1.0337751976e-09 2.4790458286e+03
1.4000000000e-01 1.8592841744e+03 1.0337456153e-09 2.4790458324e+03
1.5000000000e-01 1.8592841744e+03 1.0337069477e-09 2.4790458366e+03
1.6000000000e-01 1.8592841744e+03 1.0337306454e-09 2.4790458413e+03
1.7000000000e-01 1.8592841744e+03 1.0337151645e-09 2.4790458464e+03
1.8000000000e-01 1.8592841744e+03 1.0337576438e-09 2.4790458522e+03
1.9000000000e-01 1.8592841744e+03 1.0337502246e-09 2.4790458585e+03
2.0000000000e-01 1.8592841744e+03 1.0337130310e-09 2.4790458654e+03
2.1000000000e-01 1.8592841744e+03 1.0336516805e-09 2.4790458731e+03
2.2000000000e-01 1.8592841744e+03 1.0336339512e-09 2.4790458817e+03
2.3000000000e-01 1.8592841744e+03 1.0335807804e-09 2.4790458912e+03
2.4000000000e-01 1.8592841744e+03 1.0336268842e-09 2.4790459017e+03
2.5000000000e-01 1.8592841744e+03 1.0336242742e-09 2.4790459135e+03
2.6000000000e-01 1.8592841744e+03 1.0335853237e-09 2.4790459267e+03
2.7000000000e-01 1.8592841744e+03 1.0335741926e-09 2.4790459414e+03
2.8000000000e-01 1.8592841744e+03 1.0335321519e-09 2.4790459581e+03
2.9000000000e-01 1.8592841744e+03 1.0335788323e-09 2.4790459769e+03
3.0000000000e-01 1.8592841744e+03 1.0335967704e-09 2.4790459982e+03
3.1000000000e-01 1.8592841744e+03 1.0336110659e-09 2.4790460224e+03
3.2000000000e-01 1.8592841744e+03 1.0336852691e-09 2.4790460501e+03
3.3000000000e-01 1.8592841744e+03 1.0336815895e-09 2.4790460819e+03
3.4000000000e-01 1.8592841744e+03 1.0336795514e-09 2.4790461185e+03
3.5000000000e-01 1.8592841744e+03 1.0337196281e-09 2.4790461607e+03
3.6000000000e-01 1.8592841744e+03 1.0337104729e-09 2.4790462096e+03
3.7000000000e-01 1.8592841744e+03 1.0336777454e-09 2.4790462664e+03
3.8000000000e-01 1.8592841744e+03 1.0337200264e-09 2.4790463326e+03
3.9000000000e-01 1.8592841744e+03 1.0337103962e-09 2.4790464098e+03
4.0000000000e-01 1.8592841744e+03 1.0337117722e-09 2.4790465000e+03
4.1000000000e-01 1.8592841744e+03 1.0336771971e-09 2.4790466054e+03
4.2000000000e-01 1.8592841744e+03 1.0336925744e-09 2.4790467285e+03
4.3000000000e-01 1.8592841744e+03 1.0336959423e-09 2.4790468719e+03
4.4000000000e-01 1.8592841744e+03 1.0337239639e-09 2.4790470388e+03
4.5000000000e-01 1.8592841744e+03 1.0337190936e-09 2.4790472318e+03
4.6000000000e-01 1.8592841744e+03 1.0336735218e-09 2.4790474539e+03
4.7000000000e-01 1.8592841744e+03 1.0336934671e-09 2.4790477073e+03
4.8000000000e-01 1.8592841744e+03 1.0336616982e-09 2.4790479931e+03
4.9000000000e-01 1.8592841744e+03 1.0335757394e-09 2.4790483111e+03
5.0000000000e-01 1.8592841744e+03 1.0335380210e-09 2.4790486588e+03
5.1000000000e-01 1.8592841744e+03 1.0335892551e-09 2.4790490306e+03
5.2000000000e-01 1.8592841744e+03 1.0336318967e-09 2.4790494173e+03
5.3000000000e-01 1.8592841744e+03 1.0336087391e-09 2.4790498058e+03
5.4000000000e-01 1.8592841744e+03 1.0335348444e-09 2.4790501791e+03
5.5000000000e-01 1.8592841744e+03 1.0336064289e-09 2.4790505173e+03
5.6000000000e-01 1.8592841744e+03 1.0335233107e-09 2.4790507997e+03
5.7000000000e-01 1.8592841744e+03 1.0335566729e-09 2.4790510071e+03
5.8000000000e-01 1.8592841744e+03 1.0335433089e-09 2.4790511244e+03
5.9000000000e-01 1.8592841744e+03 1.0334568231e-09 2.4790511438e+03
6.0000000000e-01 1.8592841744e+03 1.0334454954e-09 2.4790510656e+03
6.1000000000e-01 1.8592841744e+03 1.0334547648e-09 2.4790508986e+03
6.2000000000e-01 1.8592841744e+03 1.0334845211e-09 2.4790506590e+03
6.3000000000e-01 1.8592841744e+03 1.0335313303e-09 2.4790503671e+03
6.4000000000e-01 1.8592841744e+03 1.0334674390e-09 2.4790500451e+03
6.5000000000e-01 1.8592841744e+03 1.0334622562e-09 2.4790497142e+03
6.6000000000e-01 1.8592841744e+03 1.0334895460e-09 2.4790493924e+03
6.7000000000e-01 1.8592841744e+03 1.0334519631e-09 2.4790490936e+03
6.8000000000e-01 1.8592841744e+03 1.0334604797e-09 2.4790488276e+03
6.9000000000e-01 1.8592841744e+03 1.0334416855e-09 2.4790486002e+03
7.0000000000e-01 1.8592841744e+03 1.0334582273e-09 2.4790484139e+03
7.1000000000e-01 1.8592841744e+03 1.0334821538e-09 2.4790482690e+03
7.2000000000e-01 1.8592841744e+03 1.0335022294e-09 2.4790481644e+03
7.3000000000e-01 1.8592841744e+03 1.0334705723e-09 2.4790480980e+03
7.4000000000e-01 1.8592841744e+03 1.0334529008e-09 2.4790480673e+03
7.5000000000e-01 1.8592841744e+03 1.0334640643e-09 2.4790480702e+03
7.6000000000e-01 1.8592841744e+03 1.0334701715e-09 2.4790481046e+03
7.7000000000e-01 1.8592841744e+03 1.0334675121e-09 2.4790481690e+03
7.8000000000e-01 1.8592841744e+03 1.0335038315e-09 2.4790482624e+03
7.9000000000e-01 1.8592841744e+03 1.0334916502e-09 2.4790483845e+03
8.0000000000e-01 1.8592841744e+03 1.0334411679e-09 2.4790485358e+03
8.1000000000e-01 1.8592841744e+03 1.0334681685e-09 2.4790487173e+03
8.2000000000e-01 1.8592841744e+03 1.0334196459e-09 2.4790489306e+03
8.3000000000e-01 1.8592841744e+03 1.0333912408e-09 2.4790491782e+03
8.4000000000e-01 1.8592841744e+03 1.0334039588e-09 2.4790494629e+03
8.5000000000e-01 1.8592841744e+03 1.0334028210e-09 2.4790497881e+03
8.6000000000e-01 1.8592841744e+03 1.0333715242e-09 2.4790501578e+03
8.7000000000e-01 1.8592841744e+03 1.0332848758e-09 2.4790505758e+03
8.8000000000e-01 1.8592841744e+03 1.0333039590e-09 2.4790510465e+03
8.9000000000e-01 1.8592841744e+03 1.0333498376e-09 2.4790515738e+03
9.0000000000e-01 1.8592841744e+03 1.0334088898e-09 2.4790521613e+03
9.1000000000e-01 1.8592841744e+03 1.0333992898e-09 2.4790528120e+03
9.2000000000e-01 1.8592841744e+03 1.0333884645e-09 2.4790535273e+03
9.3000000000e-01 1.8592841744e+03 1.0334197545e-09 2.4790543075e+03
9.4000000000e-01 1.8592841744e+03 1.0334461630e-09 2.4790551504e+03
9.5000000000e-01 1.8592841744e+03 1.0333878333e-09 2.4790560515e+03
9.6000000000e-01 1.8592841744e+03 1.0333938226e-09 2.4790570031e+03
9.7000000000e-01 1.8592841744e+03 1.0334072337e-09 2.4790579943e+03
9.8000000000e-01 1.8592841744e+03 1.0334461472e-09 2.4790590106e+03
9.9000000000e-01 1.8592841744e+03 1.0334005803e-09 2.4790600345e+03
1.0000000000e+00 1.8592841744e+03 1.0333725935e-09 2.4790610453e+03
1.0100000000e+00 1.8592841744e+03 1.0334061394e-09 2.4790620205e+03
1.0200000000e+00 1.8592841744e+03 1.0333700094e-09 2.4790629368e+03
1.0300000000e+00 1.8592841744e+03 1.0333866161e-09 2.4790637717e+03
1.0400000000e+00 1.8592841744e+03 1.0333661206e-09 2.4790645051e+03
1.0500000000e+00 1.8592841744e+03 1.0333328799e-09 2.4790651209e+03
1.0600000000e+00 1.8592841744e+03 1.0333141852e-09 2.4790656088e+03
1.0700000000e+00 1.8592841744e+03 1.0333007959e-09 2.4790659650e+03
1.0800000000e+00 1.8592841744e+03 1.0332614103e-09 2.4790661929e+03
1.0900000000e+00 1.8592841744e+03 1.0332902543e-09 2.4790663029e+03
1.1000000000e+00 1.8592841744e+03 1.0332654208e-09 2.4790663114e+03
1.1100000000e+00 1.8592841744e+03 1.0332318519e-09 2.4790662398e+03
1.1200000000e+00 1.8592841744e+03 1.0331959908e-09 2.4790661126e+03
1.1300000000e+00 1.8592841744e+03 1.0332172357e-09 2.4790659554e+03
1.1400000000e+00 1.8592841744e+03 1.0331842329e-09 2.4790657937e+03
1.1500000000e+00 1.8592841744e+03 1.0331907544e-09 2.4790656508e+03
1.1600000000e+00 1.8592841744e+03 1.0331896302e-09 2.4790655469e+03
1.1700000000e+00 1.8592841744e+03 1.0331940558e-09 2.4790654984e+03
1.1800000000e+00 1.8592841744e+03 1.0331931703e-09 2.4790655174e+03
1.1900000000e+00 1.8592841744e+03 1.0331917060e-09 2.4790656115e+03
1.2000000000e+00 1.8592841744e+03 1.0331405711e-09 2.4790657845e+03
1.2100000000e+00 1.8592841744e+03 1.0331167149e-09 2.4790660362e+03
1.2200000000e+00 1.8592841744e+03 1.0331151569e-09 2.4790663637e+03
1.2300000000e+00 1.8592841744e+03 1.0331244217e-09 2.4790667613e+03
1.2400000000e+00 1.8592841744e+03 1.0331326987e-09 2.4790672213e+03
1.2500000000e+00 1.8592841744e+03 1.0331196906e-09 2.4790677346e+03
1.2600000000e+00 1.8592841744e+03 1.0331027388e-09 2.4790682907e+03
1.2700000000e+00 1.8592841744e+03 1.0330920421e-09 2.4790688785e+03
1.2800000000e+00 1.8592841744e+03 1.0330725935e-09 2.4790694860e+03
1.2900000000e+00 1.8592841744e+03 1.0330729989e-09 2.4790701008e+03
1.3000000000e+00 1.8592841744e+03 1.0330659892e-09 2.4790707098e+03
1.3100000000e+00 1.8592841744e+03 1.0330981929e-09 2.4790712998e+03
1.3200000000e+00 1.8592841744e+03 1.0331236672e-09 2.4790718576e+03
1.3300000000e+00 1.8592841744e+03 1.0331527139e-09 2.4790723699e+03
1.3400000000e+00 1.8592841744e+03 1.0331871058e-09 2.4790728242e+03
1.3500000000e+00 1.8592841744e+03 1.0331567006e-09 2.4790732090e+03
1.3600000000e+00 1.8592841744e+03 1.0331332454e-09 2.4790735143e+03
1.3700000000e+00 1.8592841744e+03 1.0330687267e-09 2.4790737323e+03
1.3800000000e+00 1.8592841744e+03 1.0330372106e-09 2.4790738576e+03
1.3900000000e+00 1.8592841744e+03 1.0330399970e-09 2.4790738878e+03
1.4000000000e+00 1.8592841744e+03 1.0330464886e-09 2.4790738240e+03
1.4100000000e+00 1.8592841744e+03 1.0330322494e-09 2.4790736705e+03
1.4200000000e+00 1.8592841744e+03 1.0331092601e-09 2.4790734351e+03
1.4300000000e+00 1.8592841744e+03 1.0330897624e-09 2.4790731290e+03
1.4400000000e+00 1.8592841744e+03 1.0330988228e-09 2.4790727661e+03
1.4500000000e+00 1.8592841744e+03 1.0331124209e-09 2.4790723629e+03
1.4600000000e+00 1.8592841744e+03 1.0331402921e-09 2.4790719377e+03
1.4700000000e+00 1.8592841744e+03 1.0331006502e-09 2.4790715102e+03
1.4800000000e+00 1.8592841744e+03 1.0330670123e-09 2.4790711004e+03
1.4900000000e+00 1.8592841744e+03 1.0330559222e-09 2.4790707286e+03
1.5000000000e+00 1.8592841744e+03 1.0329984245e-09 2.4790704145e+03
1.5100000000e+00 1.8592841744e+03 1.0329855263e-09 2.4790701773e+03
1.5200000000e+00 1.8592841744e+03 1.0329981592e-09 2.4790700354e+03
1.5300000000e+00 1.8592841744e+03 1.0329681468e-09 2.4790700072e+03
1.5400000000e+00 1.8592841744e+03 1.0329829895e-09 2.4790701121e+03
1.5500000000e+00 1.8592841744e+03 1.0329535956e-09 2.4790703719e+03
1.5600000000e+00 1.8592841744e+03 1.0329500078e-09 2.4790708130e+03
1.5700000000e+00 1.8592841744e+03 1.0329672104e-09 2.4790714691e+03
1.5800000000e+00 1.8592841744e+03 1.0329924447e-09 2.4790723836e+03
1.5900000000e+00 1.8592841744e+03 1.0330038075e-09 2.4790736134e+03
1.6000000000e+00 1.8592841744e+03 1.0329892015e-09 2.4790752316e+03
1.6100000000e+00 1.8592841744e+03 1.0329649567e-09 2.4790773303e+03
1.6200000000e+00 1.8592841744e+03 1.0330004763e-09 2.4790800243e+03
1.6300000000e+00 1.8592841744e+03 1.0330678312e-09 2.4790834536e+03
1.6400000000e+00 1.8592841744e+03 1.0330471370e-09 2.4790877869e+03
1.6500000000e+00 1.8592841744e+03 1.0330943485e-09 2.4790932247e+03
1.6600000000e+00 1.8592841744e+03 1.0330786109e-09 2.4791000024e+03
1.6700000000e+00 1.8592841744e+03 1.0330218912e-09 2.4791083923e+03
1.6800000000e+00 1.8592841744e+03 1.0330404890e-09 2.4791187036e+03
1.6900000000e+00 1.8592841744e+03 1.0330347193e-09 2.4791312780e+03
1.7000000000e+00 1.8592841744e+03 1.0329882110e-09 2.4791464793e+03
1.7100000000e+00 1.8592841744e+03 1.0329640050e-09 2.4791646731e+03
1.7200000000e+00 1.8592841744e+03 1.0329783554e-09 2.4791861933e+03
1.7300000000e+00 1.8592841744e+03 1.0330044941e-09 2.4792112939e+03
1.7400000000e+00 1.8592841744e+03 1.0329406760e-09 2.4792400847e+03
1.7500000000e+00 1.8592841744e+03 1.0329304904e-09 2.4792724544e+03
1.7600000000e+00 1.8592841744e+03 1.0329446547e-09 2.4793079931e+03
1.7700000000e+00 1.8592841744e+03 1.0328692391e-09 2.4793459289e+03
1.7800000000e+00 1.8592841744e+03 1.0327910284e-09 2.4793851038e+03
1.7900000000e+00 1.8592841744e+03 1.0327661867e-09 2.4794240110e+03
1.8000000000e+00 1.8592841744e+03 1.0328013103e-09 2.4794609076e+03
1.8100000000e+00 1.8592841744e+03 1.0327830591e-09 2.4794940001e+03
1.8200000000e+00 1.8592841743e+03 1.0327963163e-09 2.4795216755e+03
1.8300000000e+00 1.8592841743e+03 1.0328101106e-09 2.4795427363e+03
1.8400000000e+00 1.8592841743e+03 1.0328339323e-09 2.4795565916e+03
1.8500000000e+00 1.8592841744e+03 1.0328385420e-09 2.4795633641e+03
1.8600000000e+00 1.8592841744e+03 1.0327950983e-09 2.4795638899e+03
1.8700000000e+00 1.8592841744e+03 1.0328108993e-09 2.4795596066e+03
1.8800000000e+00 1.8592841744e+03 1.0328154071e-09 2.4795523440e+03
1.8900000000e+00 1.8592841744e+03 1.0328153894e-09 2.4795440500e+03
1.9000000000e+00 1.8592841744e+03 1.0328266653e-09 2.4795365010e+03
1.9100000000e+00 1.8592841744e+03 1.0328460419e-09 2.4795310476e+03
1.9200000000e+00 1.8592841744e+03 1.0328686347e-09 2.4795284372e+03
1.9300000000e+00 1.8592841744e+03 1.0328719914e-09 2.4795287373e+03
1.9400000000e+00 1.8592841744e+03 1.0329573469e-09 2.4795313624e+03
1.9500000000e+00 1.8592841744e+03 1.0329728494e-09 2.4795351923e+03
1.9600000000e+00 1.8592841744e+03 1.0329433448e-09 2.4795387564e+03
1.9700000000e+00 1.8592841744e+03 1.0329129510e-09 2.4795404550e+03
1.9800000000e+00 1.8592841744e+03 1.0329471931e-09 2.4795387831e+03
1.9900000000e+00 1.8592841744e+03 1.0330134888e-09 2.4795325284e+03
2.0000000000e+00 1.8592841744e+03 1.0329856607e-09 2.4795209164e+03
2.0100000000e+00 1.8592841744e+03 1.0329423633e-09 2.4795036895e+03
2.0200000000e+00 1.8592841744e+03 1.0329400236e-09 2.4794811148e+03
2.0300000000e+00 1.8592841744e+03 1.0328871019e-09 2.4794539233e+03
2.0400000000e+00 1.8592841744e+03 1.0329142233e-09 2.4794231963e+03
2.0500000000e+00 1.8592841744e+03 1.0328517842e-09 2.4793902178e+03
2.0600000000e+00 1.8592841744e+03 1.0327971279e-09 2.4793563197e+03
2.0700000000e+00 1.8592841744e+03 1.0328144743e-09 2.4793227455e+03
2.0800000000e+00 1.8592841744e+03 1.0328188018e-09 2.4792905504e+03
2.0900000000e+00 1.8592841744e+03 1.0328521543e-09 2.4792605473e+03
2.1000000000e+00 1.8592841744e+03 1.0328143077e-09 2.4792332956e+03
2.1100000000e+00 1.8592841744e+03 1.0328248326e-09 2.4792091243e+03
2.1200000000e+00 1.8592841744e+03 1.0328413386e-09 2.4791881756e+03
2.1300000000e+00 1.8592841744e+03 1.0328966495e-09 2.4791704583e+03
2.1400000000e+00 1.8592841744e+03 1.0329076288e-09 2.4791559011e+03
2.1500000000e+00 1.8592841744e+03 1.0328815577e-09 2.4791444007e+03
2.1600000000e+00 1.8592841744e+03 1.0328706946e-09 2.4791358622e+03
2.1700000000e+00 1.8592841744e+03 1.0328393442e-09 2.4791302323e+03
2.1800000000e+00 1.8592841744e+03 1.0328097073e-09 2.4791275260e+03
2.1900000000e+00 1.8592841744e+03 1.0328578444e-09 2.4791278491e+03
2.2000000000e+00 1.8592841744e+03 1.0328820484e-09 2.4791314207e+03
2.2100000000e+00 1.8592841744e+03 1.0328294227e-09 2.4791385979e+03
2.2200000000e+00 1.8592841744e+03 1.0327489169e-09 2.4791499114e+03
2.2300000000e+00 1.8592841744e+03 1.0327469845e-09 2.4791661181e+03
2.2400000000e+00 1.8592841744e+03 1.0327395975e-09 2.4791882811e+03
2.2500000000e+00 1.8592841744e+03 1.0326947174e-09 2.4792178774e+03
2.2600000000e+00 1.8592841745e+03 1.0327509463e-09 2.4792569172e+03
2.2700000000e+00 1.8592841745e+03 1.0327698126e-09 2.4793080109e+03
2.2800000000e+00 1.8592841745e+03 1.0327518984e-09 2.4793742489e+03
2.2900000000e+00 1.8592841745e+03 1.0327089556e-09 2.4794586805e+03
2.3000000000e+00 1.8592841745e+03 1.0327105134e-09 2.4795631505e+03
2.3100000000e+00 1.8592841745e+03 1.0326483575e-09 2.4796864458e+03
2.3200000000e+00 1.8592841744e+03 1.0326120244e-09 2.4798222905e+03
2.3300000000e+00 1.8592841743e+03 1.0326587178e-09 2.4799586192e+03
2.3400000000e+00 1.8592841742e+03 1.0326476391e-09 2.4800798390e+03
2.3500000000e+00 1.8592841742e+03 1.0327168174e-09 2.4801719456e+03
2.3600000000e+00 1.8592841741e+03 1.0327145678e-09 2.4802268345e+03
2.3700000000e+00 1.8592841741e+03 1.0327148753e-09 2.4802417576e+03
2.3800000000e+00 1.8592841741e+03 1.0327298936e-09 2.4802157739e+03
2.3900000000e+00 1.8592841742e+03 1.0327697042e-09 2.4801494461e+03
2.4000000000e+00 1.8592841742e+03 1.0327402076e-09 2.4800485519e+03
2.4100000000e+00 1.8592841744e+03 1.0328100211e-09 2.4799258336e+03
2.4200000000e+00 1.8592841745e+03 1.0328240762e-09 2.4797976946e+03
2.4300000000e+00 1.8592841745e+03 1.0328240279e-09 2.4796791369e+03
2.4400000000e+00 1.8592841746e+03 1.0327919347e-09 2.4795809374e+03
2.4500000000e+00 1.8592841746e+03 1.0328088531e-09 2.4795098240e+03
2.4600000000e+00 1.8592841746e+03 1.0327817697e-09 2.4794703366e+03
2.4700000000e+00 1.8592841747e+03 1.0328060693e-09 2.4794671082e+03
2.4800000000e+00 1.8592841747e+03 1.0328189031e-09 2.4795070063e+03
2.4900000000e+00 1.8592841748e+03 1.0328047456e-09 2.4796007970e+03
2.5000000000e+00 1.8592841749e+03 1.0328131321e-09 2.4797629605e+03
2.5100000000e+00 1.8592841748e+03 1.0327961030e-09 2.4800038615e+03
2.5200000000e+00 1.8592841736e+03 1.0327358948e-09 2.4802924456e+03
2.5300000000e+00 1.8592841687e+03 1.0327406832e-09 2.4804115947e+03
2.5400000000e+00 1.8592841517e+03 1.0327150054e-09 2.4794618982e+03
2.5500000000e+00 1.8592841203e+03 1.0327717093e-09 2.4747182529e+03
2.5600000000e+00 1.8592841826e+03 1.0327298141e-09 2.4638163949e+03
2.5700000000e+00 1.8592842293e+03 1.0327154917e-09 2.4608570254e+03
2.5800000000e+00 1.8592841198e+03 1.0327076400e-09 2.4718054448e+03
2.5900000000e+00 1.8592841422e+03 1.0327360407e-09 2.4785652752e+03
2.6000000000e+00 1.8592841652e+03 1.0326918653e-09 2.4802839199e+03
2.6100000000e+00 1.8592841727e+03 1.0327922682e-09 2.4803339585e+03
2.6200000000e+00 1.8592841746e+03 1.0327397141e-09 2.4800436954e+03
2.6300000000e+00 1.8592841749e+03 1.0326798033e-09 2.4797611095e+03
2.6400000000e+00 1.8592841748e+03 1.0326587977e-09 2.4795489979e+03
2.6500000000e+00 1.8592841747e+03 1.0327021343e-09 2.4794012739e+03
2.6600000000e+00 1.8592841746e+03 1.0327065353e-09 2.4793007524e+03
2.6700000000e+00 1.8592841745e+03 1.0327244111e-09 2.4792325828e+03
2.6800000000e+00 1.8592841745e+03 1.0327009215e-09 2.4791861123e+03
2.6900000000e+00 1.8592841745e+03 1.0327002541e-09 2.4791541432e+03
2.7000000000e+00 1.8592841744e+03 1.0327377970e-09 2.4791319046e+03
2.7100000000e+00 1.8592841744e+03 1.0327097500e-09 2.4791162399e+03
2.7200000000e+00 1.8592841744e+03 1.0327170427e-09 2.4791050480e+03
2.7300000000e+00 1.8592841744e+03 1.0326858274e-09 2.4790969167e+03
2.7400000000e+00 1.8592841744e+03 1.0327227802e-09 2.4790908864e+03
2.7500000000e+00 1.8592841744e+03 1.0327138938e-09 2.4790862986e+03
2.7600000000e+00 1.8592841744e+03 1.0327178040e-09 2.4790826985e+03
2.7700000000e+00 1.8592841744e+03 1.0327222659e-09 2.4790797709e+03
2.7800000000e+00 1.8592841744e+03 1.0327034461e-09 2.4790772984e+03
2.7900000000e+00 1.8592841744e+03 1.0326930549e-09 2.4790751327e+03
2.8000000000e+00 1.8592841744e+03 1.0327011240e-09 2.4790731750e+03
2.8100000000e+00 1.8592841744e+03 1.0327154776e-09 2.4790713621e+03
2.8200000000e+00 1.8592841744e+03 1.0327190030e-09 2.4790696557e+03
2.8300000000e+00 1.8592841744e+03 1.0326658261e-09 2.4790680353e+03
2.8400000000e+00 1.8592841744e+03 1.0326053566e-09 2.4790664915e+03
2.8500000000e+00 1.8592841744e+03 1.0326117495e-09 2.4790650227e+03
2.8600000000e+00 1.8592841744e+03 1.0326204191e-09 2.4790636310e+03
2.8700000000e+00 1.8592841744e+03 1.0326422191e-09 2.4790623203e+03
2.8800000000e+00 1.8592841744e+03 1.0325955245e-09 2.4790610946e+03
2.8900000000e+00 1.8592841744e+03 1.0326432734e-09 2.4790599571e+03
2.9000000000e+00 1.8592841744e+03 1.0326220904e-09 2.4790589097e+03
2.9100000000e+00 1.8592841744e+03 1.0326135898e-09 2.4790579530e+03
2.9200000000e+00 1.8592841744e+03 1.0326181142e-09 2.4790570858e+03
2.9300000000e+00 1.8592841744e+03 1.0326258849e-09 2.4790563064e+03
2.9400000000e+00 1.8592841744e+03 1.0325664336e-09 2.4790556119e+03
2.9500000000e+00 1.8592841744e+03 1.0325615324e-09 2.4790549995e+03
2.9600000000e+00 1.8592841744e+03 1.0326235891e-09 2.4790544662e+03
2.9700000000e+00 1.8592841744e+03 1.0325711769e-09 2.4790540103e+03
2.9800000000e+00 1.8592841744e+03 1.0325695876e-09 2.4790536312e+03
2.9900000000e+00 1.8592841744e+03 1.0325422677e-09 2.4790533305e+03
3.0000000000e+00 1.8592841744e+03 1.0324935808e-09 2.4790531129e+03
3.0100000000e+00 1.8592841744e+03 1.0324962328e-09 2.4790529878e+03
3.0200000000e+00 1.8592841744e+03 1.0325621235e-09 2.4790529703e+03
3.0300000000e+00 1.8592841744e+03 1.0325516892e-09 2.4790530847e+03
3.0400000000e+00 1.8592841744e+03 1.0325490703e-09 2.4790533679e+03
3.0500000000e+00 1.8592841744e+03 1.0325310317e-09 2.4790538749e+03
3.0600000000e+00 1.8592841744e+03 1.0325549928e-09 2.4790546874e+03
3.0700000000e+00 1.8592841744e+03 1.0325930419e-09 2.4790559261e+03
3.0800000000e+00 1.8592841744e+03 1.0326221472e-09 2.4790577686e+03
3.0900000000e+00 1.8592841744e+03 1.0325770345e-09 2.4790604744e+03
3.1000000000e+00 1.8592841744e+03 1.0325383474e-09 2.4790644183e+03
3.1100000000e+00 1.8592841744e+03 1.0325353881e-09 2.4790701301e+03
3.1200000000e+00 1.8592841744e+03 1.0325221358e-09 2.4790783316e+03
3.1300000000e+00 1.8592841744e+03 1.0324524197e-09 2.4790899446e+03
3.1400000000e+00 1.8592841744e+03 1.0324637781e-09 2.4791060139e+03
3.1500000000e+00 1.8592841744e+03 1.0324956185e-09 2.4791274569e+03
3.1600000000e+00 1.8592841744e+03 1.0325095158e-09 2.4791545377e+03
3.1700000000e+00 1.8592841744e+03 1.0325578588e-09 2.4791860739e+03
3.1800000000e+00 1.8592841744e+03 1.0325623590e-09 2.4792186813e+03
3.1900000000e+00 1.8592841743e+03 1.0325165356e-09 2.4792467602e+03
3.2000000000e+00 1.8592841743e+03 1.0325344904e-09 2.4792639142e+03
3.2100000000e+00 1.8592841743e+03 1.0325663645e-09 2.4792655705e+03
3.2200000000e+00 1.8592841743e+03 1.0325794306e-09 2.4792512710e+03
3.2300000000e+00 1.8592841744e+03 1.0326111792e-09 2.4792249213e+03
3.2400000000e+00 1.8592841744e+03 1.0325987677e-09 2.4791928015e+03
3.2500000000e+00 1.8592841744e+03 1.0325933078e-09 2.4791608601e+03
3.2600000000e+00 1.8592841744e+03 1.0326923437e-09 2.4791329981e+03
3.2700000000e+00 1.8592841744e+03 1.0326738472e-09 2.4791108441e+03
3.2800000000e+00 1.8592841744e+03 1.0326772938e-09 2.4790944403e+03
3.2900000000e+00 1.8592841744e+03 1.0327557627e-09 2.4790830871e+03
3.3000000000e+00 1.8592841744e+03 1.0327592631e-09 2.4790759670e+03
3.3100000000e+00 1.8592841744e+03 1.0327610081e-09 2.4790725132e+03
3.3200000000e+00 1.8592841744e+03 1.0327242201e-09 2.4790726467e+03
3.3300000000e+00 1.8592841744e+03 1.0326846083e-09 2.4790770450e+03
3.3400000000e+00 1.8592841745e+03 1.0326515221e-09 2.4790876563e+03
3.3500000000e+00 1.8592841745e+03 1.0326757363e-09 2.4791088415e+03
3.3600000000e+00 1.8592841746e+03 1.0326011345e-09 2.4791499917e+03
3.3700000000e+00 1.8592841749e+03 1.0325765100e-09 2.4792316058e+03
3.3800000000e+00 1.8592841755e+03 1.0326086620e-09 2.4793988150e+03
3.3900000000e+00 1.8592841761e+03 1.0325760111e-09 2.4797416135e+03
3.4000000000e+00 1.8592841694e+03 1.0325387802e-09 2.4802950437e+03
3.4100000000e+00 1.8592840381e+03 1.0325370593e-09 2.4788539938e+03
3.4200000000e+00 1.8592830086e+03 1.0325731639e-09 2.4424385529e+03
3.4300000000e+00 1.8592842542e+03 1.0326106492e-09 2.3987248374e+03
3.4400000000e+00 1.8592837838e+03 1.0325845102e-09 2.4738701789e+03
3.4500000000e+00 1.8592841524e+03 1.0325929427e-09 2.4803706604e+03
3.4600000000e+00 1.8592841757e+03 1.0325279739e-09 2.4799446279e+03
3.4700000000e+00 1.8592841758e+03 1.0325327198e-09 2.4795041914e+03
3.4800000000e+00 1.8592841751e+03 1.0325558585e-09 2.4792813191e+03
3.4900000000e+00 1.8592841747e+03 1.0325615505e-09 2.4791730072e+03
3.5000000000e+00 1.8592841745e+03 1.0326380901e-09 2.4791185254e+03
3.5100000000e+00 1.8592841745e+03 1.0326574559e-09 2.4790898184e+03
3.5200000000e+00 1.8592841744e+03 1.0326386809e-09 2.4790740108e+03
3.5300000000e+00 1.8592841744e+03 1.0326000283e-09 2.4790649763e+03
3.5400000000e+00 1.8592841744e+03 1.0325761380e-09 2.4790596684e+03
3.5500000000e+00 1.8592841744e+03 1.0325315847e-09 2.4790565057e+03
3.5600000000e+00 1.8592841744e+03 1.0325548987e-09 2.4790546361e+03
3.5700000000e+00 1.8592841744e+03 1.0326033785e-09 2.4790535859e+03
3.5800000000e+00 1.8592841744e+03 1.0325269682e-09 2.4790530865e+03
3.5900000000e+00 1.8592841744e+03 1.0325258627e-09 2.4790529854e+03
3.6000000000e+00 1.8592841744e+03 1.0325049612e-09 2.4790531984e+03
3.6100000000e+00 1.8592841744e+03 1.0325291230e-09 2.4790536841e+03
3.6200000000e+00 1.8592841744e+03 1.0325471654e-09 2.4790544296e+03
3.6300000000e+00 1.8592841744e+03 1.0324717410e-09 2.4790554428e+03
3.6400000000e+00 1.8592841744e+03 1.0325160665e-09 2.4790567478e+03
3.6500000000e+00 1.8592841744e+03 1.0324853322e-09 2.4790583829e+03
3.6600000000e+00 1.8592841744e+03 1.0325110250e-09 2.4790603989e+03
3.6700000000e+00 1.8592841744e+03 1.0325331042e-09 2.4790628584e+03
3.6800000000e+00 1.8592841744e+03 1.0325750799e-09 2.4790658341e+03
3.6900000000e+00 1.8592841744e+03 1.0325240511e-09 2.4790694060e+03
3.7000000000e+00 1.8592841744e+03 1.0326016518e-09 2.4790736572e+03
3.7100000000e+00 1.8592841744e+03 1.0325650208e-09 2.4790786662e+03
3.7200000000e+00 1.8592841744e+03 1.0325689691e-09 2.4790844963e+03
3.7300000000e+00 1.8592841744e+03 1.0326038148e-09 2.4790911799e+03
3.7400000000e+00 1.8592841744e+03 1.0325999127e-09 2.4790987004e+03
3.7500000000e+00 1.8592841744e+03 1.0325871835e-09 2.4791069705e+03
3.7600000000e+00 1.8592841744e+03 1.0325793454e-09 2.4791158125e+03
3.7700000000e+00 1.8592841744e+03 1.0325628671e-09 2.4791249451e+03
3.7800000000e+00 1.8592841744e+03 1.0325488482e-09 2.4791339825e+03
3.7900000000e+00 1.8592841744e+03 1.0325307777e-09 2.4791424548e+03
3.8000000000e+00 1.8592841744e+03 1.0325318624e-09 2.4791498500e+03
3.8100000000e+00 1.8592841744e+03 1.0325471186e-09 2.4791556770e+03
3.8200000000e+00 1.8592841744e+03 1.0325369012e-09 2.4791595390e+03
3.8300000000e+00 1.8592841744e+03 1.0325290932e-09 2.4791612020e+03
3.8400000000e+00 1.8592841744e+03 1.0325560848e-09 2.4791606400e+03
3.8500000000e+00 1.8592841744e+03 1.0325184563e-09 2.4791580462e+03
3.8600000000e+00 1.8592841744e+03 1.0325370451e-09 2.4791538064e+03
3.8700000000e+00 1.8592841744e+03 1.0325862279e-09 2.4791484429e+03
3.8800000000e+00 1.8592841744e+03 1.0325776792e-09 2.4791425448e+03
3.8900000000e+00 1.8592841744e+03 1.0325337362e-09 2.4791367020e+03
3.9000000000e+00 1.8592841744e+03 1.0325364269e-09 2.4791314549e+03
3.9100000000e+00 1.8592841744e+03 1.0324788201e-09 2.4791272683e+03
3.9200000000e+00 1.8592841744e+03 1.0325148587e-09 2.4791245262e+03
3.9300000000e+00 1.8592841744e+03 1.0325021130e-09 2.4791235436e+03
3.9400000000e+00 1.8592841744e+03 1.0324734356e-09 2.4791245873e+03
3.9500000000e+00 1.8592841744e+03 1.0324594116e-09 2.4791279000e+03
3.9600000000e+00 1.8592841744e+03 1.0324344323e-09 2.4791337208e+03
3.9700000000e+00 1.8592841744e+03 1.0324356033e-09 2.4791423002e+03
3.9800000000e+00 1.8592841744e+03 1.0324648375e-09 2.4791539050e+03
3.9900000000e+00 1.8592841744e+03 1.0325207841e-09 2.4791688119e+03
4.0000000000e+00 1.8592841744e+03 1.0325074467e-09 2.4791872868e+03
4.0100000000e+00 1.8592841744e+03 1.0325083803e-09 2.4792095487e+03
4.0200000000e+00 1.8592841744e+03 1.0325313799e-09 2.4792357155e+03
4.0300000000e+00 1.8592841744e+03 1.0325573464e-09 2.4792657357e+03
4.0400000000e+00 1.8592841744e+03 1.0325924975e-09 2.4792993087e+03
4.0500000000e+00 1.8592841744e+03 1.0325540447e-09 2.4793358082e+03
4.0600000000e+00 1.8592841744e+03 1.0325764370e-09 2.4793742252e+03
4.0700000000e+00 1.8592841744e+03 1.0325600687e-09 2.4794131522e+03
4.0800000000e+00 1.8592841744e+03 1.0325615718e-09 2.4794508298e+03
4.0900000000e+00 1.8592841744e+03 1.0325824552e-09 2.4794852645e+03
4.1000000000e+00 1.8592841743e+03 1.0325778581e-09 2.4795144102e+03
4.1100000000e+00 1.8592841743e+03 1.0325631985e-09 2.4795363878e+03
4.1200000000e+00 1.8592841743e+03 1.0325815623e-09 2.4795497033e+03
4.1300000000e+00 1.8592841743e+03 1.0326069031e-09 2.4795534271e+03
4.1400000000e+00 1.8592841743e+03 1.0326325611e-09 2.4795473060e+03
4.1500000000e+00 1.8592841743e+03 1.0325890480e-09 2.4795317933e+03
4.1600000000e+00 1.8592841743e+03 1.0325769493e-09 2.4795079942e+03
4.1700000000e+00 1.8592841744e+03 1.0325942616e-09 2.4794775316e+03
4.1800000000e+00 1.8592841744e+03 1.0326284104e-09 2.4794423516e+03
4.1900000000e+00 1.8592841744e+03 1.0326406785e-09 2.4794045006e+03
4.2000000000e+00 1.8592841744e+03 1.0326026095e-09 2.4793659119e+03
4.2100000000e+00 1.8592841744e+03 1.0325941160e-09 2.4793282402e+03
4.2200000000e+00 1.8592841744e+03 1.0326330650e-09 2.4792927628e+03
4.2300000000e+00 1.8592841744e+03 1.0325872222e-09 2.4792603522e+03
4.2400000000e+00 1.8592841744e+03 1.0326122029e-09 2.4792315038e+03
4.2500000000e+00 1.8592841744e+03 1.0326373407e-09 2.4792064004e+03
4.2600000000e+00 1.8592841744e+03 1.0326418180e-09 2.4791849897e+03
4.2700000000e+00 1.8592841744e+03 1.0326480484e-09 2.4791670606e+03
4.2800000000e+00 1.8592841744e+03 1.0326595882e-09 2.4791523083e+03
4.2900000000e+00 1.8592841744e+03 1.0326035339e-09 2.4791403839e+03
4.3000000000e+00 1.8592841744e+03 1.0325792023e-09 2.4791309293e+03
4.3100000000e+00 1.8592841744e+03 1.0324857383e-09 2.4791235986e+03
4.3200000000e+00 1.8592841744e+03 1.0325122159e-09 2.4791180706e+03
4.3300000000e+00 1.8592841744e+03 1.0325292454e-09 2.4791140536e+03
4.3400000000e+00 1.8592841744e+03 1.0325250660e-09 2.4791112860e+03
4.3500000000e+00 1.8592841744e+03 1.0325950903e-09 2.4791095342e+03
4.3600000000e+00 1.8592841744e+03 1.0325997012e-09 2.4791085901e+03
4.3700000000e+00 1.8592841744e+03 1.0326148167e-09 2.4791082677e+03
4.3800000000e+00 1.8592841744e+03 1.0326622248e-09 2.4791083999e+03
4.3900000000e+00 1.8592841744e+03 1.0326649053e-09 2.4791088374e+03
4.4000000000e+00 1.8592841744e+03 1.0326901824e-09 2.4791094471e+03
4.4100000000e+00 1.8592841744e+03 1.0326693657e-09 2.4791101118e+03
4.4200000000e+00 1.8592841744e+03 1.0326562537e-09 2.4791107306e+03
4.4300000000e+00 1.8592841744e+03 1.0326466840e-09 2.4791112202e+03
4.4400000000e+00 1.8592841744e+03 1.0326223544e-09 2.4791115146e+03
4.4500000000e+00 1.8592841744e+03 1.0326356427e-09 2.4791115665e+03
4.4600000000e+00 1.8592841744e+03 1.0325924748e-09 2.4791113466e+03
4.4700000000e+00 1.8592841744e+03 1.0326386890e-09 2.4791108425e+03
4.4800000000e+00 1.8592841744e+03 1.0326807419e-09 2.4791100574e+03
4.4900000000e+00 1.8592841744e+03 1.0326186042e-09 2.4791090070e+03
4.5000000000e+00 1.8592841744e+03 1.0326251458e-09 2.4791077164e+03
4.5100000000e+00 1.8592841744e+03 1.0326237422e-09 2.4791062172e+03
4.5200000000e+00 1.8592841744e+03 1.0326632106e-09 2.4791045436e+03
4.5300000000e+00 1.8592841744e+03 1.0326850965e-09 2.4791027302e+03
4.5400000000e+00 1.8592841744e+03 1.0326892839e-09 2.4791008094e+03
4.5500000000e+00 1.8592841744e+03 1.0326626059e-09 2.4790988102e+03
4.5600000000e+00 1.8592841744e+03 1.0327015270e-09 2.4790967575e+03
4.5700000000e+00 1.8592841744e+03 1.0327176998e-09 2.4790946721e+03
4.5800000000e+00 1.8592841744e+03 1.0327143818e-09 2.4790925712e+03
4.5900000000e+00 1.8592841744e+03 1.0327421291e-09 2.4790904691e+03
4.6000000000e+00 1.8592841744e+03 1.0327409335e-09 2.4790883781e+03
4.6100000000e+00 1.8592841744e+03 1.0327436521e-09 2.4790863094e+03
4.6200000000e+00 1.8592841744e+03 1.0327625112e-09 2.4790842737e+03
4.6300000000e+00 1.8592841744e+03 1.0327163486e-09 2.4790822816e+03
4.6400000000e+00 1.8592841744e+03 1.0326750175e-09 2.4790803439e+03
4.6500000000e+00 1.8592841744e+03 1.0327082554e-09 2.4790784715e+03
4.6600000000e+00 1.8592841744e+03 1.0327083472e-09 2.4790766752e+03
4.6700000000e+00 1.8592841744e+03 1.0327196377e-09 2.4790749657e+03
4.6800000000e+00 1.8592841744e+03 1.0327615000e-09 2.4790733528e+03
4.6900000000e+00 1.8592841744e+03 1.0327158025e-09 2.4790718454e+03
4.7000000000e+00 1.8592841744e+03 1.0326530398e-09 2.4790704513e+03
4.7100000000e+00 1.8592841744e+03 1.0326985484e-09 2.4790691766e+03
4.7200000000e+00 1.8592841744e+03 1.0327035378e-09 2.4790680258e+03
4.7300000000e+00 1.8592841744e+03 1.0327036177e-09 2.4790670016e+03
4.7400000000e+00 1.8592841744e+03 1.0326995047e-09 2.4790661050e+03
4.7500000000e+00 1.8592841744e+03 1.0327242503e-09 2.4790653349e+03
4.7600000000e+00 1.8592841744e+03 1.0327429105e-09 2.4790646887e+03
4.7700000000e+00 1.8592841744e+03 1.0327560645e-09 2.4790641619e+03
4.7800000000e+00 1.8592841744e+03 1.0328018494e-09 2.4790637485e+03
4.7900000000e+00 1.8592841744e+03 1.0327874457e-09 2.4790634410e+03
4.8000000000e+00 1.8592841744e+03 1.0327253053e-09 2.4790632312e+03
4.8100000000e+00 1.8592841744e+03 1.0326735833e-09 2.4790631101e+03
4.8200000000e+00 1.8592841744e+03 1.0326583299e-09 2.4790630689e+03
4.8300000000e+00 1.8592841744e+03 1.0326976168e-09 2.4790630999e+03
4.8400000000e+00 1.8592841744e+03 1.0327070354e-09 2.4790631975e+03
4.8500000000e+00 1.8592841744e+03 1.0326854571e-09 2.4790633592e+03
4.8600000000e+00 1.8592841744e+03 1.0327462204e-09 2.4790635874e+03
4.8700000000e+00 1.8592841744e+03 1.0327214097e-09 2.4790638909e+03
4.8800000000e+00 1.8592841744e+03 1.0326967667e-09 2.4790642861e+03
4.8900000000e+00 1.8592841744e+03 1.0326940595e-09 2.4790647979e+03
4.9000000000e+00 1.8592841744e+03 1.0326984406e-09 2.4790654614e+03
4.9100000000e+00 1.8592841744e+03 1.0327578377e-09 2.4790663206e+03
4.9200000000e+00 1.8592841744e+03 1.0327738825e-09 2.4790674279e+03
4.9300000000e+00 1.8592841744e+03 1.0327779004e-09 2.4790688408e+03
4.9400000000e+00 1.8592841744e+03 1.0327751474e-09 2.4790706169e+03
4.9500000000e+00 1.8592841744e+03 1.0327427730e-09 2.4790728066e+03
4.9600000000e+00 1.8592841744e+03 1.0327122466e-09 2.4790754446e+03
4.9700000000e+00 1.8592841744e+03 1.0327114875e-09 2.4790785416e+03
4.9800000000e+00 1.8592841744e+03 1.0327434039e-09 2.4790820808e+03
4.9900000000e+00 1.8592841744e+03 1.0327635018e-09 2.4790860246e+03
