0.0000000000e+00 0.0000000000e+00 0.0000000000e+00 0.0000000000e+00 0.0000000000e+00
1.0000000000e-02 4.9279089273e+03 1.8512342240e-13 2.3694628840e+03 7.1112768598e-03
2.0000000000e-02 4.9279067629e+03 9.0863734427e-14 2.3449532554e+03 2.8392453453e-02
3.0000000000e-02 4.9279074069e+03 3.6781740748e-14 2.1928772708e+03 6.3083753407e-02
4.0000000000e-02 4.9279071593e+03 1.1441051619e-13 2.1003042724e+03 1.0789390782e-01
5.0000000000e-02 4.9279062440e+03 8.6579174959e-14 2.1048446163e+03 1.6098606127e-01
6.0000000000e-02 4.9279069664e+03 1.2011771708e-13 2.1091567587e+03 2.2197777369e-01
7.0000000000e-02 4.9279069103e+03 7.0894499380e-14 2.1418438485e+03 2.9052341961e-01
8.0000000000e-02 4.9279075081e+03 1.0639065137e-13 2.1563244903e+03 3.6714591348e-01
9.0000000000e-02 4.9279082073e+03 1.6799138208e-13 2.1593891223e+03 4.5180365318e-01
1.0000000000e-01 4.9279073649e+03 1.8711392018e-13 2.1795339133e+03 5.4455478623e-01
1.1000000000e-01 4.9279086308e+03 1.7888311511e-13 2.1915949200e+03 6.4577374465e-01
1.2000000000e-01 4.9279078875e+03 2.0091491080e-13 2.2045290469e+03 7.5598342627e-01
1.3000000000e-01 4.9279073488e+03 2.7160257909e-13 2.2231419159e+03 8.7596135725e-01
1.4000000000e-01 4.9279071540e+03 3.3386560638e-13 2.2100286139e+03 1.0063515751e+00
1.5000000000e-01 4.9279110912e+03 5.4930586167e-13 2.1480744976e+03 1.1456998080e+00
1.6000000000e-01 4.9279078972e+03 6.3695522010e-13 2.2024054079e+03 1.2909937569e+00
1.7000000000e-01 4.9279072727e+03 6.1318412672e-13 2.2443738059e+03 1.4447668448e+00
1.8000000000e-01 4.9279077924e+03 6.9937565138e-13 2.2066638066e+03 1.6087735444e+00
1.9000000000e-01 4.9279077151e+03 8.4859161734e-13 2.1469771090e+03 1.7804860597e+00
2.0000000000e-01 4.9279080169e+03 7.9865416375e-13 2.1640935960e+03 1.9566933265e+00
2.1000000000e-01 4.9279076470e+03 7.7965169821e-13 2.2331637158e+03 2.1382765214e+00
2.2000000000e-01 4.9279085676e+03 7.0598969525e-13 2.2317106976e+03 2.3296772488e+00
2.3000000000e-01 4.9279091804e+03 6.7725628354e-13 2.2250428499e+03 2.5311739864e+00
2.4000000000e-01 4.9279084439e+03 6.6465913856e-13 2.2389301363e+03 2.7428098744e+00
2.5000000000e-01 4.9279087555e+03 9.1907070352e-13 2.2342584786e+03 2.9657377869e+00
2.6000000000e-01 4.9279093291e+03 7.6948089753e-13 2.2324669442e+03 3.1994493560e+00
2.7000000000e-01 4.9279087022e+03 7.1999667409e-13 2.2508693463e+03 3.4435729111e+00
2.8000000000e-01 4.9279089121e+03 6.8273253138e-13 2.2550473368e+03 3.6993569506e+00
2.9000000000e-01 4.9279089142e+03 6.1737616728e-13 2.2466656304e+03 3.9673878663e+00
3.0000000000e-01 4.9279088093e+03 7.7885702083e-13 2.2288723169e+03 4.2471542982e+00
3.1000000000e-01 4.9279094937e+03 8.8367057694e-13 2.2075247111e+03 4.5375654315e+00
3.2000000000e-01 4.9279085104e+03 9.4137286572e-13 2.2115043556e+03 4.8382867090e+00
3.3000000000e-01 4.9279092253e+03 7.9363351546e-13 2.2166602634e+03 5.1487463772e+00
3.4000000000e-01 4.9279088150e+03 8.4628222387e-13 2.2351774694e+03 5.4686879244e+00
3.5000000000e-01 4.9279087759e+03 7.4439432985e-13 2.2400476231e+03 5.8000368510e+00
3.6000000000e-01 4.9279090490e+03 7.5145143405e-13 2.2263848864e+03 6.1431447289e+00
3.7000000000e-01 4.9279092196e+03 7.4876864878e-13 2.2182620501e+03 6.4964331229e+00
3.8000000000e-01 4.9279089988e+03 8.1464035013e-13 2.2265980413e+03 6.8595857840e+00
3.9000000000e-01 4.9279088586e+03 8.4175759643e-13 2.2309087645e+03 7.2336342132e+00
4.0000000000e-01 4.9279090998e+03 9.0116851465e-13 2.2249637063e+03 7.6179793611e+00
4.1000000000e-01 4.9279088616e+03 8.2345109264e-13 2.2273608260e+03 8.0103963822e+00
4.2000000000e-01 4.9279088700e+03 8.4928923676e-13 2.2291591871e+03 8.4108754874e+00
4.3000000000e-01 4.9279092511e+03 9.6325457695e-13 2.2254064932e+03 8.8203083580e+00
4.4000000000e-01 4.9279087117e+03 9.0959325041e-13 2.2277415125e+03 9.2385907939e+00
4.5000000000e-01 4.9279093416e+03 9.6139354953e-13 2.2157280206e+03 9.6662013292e+00
4.6000000000e-01 4.9279092417e+03 8.2350725310e-13 2.2162622873e+03 1.0103280039e+01
4.7000000000e-01 4.9279089705e+03 8.1159110420e-13 2.2284952430e+03 1.0550315149e+01
4.8000000000e-01 4.9279088444e+03 9.1984115599e-13 2.2322611171e+03 1.1008150294e+01
4.9000000000e-01 4.9279085493e+03 1.0287342602e-12 2.2170099537e+03 1.1476595271e+01
5.0000000000e-01 4.9279099011e+03 1.1112776797e-12 2.1882923092e+03 1.1950841574e+01
5.1000000000e-01 4.9279064896e+03 1.0696327214e-12 2.2078046270e+03 1.2423186333e+01
5.2000000000e-01 4.9279115085e+03 8.8771511382e-13 2.1413229766e+03 1.2893046844e+01
5.3000000000e-01 4.9279064916e+03 9.0049597525e-13 2.1924359683e+03 1.3345052747e+01
5.4000000000e-01 4.9279081261e+03 8.7301975098e-13 2.2108742472e+03 1.3793830912e+01
5.5000000000e-01 4.9279072550e+03 8.5219099436e-13 2.1808795748e+03 1.4250569343e+01
5.6000000000e-01 4.9279080627e+03 9.8123136416e-13 2.1490108465e+03 1.4708549673e+01
5.7000000000e-01 4.9279080086e+03 9.2513546316e-13 2.1854857057e+03 1.5161808733e+01
5.8000000000e-01 4.9279082106e+03 8.2780813637e-13 2.2131194321e+03 1.5616961087e+01
5.9000000000e-01 4.9279094412e+03 9.0004043427e-13 2.2047600376e+03 1.6080971905e+01
6.0000000000e-01 4.9279081680e+03 9.6259785932e-13 2.2186570643e+03 1.6552552547e+01
6.1000000000e-01 4.9279095583e+03 9.8955552719e-13 2.2131049076e+03 1.7031640113e+01
6.2000000000e-01 4.9279086340e+03 9.9553866383e-13 2.2249240225e+03 1.7517752866e+01
6.3000000000e-01 4.9279079037e+03 9.8424165936e-13 2.2167817852e+03 1.8013043668e+01
6.4000000000e-01 4.9279109196e+03 9.1768389231e-13 2.1772945761e+03 1.8512333622e+01
6.5000000000e-01 4.9279081247e+03 8.7604743528e-13 2.2076888857e+03 1.9005060488e+01
6.6000000000e-01 4.9279091841e+03 9.8964281533e-13 2.2115717126e+03 1.9499406897e+01
6.7000000000e-01 4.9279084134e+03 8.6144882339e-13 2.2214626313e+03 1.9996845891e+01
6.8000000000e-01 4.9279092948e+03 8.7168512975e-13 2.2073281207e+03 2.0499725001e+01
6.9000000000e-01 4.9279088214e+03 9.7003600646e-13 2.2096750796e+03 2.1006061806e+01
7.0000000000e-01 4.9279083921e+03 8.9793399652e-13 2.2119085522e+03 2.1518493375e+01
7.1000000000e-01 4.9279093831e+03 9.8652956151e-13 2.1868283578e+03 2.2039663357e+01
7.2000000000e-01 4.9279081825e+03 1.1476534307e-12 2.1891262761e+03 2.2567259534e+01
7.3000000000e-01 4.9279080396e+03 1.0662433035e-12 2.1825029992e+03 2.3099977558e+01
7.4000000000e-01 4.9279084928e+03 1.1216020510e-12 2.1648312772e+03 2.3633359545e+01
7.5000000000e-01 4.9279081432e+03 1.0400356919e-12 2.1486303903e+03 2.4162386090e+01
7.6000000000e-01 4.9279083900e+03 1.0391726416e-12 2.1724962939e+03 2.4683288383e+01
7.7000000000e-01 4.9279078959e+03 1.0542112894e-12 2.2303176795e+03 2.5199890520e+01
7.8000000000e-01 4.9279089906e+03 1.1376543689e-12 2.2302481665e+03 2.5722961404e+01
7.9000000000e-01 4.9279086882e+03 1.1892928761e-12 2.2179761982e+03 2.6255385576e+01
8.0000000000e-01 4.9279090690e+03 1.1958675152e-12 2.1901010293e+03 2.6795216392e+01
8.1000000000e-01 4.9279085194e+03 1.1679486275e-12 2.1803039649e+03 2.7334589604e+01
8.2000000000e-01 4.9279083347e+03 1.1382335655e-12 2.1810041032e+03 2.7870688850e+01
8.3000000000e-01 4.9279085836e+03 1.1164014990e-12 2.1799566482e+03 2.8401159566e+01
8.4000000000e-01 4.9279089802e+03 1.1805459941e-12 2.1847065261e+03 2.8925711615e+01
8.5000000000e-01 4.9279079380e+03 1.2903213554e-12 2.1930450054e+03 2.9449474999e+01
8.6000000000e-01 4.9279095822e+03 1.3139969365e-12 2.1853477557e+03 2.9972036281e+01
8.7000000000e-01 4.9279072807e+03 1.3290233825e-12 2.2217954023e+03 3.0487498114e+01
8.8000000000e-01 4.9279087840e+03 1.4445268395e-12 2.1958653849e+03 3.1004244453e+01
8.9000000000e-01 4.9279084758e+03 1.4226503020e-12 2.1877644191e+03 3.1524026948e+01
9.0000000000e-01 4.9279078615e+03 1.4582398009e-12 2.1957153879e+03 3.2049808937e+01
9.1000000000e-01 4.9279102093e+03 1.4307303477e-12 2.1747715725e+03 3.2580329699e+01
9.2000000000e-01 4.9279077720e+03 1.4943863216e-12 2.2108546865e+03 3.3112049893e+01
9.3000000000e-01 4.9279087959e+03 1.5319382384e-12 2.2045200708e+03 3.3648822530e+01
9.4000000000e-01 4.9279088278e+03 1.6008358420e-12 2.1905973755e+03 3.4191071263e+01
9.5000000000e-01 4.9279086168e+03 1.5464117928e-12 2.1717814411e+03 3.4736599927e+01
9.6000000000e-01 4.9279080742e+03 1.6107137680e-12 2.1773885920e+03 3.5276452614e+01
9.7000000000e-01 4.9279083020e+03 1.6681399576e-12 2.1951587365e+03 3.5807979474e+01
9.8000000000e-01 4.9279083767e+03 1.6648424467e-12 2.1883521871e+03 3.6333593070e+01
9.9000000000e-01 4.9279070994e+03 1.7677542208e-12 2.1902858438e+03 3.6844955186e+01
1.0000000000e+00 4.9279109729e+03 1.7796675479e-12 2.1445516387e+03 3.7344988553e+01
1.0100000000e+00 4.9279079996e+03 1.8095584169e-12 2.1724718368e+03 3.7840362149e+01
1.0200000000e+00 4.9279079556e+03 1.8648084304e-12 2.2060041221e+03 3.8335421336e+01
1.0300000000e+00 4.9279070208e+03 1.8766304679e-12 2.1884145783e+03 3.8834280424e+01
1.0400000000e+00 4.9279077016e+03 1.8803445115e-12 2.1779904098e+03 3.9332357823e+01
1.0500000000e+00 4.9279086276e+03 1.8059856220e-12 2.2106802535e+03 3.9826456419e+01
1.0600000000e+00 4.9279076534e+03 1.8068415541e-12 2.2178116800e+03 4.0323878159e+01
1.0700000000e+00 4.9279092938e+03 1.8085558800e-12 2.1732150334e+03 4.0824724315e+01
1.0800000000e+00 4.9279068356e+03 1.7879456397e-12 2.1960625882e+03 4.1317739168e+01
1.0900000000e+00 4.9279088002e+03 1.8074470667e-12 2.2099725049e+03 4.1813415882e+01
1.1000000000e+00 4.9279086289e+03 1.8675381836e-12 2.2182076961e+03 4.2319487537e+01
1.1100000000e+00 4.9279091389e+03 1.9095625467e-12 2.2132724667e+03 4.2834481429e+01
1.1200000000e+00 4.9279089339e+03 1.9119517243e-12 2.2219826662e+03 4.3354658649e+01
1.1300000000e+00 4.9279089653e+03 1.9601672267e-12 2.2309523243e+03 4.3880037672e+01
1.1400000000e+00 4.9279086173e+03 2.0263956096e-12 2.2312041449e+03 4.4414075055e+01
1.1500000000e+00 4.9279089179e+03 2.0557349653e-12 2.2081846395e+03 4.4956038102e+01
1.1600000000e+00 4.9279087561e+03 2.0345453644e-12 2.1821058120e+03 4.5500768624e+01
1.1700000000e+00 4.9279085624e+03 1.9569237862e-12 2.1745449098e+03 4.6046298688e+01
1.1800000000e+00 4.9279092679e+03 1.7941122872e-12 2.1727740739e+03 4.6592412289e+01
1.1900000000e+00 4.9279079691e+03 1.9065147650e-12 2.2127113356e+03 4.7136118368e+01
1.2000000000e+00 4.9279086158e+03 1.9794106869e-12 2.2399945822e+03 4.7685718087e+01
1.2100000000e+00 4.9279087819e+03 2.0721083681e-12 2.2350739195e+03 4.8248314141e+01
1.2200000000e+00 4.9279085788e+03 2.0640300022e-12 2.2146197533e+03 4.8822177970e+01
1.2300000000e+00 4.9279092091e+03 2.0977061865e-12 2.1849463542e+03 4.9400278968e+01
1.2400000000e+00 4.9279073428e+03 2.0723671239e-12 2.1791737741e+03 4.9970327220e+01
1.2500000000e+00 4.9279096477e+03 2.1075295453e-12 2.1485662471e+03 5.0524528904e+01
1.2600000000e+00 4.9279070325e+03 2.1215151236e-12 2.1638035275e+03 5.1052593236e+01
1.2700000000e+00 4.9279092594e+03 2.1177061585e-12 2.1418327672e+03 5.1553954962e+01
1.2800000000e+00 4.9279072098e+03 2.1304798464e-12 2.1714177481e+03 5.2026172494e+01
1.2900000000e+00 4.9279082159e+03 2.0899113764e-12 2.2003579509e+03 5.2491315722e+01
1.3000000000e+00 4.9279084448e+03 2.0045878016e-12 2.2061142186e+03 5.2964146412e+01
1.3100000000e+00 4.9279091066e+03 2.0090481003e-12 2.1868927852e+03 5.3444801290e+01
1.3200000000e+00 4.9279083680e+03 2.0994003409e-12 2.1874313599e+03 5.3934680427e+01
1.3300000000e+00 4.9279089966e+03 2.0915019362e-12 2.1718420648e+03 5.4432834017e+01
1.3400000000e+00 4.9279077126e+03 2.0790179716e-12 2.2028682134e+03 5.4936380175e+01
1.3500000000e+00 4.9279086085e+03 2.0537109932e-12 2.2291507176e+03 5.5449439341e+01
1.3600000000e+00 4.9279088462e+03 2.0204226030e-12 2.2357815158e+03 5.5974058717e+01
1.3700000000e+00 4.9279090643e+03 2.0458029276e-12 2.2255229476e+03 5.6510738050e+01
1.3800000000e+00 4.9279091570e+03 2.0172441468e-12 2.2138455189e+03 5.7058318373e+01
1.3900000000e+00 4.9279081991e+03 1.9834854336e-12 2.2026925221e+03 5.7614326137e+01
1.4000000000e+00 4.9279089249e+03 1.9358867577e-12 2.1869907784e+03 5.8172329718e+01
1.4100000000e+00 4.9279084193e+03 1.8202058409e-12 2.1883601917e+03 5.8729561708e+01
1.4200000000e+00 4.9279089048e+03 1.8221934619e-12 2.1921542689e+03 5.9293185888e+01
1.4300000000e+00 4.9279082097e+03 1.7997922941e-12 2.2124281795e+03 5.9865392246e+01
1.4400000000e+00 4.9279079412e+03 1.8128861923e-12 2.2023685180e+03 6.0443528058e+01
1.4500000000e+00 4.9279085716e+03 1.8078083706e-12 2.1847632076e+03 6.1019773331e+01
1.4600000000e+00 4.9279063158e+03 1.7889577114e-12 2.1678047279e+03 6.1591867530e+01
1.4700000000e+00 4.9279077086e+03 1.7921339910e-12 2.1036501753e+03 6.2158615524e+01
1.4800000000e+00 4.9279078735e+03 1.8071047617e-12 2.1264035567e+03 6.2711847218e+01
1.4900000000e+00 4.9279082759e+03 1.7525348814e-12 2.1813643202e+03 6.3262718724e+01
1.5000000000e+00 4.9279086072e+03 1.7202241411e-12 2.2049514893e+03 6.3827110111e+01
1.5100000000e+00 4.9279087200e+03 1.6428391760e-12 2.2136393674e+03 6.4402110880e+01
1.5200000000e+00 4.9279077298e+03 1.6734551778e-12 2.2045315819e+03 6.4975257777e+01
1.5300000000e+00 4.9279109672e+03 1.6567818171e-12 2.1445331360e+03 6.5535610825e+01
1.5400000000e+00 4.9279078650e+03 1.7134992112e-12 2.1475470938e+03 6.6064127703e+01
1.5500000000e+00 4.9279062101e+03 1.6693262339e-12 2.1845835417e+03 6.6567297207e+01
1.5600000000e+00 4.9279087082e+03 1.6721378832e-12 2.1765508191e+03 6.7068409244e+01
1.5700000000e+00 4.9279088530e+03 1.7503650050e-12 2.1632881451e+03 6.7575455437e+01
1.5800000000e+00 4.9279089064e+03 1.7658443289e-12 2.1678979203e+03 6.8080903408e+01
1.5900000000e+00 4.9279081090e+03 1.8178151894e-12 2.1986540587e+03 6.8586688248e+01
1.6000000000e+00 4.9279080489e+03 1.8170865686e-12 2.2125022389e+03 6.9093218888e+01
1.6100000000e+00 4.9279104677e+03 1.8986150908e-12 2.1972774304e+03 6.9595577962e+01
1.6200000000e+00 4.9279082985e+03 2.0088295672e-12 2.2327516113e+03 7.0098288967e+01
1.6300000000e+00 4.9279088640e+03 1.9261608368e-12 2.2332516068e+03 7.0610092684e+01
1.6400000000e+00 4.9279090907e+03 1.8748082179e-12 2.2160032277e+03 7.1131844210e+01
1.6500000000e+00 4.9279085552e+03 1.8852392605e-12 2.2080576012e+03 7.1658299893e+01
1.6600000000e+00 4.9279080976e+03 1.8804514001e-12 2.1888700641e+03 7.2187775165e+01
1.6700000000e+00 4.9279089266e+03 1.8215930846e-12 2.1472261102e+03 7.2716322429e+01
1.6800000000e+00 4.9279065839e+03 1.9192214870e-12 2.1666417948e+03 7.3238652759e+01
1.6900000000e+00 4.9279075433e+03 1.8554150457e-12 2.1867919307e+03 7.3763722441e+01
1.7000000000e+00 4.9279083938e+03 1.8538391733e-12 2.2101141638e+03 7.4291697700e+01
1.7100000000e+00 4.9279086693e+03 1.7930820625e-12 2.2261019932e+03 7.4822587127e+01
1.7200000000e+00 4.9279089167e+03 1.8986886673e-12 2.2198609976e+03 7.5361766293e+01
1.7300000000e+00 4.9279090981e+03 1.9473844328e-12 2.2113862788e+03 7.5907136472e+01
1.7400000000e+00 4.9279083788e+03 1.8122183864e-12 2.2082844963e+03 7.6456037218e+01
1.7500000000e+00 4.9279096764e+03 1.7691593683e-12 2.1811854451e+03 7.7008683599e+01
1.7600000000e+00 4.9279082621e+03 1.7126936733e-12 2.2023087884e+03 7.7563227400e+01
1.7700000000e+00 4.9279087089e+03 1.7094146453e-12 2.2250359990e+03 7.8126773797e+01
1.7800000000e+00 4.9279083913e+03 1.8022654283e-12 2.2223964338e+03 7.8701723880e+01
1.7900000000e+00 4.9279059023e+03 1.7573592324e-12 2.1726339463e+03 7.9282914386e+01
1.8000000000e+00 4.9279062320e+03 1.6243441633e-12 2.1475916490e+03 7.9841362737e+01
1.8100000000e+00 4.9279074300e+03 1.4832958345e-12 2.1952310529e+03 8.0374639532e+01
1.8200000000e+00 4.9279086254e+03 1.5060730840e-12 2.1745668082e+03 8.0900999070e+01
1.8300000000e+00 4.9279089001e+03 1.5272115096e-12 2.1696500863e+03 8.1415638120e+01
1.8400000000e+00 4.9279080122e+03 1.5566264369e-12 2.1877174274e+03 8.1929382483e+01
1.8500000000e+00 4.9279095646e+03 1.5573777569e-12 2.1872452300e+03 8.2451184329e+01
1.8600000000e+00 4.9279077072e+03 1.4912375648e-12 2.2155853960e+03 8.2981588829e+01
1.8700000000e+00 4.9279091729e+03 1.4543058674e-12 2.2118931321e+03 8.3523500143e+01
1.8800000000e+00 4.9279078912e+03 1.4133896791e-12 2.2100582462e+03 8.4077794751e+01
1.8900000000e+00 4.9279092230e+03 1.3875308680e-12 2.1509534283e+03 8.4636423558e+01
1.9000000000e+00 4.9279073621e+03 1.4277705161e-12 2.1635603815e+03 8.5193159946e+01
1.9100000000e+00 4.9279077864e+03 1.4395676659e-12 2.1973661742e+03 8.5748332244e+01
1.9200000000e+00 4.9279090154e+03 1.4854096346e-12 2.2037380399e+03 8.6303163115e+01
1.9300000000e+00 4.9279083479e+03 1.4051328575e-12 2.2125155868e+03 8.6861656031e+01
1.9400000000e+00 4.9279086711e+03 1.3525688863e-12 2.1939633060e+03 8.7423250728e+01
1.9500000000e+00 4.9279085885e+03 1.2942012992e-12 2.1760596554e+03 8.7982722704e+01
1.9600000000e+00 4.9279086580e+03 1.2863733690e-12 2.1548694805e+03 8.8537985012e+01
1.9700000000e+00 4.9279081175e+03 1.3898937339e-12 2.1545207619e+03 8.9089313011e+01
1.9800000000e+00 4.9279094648e+03 1.4923272156e-12 2.1685858773e+03 8.9638512171e+01
1.9900000000e+00 4.9279081134e+03 1.4934568928e-12 2.2018912428e+03 9.0185435720e+01
2.0000000000e+00 4.9279086605e+03 1.5493646925e-12 2.2089583076e+03 9.0730418309e+01
2.0100000000e+00 4.9279084350e+03 1.4994860084e-12 2.2024473800e+03 9.1270818026e+01
2.0200000000e+00 4.9279093902e+03 1.5720824516e-12 2.2000899631e+03 9.1802428200e+01
2.0300000000e+00 4.9279085635e+03 1.6593871549e-12 2.2252450336e+03 9.2328369403e+01
2.0400000000e+00 4.9279082780e+03 1.7378198690e-12 2.2239011018e+03 9.2861521041e+01
2.0500000000e+00 4.9279085117e+03 1.7821157789e-12 2.1755432673e+03 9.3404800298e+01
2.0600000000e+00 4.9279085351e+03 1.8241433380e-12 2.1692213771e+03 9.3946713461e+01
2.0700000000e+00 4.9279082803e+03 1.7769751260e-12 2.2098520554e+03 9.4483023502e+01
2.0800000000e+00 4.9279088461e+03 1.7711005945e-12 2.2136488503e+03 9.5023275923e+01
2.0900000000e+00 4.9279083565e+03 1.7572501733e-12 2.2033021627e+03 9.5570081970e+01
2.1000000000e+00 4.9279095126e+03 1.8695094532e-12 2.1836093462e+03 9.6118312112e+01
2.1100000000e+00 4.9279081733e+03 1.8050780438e-12 2.1938131139e+03 9.6662895797e+01
2.1200000000e+00 4.9279078711e+03 1.7745200249e-12 2.1723222995e+03 9.7212736337e+01
2.1300000000e+00 4.9279098011e+03 1.7922252675e-12 2.1503917143e+03 9.7766229946e+01
2.1400000000e+00 4.9279079796e+03 1.8348358704e-12 2.2016351154e+03 9.8327634563e+01
2.1500000000e+00 4.9279082277e+03 1.9461774774e-12 2.2183929065e+03 9.8899923840e+01
2.1600000000e+00 4.9279096503e+03 1.8657606285e-12 2.1818100839e+03 9.9477574748e+01
2.1700000000e+00 4.9279074349e+03 1.9711772905e-12 2.2092205634e+03 1.0004232063e+02
2.1800000000e+00 4.9279090662e+03 2.0348649284e-12 2.2229085824e+03 1.0060237715e+02
2.1900000000e+00 4.9279089209e+03 2.1381572830e-12 2.2273988815e+03 1.0116928780e+02
2.2000000000e+00 4.9279092004e+03 2.1315992488e-12 2.2218268674e+03 1.0174579692e+02
2.2100000000e+00 4.9279090289e+03 2.1216873127e-12 2.2189322420e+03 1.0233203012e+02
2.2200000000e+00 4.9279085644e+03 2.1208594130e-12 2.2146238256e+03 1.0292537205e+02
2.2300000000e+00 4.9279088476e+03 2.1924386100e-12 2.1905813226e+03 1.0352223270e+02
2.2400000000e+00 4.9279088175e+03 2.0794546840e-12 2.1672637587e+03 1.0411588088e+02
2.2500000000e+00 4.9279070352e+03 2.0766723783e-12 2.1794842476e+03 1.0470187525e+02
2.2600000000e+00 4.9279094466e+03 2.0895261415e-12 2.1583621762e+03 1.0528738232e+02
2.2700000000e+00 4.9279073879e+03 2.1933337943e-12 2.1557158140e+03 1.0587034145e+02
2.2800000000e+00 4.9279093827e+03 2.2298520536e-12 2.1561710682e+03 1.0642475616e+02
2.2900000000e+00 4.9279077776e+03 2.2569487147e-12 2.2105605570e+03 1.0693931020e+02
2.3000000000e+00 4.9279086471e+03 2.2318514354e-12 2.2237044639e+03 1.0743977855e+02
2.3100000000e+00 4.9279077053e+03 2.1309355035e-12 2.2205659486e+03 1.0793813257e+02
2.3200000000e+00 4.9279082369e+03 2.1601738803e-12 2.1842380959e+03 1.0843823881e+02
2.3300000000e+00 4.9279103655e+03 2.2146226679e-12 2.1297307576e+03 1.0893391248e+02
2.3400000000e+00 4.9279070917e+03 2.1578593110e-12 2.1504095750e+03 1.0940665118e+02
2.3500000000e+00 4.9279089801e+03 2.1367579065e-12 2.1492805370e+03 1.0986442182e+02
2.3600000000e+00 4.9279081822e+03 2.2110971000e-12 2.1591386046e+03 1.1030914982e+02
2.3700000000e+00 4.9279093823e+03 2.2279443167e-12 2.1756622275e+03 1.1074461875e+02
2.3800000000e+00 4.9279077555e+03 2.2392716993e-12 2.2167063959e+03 1.1117771991e+02
2.3900000000e+00 4.9279087721e+03 2.2931861766e-12 2.2044013497e+03 1.1161773783e+02
2.4000000000e+00 4.9279087422e+03 2.2658942924e-12 2.1780409228e+03 1.1205413091e+02
2.4100000000e+00 4.9279091288e+03 2.2574796141e-12 2.1752944270e+03 1.1247986362e+02
2.4200000000e+00 4.9279081049e+03 2.3103875479e-12 2.2046318942e+03 1.1290516456e+02
2.4300000000e+00 4.9279092066e+03 2.3734219026e-12 2.2092230989e+03 1.1333321791e+02
2.4400000000e+00 4.9279089353e+03 2.2425613494e-12 2.2186064172e+03 1.1376118067e+02
2.4500000000e+00 4.9279087677e+03 2.2353293019e-12 2.2226684488e+03 1.1419330363e+02
2.4600000000e+00 4.9279084067e+03 2.2977441041e-12 2.2082814970e+03 1.1463351164e+02
2.4700000000e+00 4.9279082466e+03 2.3775787391e-12 2.1777063107e+03 1.1507529812e+02
2.4800000000e+00 4.9279103240e+03 2.3088724190e-12 2.1429455072e+03 1.1550225855e+02
2.4900000000e+00 4.9279072717e+03 2.4086585814e-12 2.1835941957e+03 1.1589400377e+02
2.5000000000e+00 4.9279079535e+03 2.3854462211e-12 2.1958539043e+03 1.1626700250e+02
2.5100000000e+00 4.9279092235e+03 2.4773525229e-12 2.1927980245e+03 1.1663151206e+02
2.5200000000e+00 4.9279081301e+03 2.4692373625e-12 2.2141174114e+03 1.1699199654e+02
2.5300000000e+00 4.9279088277e+03 2.4127077106e-12 2.2053462298e+03 1.1735337774e+02
2.5400000000e+00 4.9279088597e+03 2.4883219985e-12 2.2014371532e+03 1.1771318954e+02
2.5500000000e+00 4.9279084605e+03 2.4711371117e-12 2.1986865298e+03 1.1807507979e+02
2.5600000000e+00 4.9279081884e+03 2.5168347569e-12 2.1763862547e+03 1.1844276993e+02
2.5700000000e+00 4.9279085267e+03 2.3967537707e-12 2.1233391171e+03 1.1881564475e+02
2.5800000000e+00 4.9279082202e+03 2.3892854042e-12 2.1176460969e+03 1.1920012091e+02
2.5900000000e+00 4.9279086936e+03 2.3661181045e-12 2.1624492882e+03 1.1958310441e+02
2.6000000000e+00 4.9279084215e+03 2.2450598621e-12 2.2091812632e+03 1.1996042346e+02
2.6100000000e+00 4.9279084432e+03 2.2474979465e-12 2.2307936904e+03 1.2034119595e+02
2.6200000000e+00 4.9279079898e+03 2.2367648764e-12 2.2092906340e+03 1.2072974613e+02
2.6300000000e+00 4.9279082683e+03 2.1231201062e-12 2.1913321058e+03 1.2112619826e+02
2.6400000000e+00 4.9279085540e+03 2.1467006560e-12 2.2040248712e+03 1.2153068817e+02
2.6500000000e+00 4.9279087562e+03 2.1926515733e-12 2.2050668650e+03 1.2194075604e+02
2.6600000000e+00 4.9279087284e+03 2.1606098517e-12 2.1972746739e+03 1.2235818451e+02
2.6700000000e+00 4.9279084638e+03 2.1764473538e-12 2.1868544181e+03 1.2279011492e+02
2.6800000000e+00 4.9279088271e+03 2.2083309414e-12 2.1767445898e+03 1.2323733384e+02
2.6900000000e+00 4.9279090829e+03 2.2421299830e-12 2.1851712631e+03 1.2368674543e+02
2.7000000000e+00 4.9279083080e+03 2.2558173685e-12 2.2146731482e+03 1.2412923762e+02
2.7100000000e+00 4.9279082795e+03 2.1819514907e-12 2.2219381527e+03 1.2457230630e+02
2.7200000000e+00 4.9279090083e+03 2.2031730459e-12 2.1834129775e+03 1.2502015488e+02
2.7300000000e+00 4.9279085466e+03 2.1796145296e-12 2.1783907645e+03 1.2544913395e+02
2.7400000000e+00 4.9279076526e+03 2.1450847370e-12 2.1889328722e+03 1.2587677981e+02
2.7500000000e+00 4.9279095796e+03 2.1972821861e-12 2.1587689420e+03 1.2632095043e+02
2.7600000000e+00 4.9279080834e+03 2.1872804300e-12 2.1767500396e+03 1.2677245092e+02
2.7700000000e+00 4.9279075459e+03 2.1329907505e-12 2.1835149944e+03 1.2722703761e+02
2.7800000000e+00 4.9279074910e+03 2.1010476915e-12 2.1975063043e+03 1.2768507587e+02
2.7900000000e+00 4.9279075135e+03 2.0725760198e-12 2.2087990199e+03 1.2814305161e+02
2.8000000000e+00 4.9279093214e+03 2.0581000198e-12 2.1729090286e+03 1.2860536268e+02
2.8100000000e+00 4.9279084605e+03 1.9544199190e-12 2.1813755035e+03 1.2907197295e+02
2.8200000000e+00 4.9279088224e+03 1.9832950287e-12 2.1894899148e+03 1.2955249278e+02
2.8300000000e+00 4.9279086100e+03 1.9445250281e-12 2.1989491248e+03 1.3004755116e+02
2.8400000000e+00 4.9279088090e+03 1.8880184641e-12 2.2025512710e+03 1.3055170929e+02
2.8500000000e+00 4.9279086164e+03 1.9515482524e-12 2.2004921961e+03 1.3105953721e+02
2.8600000000e+00 4.9279085065e+03 1.9441897808e-12 2.1850362798e+03 1.3156614246e+02
2.8700000000e+00 4.9279093128e+03 2.0205011418e-12 2.1767037872e+03 1.3207115377e+02
2.8800000000e+00 4.9279084766e+03 2.1459251301e-12 2.2047578013e+03 1.3257813822e+02
2.8900000000e+00 4.9279087154e+03 2.1921313336e-12 2.2205398972e+03 1.3308865533e+02
2.9000000000e+00 4.9279081567e+03 2.1779626381e-12 2.2161274894e+03 1.3360439054e+02
2.9100000000e+00 4.9279089214e+03 2.1691998364e-12 2.1717969974e+03 1.3413116331e+02
2.9200000000e+00 4.9279095185e+03 2.1686927763e-12 2.1633298025e+03 1.3467969248e+02
2.9300000000e+00 4.9279078101e+03 2.2080455187e-12 2.2153437434e+03 1.3524997626e+02
2.9400000000e+00 4.9279085890e+03 2.1812189740e-12 2.2158277303e+03 1.3583106869e+02
2.9500000000e+00 4.9279083603e+03 2.0915353394e-12 2.2152782229e+03 1.3640098423e+02
2.9600000000e+00 4.9279084013e+03 2.0971315487e-12 2.2150418263e+03 1.3695454338e+02
2.9700000000e+00 4.9279086626e+03 1.9651024444e-12 2.1836025438e+03 1.3749905756e+02
2.9800000000e+00 4.9279080197e+03 1.9522537965e-12 2.1483660541e+03 1.3802721807e+02
2.9900000000e+00 4.9279084182e+03 1.9727623996e-12 2.1355750964e+03 1.3852740838e+02
